$x1,$x2,$x3,$x4,$x5,$x6,$x7,$x8,$x9,$x10,$x11,$x12,$x13,$x14,$x15,$x16,$x17,>>f1,>>f2,>>f3,>>f4,>>f5,>>f6,>>f7,>>f8
0.7204545588087874, 0.8583295111318554, 0.12976074415284522, 0.36819623536516166, 0.30026807204936834, 0.0940944821019396, 0.7930389627447493, 0.42305665268083104, 0.34723126372949054, 0.36288910738278646, 0.7585047261922362, 0.9236971434458232, 0.012888870202582225, 0.9303906591217626, 0.5994920764717983, 0.8280222074092211, 0.7622157214908784
0.9399506292344958, 0.6843851659679955, 0.45020566668393425, 0.837997103239853, 0.003413555352818398, 0.1336858027597322, 0.957870211484323, 0.13130195839007908, 0.438754414416475, 0.787621857087383, 0.44954707087064705, 0.731201085985101, 0.6746408320760623, 0.5650980158879465, 0.185771524349004, 0.916915558789145, 0.36533222444572155
0.8980922771610762, 0.08257809331083688, 0.16691241987930838, 0.4895818180514092, 0.3731364519038337, 0.6028605046367015, 0.07866697867945205, 0.6359155114937464, 0.6664783164964191, 0.31939152696541984, 0.6191585445310884, 0.6053047267656446, 0.8476972073303956, 0.1435849538974291, 0.017145590703278035, 0.10442661437488387, 0.08769687013685801
0.8146880116507531, 0.04923893386519029, 0.1718053455906734, 0.5976472848441664, 0.9208348415222706, 0.9524534509542778, 0.5505374365648183, 0.07355395893420746, 0.16573265709871543, 0.27853795469208276, 0.6585308937369676, 0.6912036952932806, 0.6220397156402389, 0.21488573292150104, 0.6179097978787127, 0.5179991580533417, 0.9882790291509703
0.15605347549338322, 0.8503328536765953, 0.5076173163803545, 0.06728928399782741, 0.562579268217193, 0.3697905670859304, 0.0988187222333593, 0.6616022208338458, 0.8413161793295652, 0.5219764360907567, 0.8085919562410315, 0.10689324821039248, 0.8010519960590077, 0.5762373117156514, 0.8396068058052065, 0.5483392992135329, 0.12963855073065444
0.022612507340815546, 0.7014254471484466, 0.07734628116469466, 0.2256745222766826, 0.8401054755639501, 0.11415962675534752, 0.55139954548317, 0.3584971204491677, 0.6765018456122152, 0.3679818237121951, 0.12976620779713577, 0.678026034244569, 0.2201727630213166, 0.3238818536661232, 0.44939768098909916, 0.011106114739193651, 0.24669186076416827
0.6212936651267466, 0.37921375839966254, 0.9768994481665507, 0.08815039485629439, 0.32567122045556596, 0.6377087640879814, 0.25369527971418915, 0.14173807534903715, 0.6804474717935469, 0.2276296212086646, 0.2065058467108407, 0.5809225588267504, 0.01649733073214099, 0.9788365518235372, 0.35081608453816915, 0.5843668620179429, 0.6716743967130194
0.3416679826118938, 0.6033822765260389, 0.1444076001603074, 0.26420194813149134, 0.024891945808990013, 0.06417137208746204, 0.9977361773759063, 0.6690561211170027, 0.5289903207617856, 0.766870238699578, 0.09964285633226089, 0.1727050589344883, 0.7698347789815223, 0.11396574595648457, 0.2333475848825819, 0.8314163570383549, 0.8256668645820374
0.6618263895139709, 0.08830585881846054, 0.8250664261027475, 0.4452839152011665, 0.48073005496336607, 0.5659584935358724, 0.30779590478265606, 0.9231856749934901, 0.8406128154359728, 0.10950918663882625, 0.7588183080038091, 0.4173613777248685, 0.2225958491648763, 0.6974830695025898, 0.541908203938186, 0.6902082785224509, 0.4689264816690042
0.6125051093643892, 0.2177918265586506, 0.30762230955268854, 0.21868625455914914, 0.5883871880408111, 0.7389278770556424, 0.0521102757776174, 0.03165997298034229, 0.5258447963019222, 0.9201991211808865, 0.5111437201728307, 0.8873344520238113, 0.7299154695144227, 0.13963458371932425, 0.9926309372051823, 0.1490423334985458, 0.10010568076821447
0.9232775287935354, 0.5234773376305948, 0.16916341114338784, 0.10439203397513908, 0.9855280043445755, 0.6991677886235385, 0.14016561610945333, 0.40864720658231046, 0.3058727102813168, 0.5495580206785274, 0.8413363674264492, 0.9149076668688735, 0.4008635434674509, 0.12372924221750203, 0.15672054746819797, 0.48394512621283636, 0.009283186373239438
0.1552731454080324, 0.4898287985618157, 0.5489030239671066, 0.0031257757280470644, 0.8370252099575748, 0.20461240131618907, 0.3263884539586316, 0.7789506137084987, 0.9745397537724427, 0.6341579158332472, 0.5175653650426175, 0.2086453331019239, 0.8868806863710343, 0.7143456027098678, 0.10884374048820133, 0.4512705771248028, 0.05675749327529667
0.20326797981847322, 0.8008588752816947, 0.9448889195346432, 0.27909626224375617, 0.951605409921433, 0.1819745798334692, 0.8226041903181447, 0.9543424638248312, 0.4311611768841067, 0.20912225744533686, 0.9660818468959056, 0.49314371922926215, 0.45414465423531847, 0.7474205374336976, 0.008457648146855457, 0.9235381707476725, 0.29980032082006947
0.3401267863867802, 0.8582619275006986, 0.3424602673702054, 0.3990809609288498, 0.8250693088988501, 0.8683513310336378, 0.1680517401573125, 0.5193683925682275, 0.5198908960601565, 0.11742234593471057, 0.2925941617224028, 0.7040907666126128, 0.7689243129006919, 0.20063726226516065, 0.38023417149822336, 0.10370285907151289, 0.28563428915988
0.4197559047453141, 0.5859569467287515, 0.22952375704627803, 0.6816667407819395, 0.7716472439312839, 0.24605081515472138, 0.19147289227713737, 0.9957741957380624, 0.3483589651532385, 0.8959199363056782, 0.808221736177204, 0.6579899322847553, 0.8374303576202724, 0.5465442563388617, 0.8426682695896538, 0.054914747922845675, 0.261620660774575
0.3525985337122848, 0.4093824119956241, 0.4099180345052146, 0.15134087538198482, 0.23648329648501165, 0.40105734462446285, 0.4974110717177679, 0.06819077888197977, 0.0063007198827378375, 0.4015195825154857, 0.19116584463668929, 0.4934126945464643, 0.2465377481507206, 0.42774491514784474, 0.20527983847694797, 0.5927727274456909, 0.9153720816232364
0.11215940965979754, 0.5700219689398198, 0.9613885118253361, 0.6743103936554433, 0.8379297098302135, 0.38807407864511945, 0.9603664333041373, 0.04425020591120277, 0.3447749088148071, 0.07021061285864116, 0.9716027492076605, 0.04692459519356218, 0.8439400904315292, 0.43934982210675755, 0.8282844894201792, 0.1885189162311922, 0.9289866696962594
0.5677760478249807, 0.6342086771632577, 0.5080420306570655, 0.671403571234454, 0.37589906414533936, 0.43775699978439997, 0.23444539758412375, 0.14769719941570214, 0.18092961621585546, 0.4680153647021077, 0.565133118021954, 0.34694421872981074, 0.8373397159006739, 0.14927737957744092, 0.7859933356506226, 0.08996308997146907, 0.3044247782754851
0.16311807627358288, 0.8014242926173512, 0.46981714287828547, 0.8779188553845636, 0.6029089880059771, 0.327227217853594, 0.7541414296969847, 0.5039336668223213, 0.35874150939956206, 0.21709962380395587, 0.9480566276160316, 0.057449003527978215, 0.532005513410336, 0.33619212722026626, 0.34412152753788994, 0.09324513801429624, 0.4065270289833268
0.027609549636723574, 0.5609277698863427, 0.11705436825507143, 0.06448107660594737, 0.9122015797305347, 0.41258752798407305, 0.21350832447595092, 0.5451862231938028, 0.28509944880741533, 0.16377364683505213, 0.6186641961214432, 0.9360457921209386, 0.7873752149583654, 0.6019561736801451, 0.9694679100243674, 0.996101377434375, 0.12917471572742734
0.24242744519124937, 0.5924898290891442, 0.2863109967499555, 0.38593259905039223, 0.46279487123074314, 0.01598783895639677, 0.1781046029315957, 0.9531552704265555, 0.03947097129374033, 0.28615833083106346, 0.8125234780494689, 0.2282259193563686, 0.570109543365844, 0.5034141562875781, 0.8254492712941635, 0.8715028961193343, 0.32950386724083636
0.9079588239104048, 0.8296855931694226, 0.08570093810488022, 0.5578608424020266, 0.3659054327622683, 0.16290391802620996, 0.9188139685512722, 0.2766037352842684, 0.9113677448694045, 0.4080399097612497, 0.41136315064419327, 0.2913136840625047, 0.2761190583325155, 0.7922526024942873, 0.07213611576985779, 0.11799455905828615, 0.6957103656751947
0.7581832498300554, 0.8006757633990227, 0.44987585876449465, 0.37514378273865323, 0.9077751950248584, 0.7800679719643425, 0.12972228268861075, 0.4286807485529258, 0.13648377928123412, 0.1750483539758395, 0.4583921527978597, 0.5851218280400705, 0.522058992900026, 0.09995907505349022, 0.14981989498672033, 0.5482915862618665, 0.6866588634958457
0.14360863683909753, 0.8734731918399643, 0.6201384260530741, 0.42403135752406573, 0.9604106901375966, 0.5634178280733086, 0.6868912795702916, 0.9999405237127554, 0.45771490404325577, 0.7500596771538467, 0.867799763677954, 0.6926190935098141, 0.09155249272484722, 0.8171748105944937, 0.1618606533717547, 0.6555965103869443, 0.7977620482732364
0.6407660933680435, 0.18586110938600353, 0.8365109229560123, 0.14451921308051574, 0.20620814775334706, 0.08464818003787, 0.5006034614999962, 0.7146513881383902, 0.08120620462623318, 0.5485338143943801, 0.17577975206914476, 0.6124797966945378, 0.5479011180065307, 0.2802678664535678, 0.9855849149423577, 0.4927353500045414, 0.287221591825236
0.9931227339774538, 0.03862877058937286, 0.6383553989767893, 0.018490916194149998, 0.5442667566531311, 0.4166081955446824, 0.43122939208230937, 0.6918287815446584, 0.9760268420378205, 0.2957176561465833, 0.3247055863217939, 0.5123534260383598, 0.39391376142916323, 0.14856171623911008, 0.033052539327189656, 0.24268255330817823, 0.6722533945946955
0.8249472537458099, 0.7669682317141551, 0.25138973914747986, 0.14794155372784412, 0.6298988368953184, 0.6216756386793236, 0.5892957693717381, 0.10254913633904061, 0.7889134578245941, 0.6347804264523065, 0.5267046576626955, 0.5562541408569566, 0.4364624203510228, 0.40614368999408246, 0.577057089304067, 0.5193699733699128, 0.9925424755256825
0.2930598580084658, 0.6066515080786037, 0.37680324298095824, 0.6096286097390992, 0.09224461430410591, 0.9531524876496121, 0.8889020474835387, 0.3576474667923898, 0.49979518464888095, 0.6939971051902954, 0.5602879385811647, 0.4286951234478611, 0.5839938166617243, 0.024373021406367212, 0.4086467024213015, 0.9349320152474789, 0.5544676788544648
0.5994910997269426, 0.34971386401656557, 0.8133527047768649, 0.9837337893173627, 0.06122817487136112, 0.13796569812100223, 0.6793754357342559, 0.9716982084815652, 0.28035745118272104, 0.8061633042729541, 0.04454413201755436, 0.7475122649223868, 0.7201307245922631, 0.6700327650809814, 0.17676105030947598, 0.16131811804212126, 0.8027069196739874
0.9158389061248403, 0.9786561461138341, 0.17516737743720234, 0.7371437050550999, 0.693951748997142, 0.5986383184294386, 0.36177631333575566, 0.4712011666943091, 0.6991773648008704, 0.6615173615474622, 0.7934691490503254, 0.4494196294701971, 0.898710793902854, 0.0231484590583082, 0.22780730055451626, 0.8081950599159824, 0.5266093230771013
0.8605655344063423, 0.14473692652848136, 0.3056940855618002, 0.24494778941229078, 0.9013761036578171, 0.29811315800902927, 0.37451261577084194, 0.08499512932302922, 0.48323162640163375, 0.17354166218247258, 0.36357883785527567, 0.5560624126644352, 0.6429792694598947, 0.8648772428013627, 0.8285237776208614, 0.2531830135387432, 0.42624938509397625
0.8893662729993477, 0.7149123394818957, 0.9531234589305305, 0.16838917649100904, 0.003636695099119458, 0.6671080880112964, 0.34786849832074784, 0.6358119346891474, 0.6870343340487356, 0.9129328073068947, 0.3976852324602349, 0.8303905513559919, 0.6559161512696134, 0.17030362994163684, 0.8924592778075703, 0.7021612068647579, 0.7388252554164699
0.040945892557468944, 0.6481536696245214, 0.11450519065163556, 0.7389195828873877, 0.1525003289659026, 0.7935037587641923, 0.5522820264353956, 0.31405464348583034, 0.6784451964175886, 0.7835832255472441, 0.13282532869852615, 0.7819796061076769, 0.08749029636122663, 0.43085199839690813, 0.7753045758577762, 0.3507710656432066, 0.751897614721149
0.8505725412844362, 0.07100382315754594, 0.9607147044217322, 0.8603174174414928, 0.26457793218878545, 0.19420115458090703, 0.06577826667001196, 0.5646873280879208, 0.2278468742698221, 0.9545950398300734, 0.6894685199365096, 0.8433194726082591, 0.7331610768704347, 0.4931562945043183, 0.8776683971472957, 0.330592514862426, 0.7303265915263487
0.4709751281022365, 0.43925820529932114, 0.9320014402324426, 0.6320136958001124, 0.34485741911652823, 0.43299334472345474, 0.6634216671509848, 0.20277640545375675, 0.11966008357421931, 0.6879352260045768, 0.6363807380525959, 0.9774846151183688, 0.7213528909628054, 0.30123782510371366, 0.852433686523965, 0.6884114688180835, 0.12260245843296425
0.644804733113935, 0.41187570068775603, 0.1930362851707561, 0.36486980671418734, 0.04932803693434962, 0.658761751659357, 0.6533957420970518, 0.27367121671329486, 0.08085764068918233, 0.6614688578924931, 0.40656415698230197, 0.03460201016003639, 0.9791833457574796, 0.940039386472138, 0.573106161521984, 0.38270783072577796, 0.06800969274421709
0.8070510285093132, 0.7766913287261461, 0.6980006918645967, 0.2815501389488191, 0.9115368969625925, 0.5133474573944609, 0.7228602162868676, 0.9599275889272126, 0.10776184017904111, 0.8987433373093586, 0.2536368212211042, 0.5030370305216763, 0.7436461191326545, 0.9299098796174731, 0.6819134903341572, 0.6383351798348577, 0.5185374885272608
0.26220961116933283, 0.15522732210152546, 0.4879178135591188, 0.23306860522966222, 0.7810702260219405, 0.6569393465453596, 0.9787759053740214, 0.7738715666736726, 0.8790518981485104, 0.19726130608529135, 0.6437927598406147, 0.48250047098709237, 0.5305655214457974, 0.11170524772823054, 0.2240881092162158, 0.6191462637858156, 0.07159021361511864
0.1977877643954069, 0.86322762968148, 0.7829791286454887, 0.9563935659792903, 0.7735401446170004, 0.586557112479607, 0.5058480908773676, 0.17239764743377417, 0.34816474540526343, 0.5595254576263442, 0.5230836805373537, 0.5000714085965113, 0.40023377478047073, 0.5869997480858458, 0.6069738811833286, 0.9066579638257312, 0.6429800997747124
0.6844130361512022, 0.492456410856681, 0.8586253232850576, 0.6335289164131674, 0.3842231716876099, 0.26369050016913553, 0.5010499331201976, 0.3015213376974507, 0.6527870909034476, 0.8182591854413855, 0.09665137064300111, 0.5730623037532842, 0.777120729747504, 0.9130608292220262, 0.5758964131420946, 0.27631352170319234, 0.7178563712671162
0.6986988937093004, 0.8049414707229036, 0.743983150022194, 0.013659590182290016, 0.42856764468063546, 0.3521653711734205, 0.4383666914389205, 0.9935523017576213, 0.38072038803336616, 0.3233187164530107, 0.10738650126049099, 0.5902715183835339, 0.3848141144441024, 0.805236788572045, 0.7671519098594273, 0.21289255158381104, 0.623053522747331
0.4256050087050899, 0.06429709825583785, 0.08641834020793371, 0.135472453652416, 0.08617017823723006, 0.8474441224789842, 0.6794826336983983, 0.23600010929115345, 0.5602898311354513, 0.8735048907310827, 0.5595470778300975, 0.7832826321840757, 0.32967478637795766, 0.3004760484888699, 0.3686786484549527, 0.43825949031640277, 0.9057423306813803
0.1974092153409155, 0.8883767626630843, 0.0861417704416827, 0.1618224467682965, 0.49895314005141844, 0.4438330595024942, 0.5852193640988084, 0.8393493606700773, 0.18944473727787303, 0.4058366652152058, 0.6797830567357459, 0.7758181544616298, 0.5891950076894613, 0.24065753315922755, 0.38467328855395555, 0.49448136389993047, 0.2962623356708085
0.8075197405672547, 0.27893826879270056, 0.7695049469240233, 0.5656856643414789, 0.048260833442645645, 0.8142059837565241, 0.4795301034134588, 0.6435249159189994, 0.31714931203810126, 0.9502119457137523, 0.5421663766401149, 0.13441242815418153, 0.7153003240639393, 0.4481586641405938, 0.9679108797197997, 0.6503804685648386, 0.038550278133556715
0.14394458349258188, 0.3922260949818601, 0.3139353744715102, 0.42547902863253173, 0.32992353664925966, 0.4549896268380378, 0.5412884119147006, 0.21112809211006933, 0.5074710352046898, 0.8652082921942328, 0.1595534211206613, 0.8213022509953183, 0.32463052300219275, 0.830102971836813, 0.8414062720988186, 0.3516820544504772, 0.6815061311569705
0.6970297938277181, 0.15376343574992146, 0.6977559930773946, 0.8406950210438586, 0.8921071952254677, 0.8259260025628934, 0.3367444241532931, 0.0632865174242151, 0.17521994285158593, 0.9116134871231697, 0.37839761017478857, 0.04986181484624452, 0.21304215103591273, 0.49646723048005525, 0.24456831996310724, 0.6117337307794929, 0.04360740322784462
0.3712715963770128, 0.2648007291367054, 0.04791939760366093, 0.4483135286384524, 0.6380325953557825, 0.3237332015965536, 0.7660140240948878, 0.5991888963709018, 0.6982716676154564, 0.8019168844303487, 0.21766767025811617, 0.28693794737243994, 0.25954375647619843, 0.7035263535997566, 0.8544243854617593, 0.7646017129740298, 0.04447305828869008
0.41067934605224177, 0.1608391002799915, 0.01814739816069355, 0.041442669689305545, 0.7638091880021711, 0.7010913447230124, 0.22672987541931966, 0.4397560126342658, 0.32565678328518655, 0.8871286197457598, 0.24075755009737376, 0.07413553332910172, 0.5480056006269071, 0.5385303619960364, 0.0849138396419381, 0.11040417365668342, 0.4681649473157561
0.6684366064484416, 0.18667816316753671, 0.35852292278458764, 0.5822801690211671, 0.6955830717415873, 0.4891583017632767, 0.8370103119481759, 0.5125476226648025, 0.29959893731793164, 0.8554109791147687, 0.6241652991157638, 0.7583201571054964, 0.8764829740725314, 0.3427400448387693, 0.8488275948088345, 0.2856848375874006, 0.9447376356282539
0.8877037336573425, 0.1786236240739575, 0.18555062051643934, 0.33418516018462596, 0.6751252690779989, 0.6631519913970592, 0.7030798144921617, 0.8223313793274231, 0.8654165965296482, 0.8334756701447353, 0.6286049699610794, 0.694874536819345, 0.19669719680678288, 0.6650439371418224, 0.9438118292091798, 0.8363519408913463, 0.10201301619385073
0.52818427671164, 0.8264086895838589, 0.3323522763022373, 0.4420599379287268, 0.9305674182485046, 0.3369164970765297, 0.9663283746693838, 0.0669294296104882, 0.6535280286474149, 0.7931139004135755, 0.4631848464227064, 0.8704373847305078, 0.25792278216546327, 0.3980373510158486, 0.2979971896423884, 0.050533774155290034, 0.03956163998988671
0.08796187485197493, 0.06495362472499211, 0.4236979832531944, 0.10851025130647662, 0.7087516330755648, 0.7736260846013342, 0.47800540980545514, 0.35571826436881315, 0.9188434825500112, 0.8382968260449153, 0.2904918782665781, 0.4291421474897835, 0.549791078122573, 0.594687691758504, 0.21684268959061226, 0.0789981708427665, 0.7791006112788238
0.3589533812519565, 0.4487279649457673, 0.9724195060664851, 0.993032162525543, 0.5883440813006474, 0.511757886499835, 0.9367470113083769, 0.11442456635274423, 0.8239069934232849, 0.2647578134215629, 0.13206194565689044, 0.18432849431751386, 0.943889391339093, 0.4467503620448381, 0.7948400259295406, 0.6438348762579484, 0.7442459540659319
0.27266170625026187, 0.40376184840023166, 0.2367848956534625, 0.8748913616974558, 0.08255833211270991, 0.24990190506062915, 0.5627621939307011, 0.5819622833467594, 0.7202025388944212, 0.7288470181766306, 0.8452299697622956, 0.08389161660570843, 0.740633349577992, 0.2721712352565976, 0.42607352663839615, 0.2733645971412282, 0.8014898409672908
0.678964728376145, 0.23158874087603432, 0.4054917691247302, 0.12113208338403225, 0.577266682056638, 0.3234986608417877, 0.3301600425055303, 0.42028818322899986, 0.2891459229589912, 0.5619862561545499, 0.486676263780884, 0.9805764751195416, 0.8119858313397967, 0.6150972066189534, 0.8689075112834654, 0.5010835853755919, 0.21644995746398643
0.5023184760593183, 0.8999111154860555, 0.45400493794538055, 0.6008362625079177, 0.9373222231802021, 0.12084783880881123, 0.7840224680811821, 0.5006732734690692, 0.6757056157574421, 0.6144477986457864, 0.12679210531594787, 0.5183597626978467, 0.4254071965048267, 0.8943874338231536, 0.8491706305100631, 0.48311137606816823, 0.15338804330156108
0.19789739084560432, 0.12073926492713627, 0.6266338627745174, 0.033072904496546984, 0.6684086446843497, 0.46474794257929897, 0.20324662480411593, 0.038505722058108094, 0.07390441870648523, 0.205740993647044, 0.33974276681283233, 0.06017775399713399, 0.5852204402969847, 0.22969228417989174, 0.06654329098189238, 0.5578296703341552, 0.8609474456303987
0.39103792532238246, 0.40752648208293785, 0.3706839524028671, 0.23909174068625139, 0.853121154709146, 0.8968965607004956, 0.02875106600335664, 0.31131149679930614, 0.10360950637088617, 0.04316365516449672, 0.8507864199147988, 0.024011514890623697, 0.38402345815038874, 0.42657410313659194, 0.8184805243999188, 0.0019924125596616493, 0.42105336789114833
0.9001659721994352, 0.517995863439785, 0.499565484617997, 0.10261700440772847, 0.32731780603650873, 0.39470228124941986, 0.29009655858293293, 0.7031121021753732, 0.9380999994075245, 0.39340307050242895, 0.6986118130205515, 0.03501565311810373, 0.6861542553069274, 0.8907997995105289, 0.9544375656045431, 0.5247910019177905, 0.010145162278026532
0.5434547566485893, 0.19962216305249836, 0.8403264758897426, 0.5898327347961774, 0.9776118469309135, 0.9726693336942973, 0.055222623318017416, 0.9334627066448064, 0.6684517540963154, 0.25597863538144006, 0.973888275460665, 0.5877876186493773, 0.9633681930031222, 0.6076147417406188, 0.08052204367773863, 0.9897332040803662, 0.27573792904475714
0.04544549864934189, 0.7299323777805594, 0.6839205655176327, 0.33373335815648986, 0.66234852870379, 0.442002366109585, 0.4538827008468258, 0.7528834213626063, 0.026239400144570046, 0.1468076070125357, 0.012711590983330967, 0.5049500242145131, 0.09040960251324526, 0.7113698802758935, 0.1716571203638697, 0.8055504594496409, 0.019800488484149836
0.02662122112687426, 0.16725876356051605, 0.2095179484036247, 0.6176866646153403, 0.231778005877187, 0.5042877999155708, 0.7499196608759643, 0.5876992420714346, 0.08959881437769723, 0.4640168671261443, 0.9055239827510124, 0.05826089059259698, 0.19547833270521253, 0.6830598037394379, 0.25312647396873367, 0.8419529327129562, 0.3321159643337839
0.10655559212854815, 0.3221837432079899, 0.7997060757208599, 0.861352225988509, 0.27027599091665666, 0.21481488679090455, 0.2536697857601893, 0.8512408578283097, 0.3910623945908911, 0.8590363526653118, 0.6176815182833915, 0.14296430626090761, 0.0002889923412338069, 0.33318979410970617, 0.03996287242191643, 0.3848764371793848, 0.9954350299095107
0.04909342659838356, 0.08085806022710562, 0.5771374228447653, 0.6806232508631849, 0.5348770389555416, 0.516815243718171, 0.3276884786552272, 0.08772494140105469, 0.5077166883259917, 0.7336610225094743, 0.46721767113082446, 0.3331837942660355, 0.21046173994105244, 0.9229610587331171, 0.5835938671950808, 0.5992103760790569, 0.9949505454813355
0.38506321382108677, 0.3350117045317731, 0.4379673563410251, 0.5412912271719847, 0.6331010196865015, 0.556532759940133, 0.5079366865527525, 0.12555485942931177, 0.8623709267664817, 0.5270776563261951, 0.1569509175090691, 0.05212217461126434, 0.6171722892119088, 0.0945623770728955, 0.6632194242954929, 0.5524897911323707, 0.32902182866380303
0.6178449729475411, 0.6124277215136374, 0.48125043364788034, 0.5114479285251418, 0.2563355731755763, 0.7583053681009748, 0.9513393075420422, 0.2333690249133178, 0.8106612315665136, 0.07958148712230306, 0.43028756443126015, 0.8285846496369785, 0.21054956828527005, 0.8971769363799261, 0.4402766456879502, 0.4200634636874774, 0.29050116083349
0.9449665678274208, 0.7871866676071094, 0.5630585930199613, 0.3019338012615904, 0.7456763486597839, 0.8135908007017026, 0.8458895424408547, 0.8987210981484561, 0.2679376055690854, 0.33995008358985224, 0.9949685538837174, 0.8258277757361226, 0.8587335123147462, 0.12824974084361718, 0.1927214701876666, 0.29171203759626985, 0.985422307647363
0.9239201502216277, 0.16098866445279025, 0.05959740969631977, 0.9692818018709896, 0.3477783655455825, 0.07544369734371692, 0.6137997872062629, 0.35660327185392804, 0.6229497402545788, 0.0033338416861086184, 0.8120732053614212, 0.851494557077056, 0.28613782985441816, 0.061266103703240704, 0.024566906471845673, 0.18094127395289228, 0.7839068164223126
0.4316460491180275, 0.6540561344449837, 0.2387796493128389, 0.16456551335425051, 0.789180047368484, 0.7225367841226144, 0.2697609109098411, 0.6316732881278626, 0.7850270588240799, 0.5577136313509541, 0.0512733865158711, 0.022242612662764283, 0.83877429790052, 0.7622117167674318, 0.8392167777496813, 0.7323684252551398, 0.10077261988929076
0.466629253745826, 0.19864666955410337, 0.154797884944469, 0.7251215466730536, 0.14124682347696704, 0.07527972767455426, 0.9169193616119505, 0.7473785774363997, 0.7381706452089184, 0.9925898842786688, 0.8504874311651326, 0.845227586476057, 0.1111775185873094, 0.3725778299609138, 0.5885411285355152, 0.4168225584198325, 0.7535523031500958
0.6287046134824529, 0.19187445798446512, 0.6786383933613873, 0.6478318941611316, 0.4140368226824068, 0.8072009770774815, 0.7183362982309884, 0.5799219223917096, 0.15450375426033125, 0.2387270344713427, 0.7710388042645167, 0.44591537759291877, 0.4081794994982799, 0.6022385944113201, 0.8955485955698188, 0.4181891120017701, 0.28033423755456
0.3560347764785753, 0.3850412165107655, 0.965871061475818, 0.6757856188759157, 0.026233412054081473, 0.053655998183533726, 0.9058188875408822, 0.709774619528946, 0.015408186771412424, 0.9891641404140198, 0.3035461167383182, 0.6651530212639754, 0.5915391860918475, 0.17863048626838118, 0.8611533700637997, 0.8613715176967481, 0.9866313090680403
0.4157553815444839, 0.6635981332077933, 0.6397510325899789, 0.32293618362798093, 0.38585906704791373, 0.5179000122660262, 0.48506939007952465, 0.5273938723331578, 0.45587947485129976, 0.3258546604559046, 0.2610691948222168, 0.25220642342591415, 0.8438742557804394, 0.7393417118935869, 0.6261995778447866, 0.9777546444426759, 0.8481222664684415
0.8794591892655934, 0.9400933184097457, 0.12270423161383182, 0.1393898838250338, 0.7986813697159522, 0.032861231337976915, 0.020544712291244327, 0.8768105501808692, 0.903679413345078, 0.026792893906108395, 0.6856351884555253, 0.9014384990730325, 0.9763204990760007, 0.9787701946816342, 0.3174579606217003, 0.039138642445713856, 0.2748846915992378
0.7175662233810159, 0.7745879102328673, 0.14030488237170236, 0.5328977512198556, 0.10470704815801835, 0.4343324538642125, 0.0014075592136302273, 0.9315856904125002, 0.5529546691316047, 0.2600870336708888, 0.17477633270476756, 0.43042950597963714, 0.9900079380620288, 0.4661721206712294, 0.4443235812132942, 0.08214907067961419, 0.7689033308228147
0.9491733103450631, 0.10803341766389563, 0.03737612280012381, 0.4611232588317511, 0.07087241258258947, 0.6417093675653216, 0.6039184572752744, 0.7921586266614338, 0.9726014985248775, 0.9551658543966703, 0.7095256771454395, 0.7750031057967425, 0.9664650405672746, 0.6154378627116298, 0.500243990168614, 0.8084125211955812, 0.8225345940524179
0.5395595814878198, 0.9917856902182838, 0.27910582612584445, 0.020573583474366997, 0.3937077296569813, 0.7455146670479507, 0.1465292657856999, 0.0781786475149785, 0.80722040564439, 0.4282108023420619, 0.16787128902668602, 0.4397750629125431, 0.47254227965840057, 0.8794467859678109, 0.516576996098008, 0.5647403121669322, 0.9854745821628182
0.5873345566476885, 0.10716662752602424, 0.5807609985911654, 0.03305150289104164, 0.25183292996517115, 0.33709545400208707, 0.0044443231705983965, 0.1988444502144331, 0.2128900770790204, 0.4413521675223092, 0.31437332637414384, 0.692843422991316, 0.7765854935569991, 0.2337949046519774, 0.9808659327627852, 0.7760512687099304, 0.6811648280644088
0.7920481003563362, 0.08633047268394056, 0.9639285776389225, 0.41709273161419247, 0.08428256718727967, 0.8183542043991003, 0.7867460178903039, 0.04646820986895783, 0.5975752388194563, 0.9632797058339985, 0.9891427227364751, 0.8855631519638314, 0.799417285959439, 0.5744497284134579, 0.19980018956314172, 0.9232107396416627, 0.06644889148076638
0.42210463724382263, 0.9174170210725595, 0.5485259129407869, 0.8369481400341289, 0.16284698444186008, 0.8888471039478939, 0.9167864594932398, 0.87140173703266, 0.03881507035789644, 0.8055566694251077, 0.1267508159313283, 0.1594302090382872, 0.8758846460101806, 0.29111411612279436, 0.527176329554118, 0.7682410578182415, 0.18111902219520004
0.02734093078767763, 0.024227573714047712, 0.45983950974796883, 0.13543224945540566, 0.5135282240515693, 0.8775067753099646, 0.3136834395718714, 0.2138361355059083, 0.05895296002295103, 0.49651943899743034, 0.14348648282602705, 0.6655099418379826, 0.2966749885202541, 0.1139189541796708, 0.5552311575312636, 0.00468460473855048, 0.5278936265210435
0.9866055908402607, 0.8534984831753332, 0.8022719206440597, 0.06080637258062627, 0.48097042574600435, 0.9002896319558689, 0.3759419542543042, 0.28962700146040987, 0.0405309489442075, 0.5149213089658911, 0.8118008140161534, 0.17630247235976038, 0.7299868913943356, 0.37555162239397466, 0.5594482157909014, 0.016616387804972432, 0.11980428557027267
0.09543795630649599, 0.5261579839116709, 0.29652363866809905, 0.07530474677846577, 0.7995427161591128, 0.404687347213738, 0.01097335848727199, 0.3199090829757497, 0.767932548292895, 0.7557125783132913, 0.44894374845803164, 0.039462003316307226, 0.20958671999775857, 0.5178028090907352, 0.9073482349214426, 0.7630392534236397, 0.3578363100160237
0.9238360839162838, 0.6933675370241283, 0.10230447389347452, 0.3302805988922435, 0.7098743880290473, 0.8169960422981138, 0.936267895987934, 0.3258431197787338, 0.8104875230764624, 0.020017280057470832, 0.23422059561855757, 0.5555062777871731, 0.6991352200323346, 0.7375007592178414, 0.7190857449375406, 0.09844715510570823, 0.41263334730242174
0.7316706074951987, 0.19472526268372048, 0.8373391617230012, 0.1384809304324105, 0.9420855097349488, 0.6554137780694157, 0.7438718284939569, 0.39342135608807005, 0.9886656406160156, 0.37583798067703766, 0.6611311895307657, 0.46171712631292605, 0.1695943840207489, 0.7452318842461876, 0.5647880966570317, 0.37579403297148395, 0.6321265286762846
0.49175313702741064, 0.35142443215596864, 0.42320389392126967, 0.41783405056537304, 0.7561116820100618, 0.7095152901836941, 0.9783600576181803, 0.23152309453914177, 0.8341331730920832, 0.05703002639195476, 0.835424241414815, 0.8627088046216499, 0.39415825627827517, 0.16359268596722754, 0.9686340313087316, 0.5343723230283188, 0.19017299003045895
0.7793032991426542, 0.13033336598166723, 0.44522783991775516, 0.5786509563783448, 0.6471464619485303, 0.7862333253402105, 0.18373314297776355, 0.1335873047380679, 0.9221770037012033, 0.3830383555013298, 0.04539718526402048, 0.4564907296264358, 0.09203806062374509, 0.3782324634015646, 0.01624040763019896, 0.6228636397959346, 0.1506917709083695
0.0937393023404326, 0.660983830622653, 0.0052057043472066855, 0.43044790881102135, 0.6529706864769985, 0.7800310088180481, 0.7049015972040192, 0.5795140501892768, 0.8414583742969114, 0.9667935643892853, 0.5193981251957198, 0.9911295108443682, 0.08739500254478283, 0.6374806150825427, 0.11594079449473838, 0.9333772919434681, 0.6554117612776683
0.7383304296551336, 0.10925435122965588, 0.0009974671003519786, 0.783259902245195, 0.8597869678181759, 0.524563367927933, 0.41477862747834526, 0.6154162065392874, 0.6254393809781574, 0.9410477326420831, 0.870976078038096, 0.3902884322534643, 0.6492700169594109, 0.9314222859034735, 0.8221734348359659, 0.08856159904166028, 0.2501174890559702
0.5227425636196188, 0.2313785240387054, 0.9308042505077643, 0.9304312139023744, 0.8009129103401449, 0.05751609285475834, 0.17946367410797015, 0.07394041022267794, 0.1705173057012055, 0.6889483346918663, 0.6560557119831528, 0.6330432414215933, 0.8835623644017725, 0.3643521241569161, 0.14395758006526038, 0.00596011871749258, 0.9062517465667361
0.8552084607534451, 0.6199256417197031, 0.7378692058670302, 0.8843584477128719, 0.9713353351883817, 0.057625890620517706, 0.10039488353229953, 0.9073820389877545, 0.9957787141782959, 0.22784166965359454, 0.9713849478713945, 0.2718053971265314, 0.5568080343603299, 0.2629837991106383, 0.7969810718124168, 0.3241476098404258, 0.6857193861247638
0.7330499196478482, 0.22854938470047836, 0.6534167323751657, 0.21352677583686275, 0.49187103820546163, 0.4620461308590801, 0.1125306195808976, 0.3901342112654316, 0.5541180323896626, 0.25080251982318424, 0.8099689759106125, 0.5858917645993726, 0.6195848600924647, 0.10146310296848171, 0.7200498790578632, 0.769628910563757, 0.7928748311203164
0.07224806847539478, 0.06435373383823262, 0.13814956247922128, 0.15202140305557288, 0.7736971491202591, 0.1848602807177423, 0.4768683324299837, 0.5115843592197834, 0.8993707588837768, 0.21418775719035432, 0.41750842861185733, 0.1119314282340812, 0.05843894862810051, 0.9918235462644511, 0.31120017053160665, 0.604223055144416, 0.02345455522715323
0.3246515966147048, 0.3933140021298285, 0.7461254409492697, 0.5185942100530002, 0.832270081541917, 0.22403710734698745, 0.06378215014699162, 0.4133621575777804, 0.16575504886475845, 0.7414916161435638, 0.36036566736122344, 0.4667310775920762, 0.9666447502389207, 0.4122913579392824, 0.9416655306480469, 0.5462733287362765, 0.8099009532417147
0.9372649187082657, 0.07782284669330064, 0.785358138973553, 0.2182336381632639, 0.7842656908208784, 0.29184138457090425, 0.5478780162148968, 0.394918457753095, 0.19518270636371482, 0.7488298796001727, 0.22781665065728207, 0.2458590344666255, 0.7602005418038152, 0.477487207241141, 0.7920955753879861, 0.39837346157912334, 0.3225608012436264
0.7404583321729338, 0.5974384165581641, 0.9036909653441243, 0.9162316330132616, 0.9398320119475714, 0.13474288904769827, 0.44338085123474513, 0.739143544458474, 0.8596960308380951, 0.4252523980721319, 0.6040758896237353, 0.11292229373277629, 0.2572580925962312, 0.4705040553746649, 0.6622875049351149, 0.9984255059774056, 0.5198820583943944
0.9489480506608526, 0.8837097076576937, 0.3768154404590979, 0.29173930925120706, 0.9988081760343441, 0.6920790152696499, 0.37188275099599755, 0.7382223844510051, 0.7336845494012482, 0.3259366972365615, 0.326416281607806, 0.4724134495033583, 0.5501620199550427, 0.41265328403968204, 0.9793580784743419, 0.1896306025143547, 0.3004136961966808
0.3077198944836653, 0.3852166447437527, 0.09489962363973381, 0.9927040659728364, 0.5384204834487398, 0.61438340300631, 0.3376844855837996, 0.5095206407161101, 0.04761202675254261, 0.1293833738345762, 0.7637807516607052, 0.4497256733637208, 0.7579646785587831, 0.38136132016173574, 0.6325543004840476, 0.6445685361905594, 0.14167787649549235
0.8194212595992311, 0.0912975017906773, 0.26494778147357045, 0.7026750496142666, 0.7046493612738538, 0.26980917928873993, 0.08942327535099659, 0.549424008088888, 0.052157405315477856, 0.2830229417892748, 0.9765880894289035, 0.4503625559615285, 0.6170649697051797, 0.13703837100562266, 0.46546572646287676, 0.6667603067200183, 0.27752531613729137
0.7057543714295594, 0.3666797070306489, 0.08893339850112525, 0.5009007262889933, 0.2861702308956634, 0.7965661332028003, 0.811798188610235, 0.17343868717317157, 0.24763420575365425, 0.7320468261203813, 0.64688515632401, 0.47484024818264325, 0.5958104400139382, 0.09218626669733954, 0.8230484157948609, 0.5612834381439902, 0.48266850875178335
0.0540845659213,1.78198260589,2.71152699693
3.95961255898e-303,6.08057694241e-31,1.8167093792
3.35600674147e-235,6.24602706058e-30,1.97559351014
1.13313249506e-309,3.82165921019e-33,2.26520978239
2.00640365948e-271,4.35654156381e-35,1.76015714579
1.03547526155e-289,4.03689662422e-31,2.0216939195
3.16429898656e-284,1.13981775937e-32,1.85782951147
0.0,2.12286538172e-31,1.77121658645
