$x1,$x2,$x3,$x4,$x5,$x6,$x7,$x8,$x9,$x10,$x11,$x12,$x13,$x14,$x15,$x16,$x17,$x18,$x19,$x20,>>f1,>>f2
0.21362395561543368, 0.4862084637758599, 0.44063180535281, 0.6570961990672499, 0.5093016258798256, 0.7985555539739447, 0.9025603995345566, 0.2915292304068354, 0.6891635532988455, 0.42440913692622084, 0.4784629343528318, 0.10461737409562089, 0.4064847136844095, 0.952442791051883, 0.3620697222042526, 0.7038456824021618, 0.5672431752002594, 0.36742148467178315, 0.9218898958673739, 0.8618459409171645
0.4544615675254766, 0.8559813481333924, 0.6105018671332704, 0.5575554317956287, 0.6836125870713307, 0.17310031523433667, 0.30228730942225235, 0.11873796973021589, 0.9348954869725408, 0.17154242466267522, 0.3688286930498206, 0.23219179650170607, 0.14755032703594861, 0.1725555496914456, 0.32309617867304175, 0.7800492282082346, 0.7538277128051286, 0.8499395526696027, 0.06891492651693099, 0.726332616329342
0.9697050157651819, 0.6702906074661829, 0.24259692393553267, 0.8091397765087245, 0.3140978668885652, 0.7673177146344494, 0.7546236483555435, 0.6791103824744288, 0.7128463562965833, 0.19645466046100823, 0.33088072725234974, 0.8179579569518688, 0.5661854245592728, 0.1590071516100776, 0.6039512668654641, 0.6818242158150277, 0.9035664565975916, 0.8676670189456979, 0.5391900299026184, 0.3207831555430015
0.8403484081413639, 0.8764306615849251, 0.8029775795082907, 0.01178879498134433, 0.6380784394065118, 0.8124558035979019, 0.8571050963147365, 0.1337457581968512, 0.32749527547386537, 0.15557650701426384, 0.8479656873113193, 0.32813631202338245, 0.7984212190031292, 0.5370335619787495, 0.6891295656279005, 0.40124039360603836, 0.8737944706226229, 0.7817081940859694, 0.2961766790683473, 0.8543255570318119
0.4044079180875705, 0.08258178668052463, 0.3863255014431699, 0.1140033686389681, 0.3597315702732462, 0.3566426723696443, 0.7806036131035056, 0.019971981831123364, 0.29502678332721843, 0.7178752067299327, 0.5713131171224592, 0.3008915704523445, 0.8323669030320187, 0.5282403442035648, 0.3043305409112347, 0.6840668683029673, 0.4108347565424253, 0.8363107104059618, 0.6553176245480418, 0.9063455462662973
0.9633205756461057, 0.7602070473410227, 0.20072374546919425, 0.22494608117586712, 0.7467860329424171, 0.42024618702872063, 0.0013999121019103722, 0.46012420642569896, 0.2391384090964248, 0.47569519280432815, 0.4184403848379461, 0.6583589708442504, 0.3115851682074836, 0.8801792969383417, 0.41748160121058475, 0.6148318876577286, 0.4761175789891656, 0.7391320023174753, 0.5184642291071649, 0.05837745832974428
0.34724622718209097, 0.9362426555842746, 0.26597172344250786, 0.5620577858229456, 0.9589507015110461, 0.11290977408363512, 0.38287990362572044, 0.2076220709086085, 0.9063834731601564, 0.3141488153418538, 0.38622105545227947, 0.6735233662543701, 0.3013345476901813, 0.04938276291463184, 0.8237505607500837, 0.1320516700756975, 0.6869817598013055, 0.3722543140988185, 0.5742800653427611, 0.5329129016403856
0.39782689396087145, 0.8723597551250637, 0.08037898357152995, 0.15786712922352508, 0.022823136472295724, 0.5984849129108075, 0.021308807267908292, 0.27059597604103636, 0.8150381024097784, 0.38429418038816765, 0.2754175613119798, 0.6714353380573599, 0.2405023395252751, 0.02801433890908034, 0.7879415821103184, 0.7914413822903634, 0.9105858663623208, 0.5471019472282507, 0.5930908678170751, 0.7023232335329834
0.5378322836653027, 0.7109835926104339, 0.45412292800889753, 0.8939205869081503, 0.4311175271248272, 0.07413741235124294, 0.4777337198005439, 0.3102222085402525, 0.06674383112712556, 0.3233262237584895, 0.8290299132806648, 0.97193798659334, 0.4417193636055332, 0.7765134749825375, 0.06441516325668861, 0.8104865247529662, 0.35425390676765156, 0.17029174445294404, 0.11269070049066221, 0.08706891330505451
0.09326751404584788, 0.30162683666004997, 0.03326573292505408, 0.8313709532503286, 0.27580349643549085, 0.3368168874312102, 0.8051544723343821, 0.8867144326335922, 0.2626757341286945, 0.8877892547318176, 0.612301591659513, 0.9355066228667531, 0.07279869647921555, 0.1911420829347913, 0.3210875690868884, 0.9361255585537489, 0.6321442676881386, 0.06259763536992613, 0.09819931338460341, 0.17560883995036558
0.8504711171174211, 0.7206763945785372, 0.6879652084727377, 0.6742285473522136, 0.397932042152759, 0.3734008513527223, 0.5206713633823898, 0.07178944117953323, 0.4609080806136534, 0.2793105946230795, 0.5673384380361961, 0.6037422050683833, 0.07452110029393699, 0.21011006461890513, 0.6706254887023001, 0.9800857199345429, 0.1508839813814311, 0.7583315127501117, 0.6474944266595372, 0.47794572430906257
0.9816716655752188, 0.5009953292520972, 0.4481092722527512, 0.3119967697008851, 0.8095597449109041, 0.914958380998679, 0.03580647698192563, 0.5850321457388181, 0.7609004264625906, 0.9521575068861112, 0.4453952831592368, 0.6541108367198192, 0.9455024764949145, 0.8969093299784249, 0.8276903976414236, 0.43162782597465965, 0.5405816153277163, 0.746688915229961, 0.9609502578186359, 0.6490244611638827
0.6569011762098469, 0.4406261942261417, 0.2976742400928549, 0.2018805693613831, 0.6732710665119517, 0.9442066319642649, 0.6369614630095154, 0.5009795173028451, 0.3664473420753256, 0.7974210721741168, 0.030724663161848187, 0.7920873672180175, 0.2839450114682045, 0.8755671969795447, 0.17071037430702074, 0.8425233586079729, 0.5414705794722711, 0.8976428551082513, 0.7210422136842983, 0.23763914861201763
0.16265477323975508, 0.31171747551007445, 0.5933298204569227, 0.4610471765912588, 0.2667286529912881, 0.6419060984075476, 0.22768336147630341, 0.9911316088119057, 0.02758087126692521, 0.279337021165482, 0.4128365617117845, 0.17814731885288682, 0.1510475969778956, 0.39197257009698483, 0.6958696887413051, 0.6086526571183046, 0.35847891475627136, 0.7996088865786186, 0.4552857222178206, 0.7559235639183023
0.8870789146283485, 0.4532428650720116, 0.6186300341774748, 0.6068517394827966, 0.7552931003658044, 0.7103316440148869, 0.41550269200681444, 0.21133908013082436, 0.5718871495236779, 0.7558020183792139, 0.5349952936133421, 0.40224441234125474, 0.35677495499705947, 0.06900873848425748, 0.09462096480986149, 0.1694889633353156, 0.5221722843616573, 0.9219841600892599, 0.37919427335904143, 0.8711206769265702
0.3461863945909893, 0.24574765022831113, 0.9657611694186453, 0.4645767507668175, 0.9793291441806562, 0.5652705346200693, 0.6165304297882993, 0.18169940057721046, 0.9759114572675239, 0.7165719540438311, 0.9783893317016774, 0.37687449651517735, 0.47959970212459924, 0.01725275533365489, 0.702379197944823, 0.7929345251669829, 0.9099071146470232, 0.25614850751419005, 0.9699495397140785, 0.5633887630411424
0.7380842956118827, 0.9771918967012663, 0.44457031268004454, 0.9514716880610212, 0.8443486301412836, 0.1560621995480912, 0.7846192078825837, 0.7506199118025542, 0.8461276051881795, 0.21156575795523636, 0.43978725319093415, 0.908010732975854, 0.5329649002853573, 0.20841818549422342, 0.6982793183611614, 0.964948709344457, 0.9271641250222841, 0.9959840257357611, 0.6294512960061195, 0.168227965165324
0.8568811996909385, 0.07387169367838564, 0.8458899779027931, 0.09354372504999997, 0.08902216246278238, 0.16415954276379108, 0.21747480097622696, 0.6297737581014506, 0.6312899340293352, 0.3234183508049413, 0.14398523374097327, 0.8494934055134634, 0.19374115303870576, 0.4662327949488937, 0.35257813576589625, 0.23131962853535826, 0.24434204526618541, 0.5772020962073982, 0.9026096245849479, 0.5759508105416421
0.07205473831497289, 0.23295414988151697, 0.8088333015522676, 0.7403558583424892, 0.639122989207519, 0.019294673716779398, 0.23331267548266288, 0.9818944128226411, 0.7141063735811588, 0.712746447398834, 0.5989931820301193, 0.6896265579207468, 0.845717020940482, 0.7613006904093881, 0.9995431437425228, 0.9012029169059098, 0.9651126425218208, 0.9129277284699401, 0.5748358255059406, 0.7007818859419851
0.17006749862633497, 0.03567490657158079, 0.253162005736255, 0.7421703062677959, 0.5961419438366965, 0.6395211985311567, 0.09071125051523943, 0.4291669159668642, 0.08145289441975101, 0.5500859171817941, 0.6809458829597449, 0.8163935463963342, 0.25092946493741897, 0.2592563560426159, 0.6092530646286468, 0.14613601605736615, 0.7537081501327875, 0.7399483462331738, 0.03686261339699792, 0.23909596876350925
0.38609479795376656, 0.669616726226365, 0.2878836105968523, 0.674703098399922, 0.9137636697991579, 0.029440873164410575, 0.19648119039594314, 0.11723352472976634, 0.996223682126178, 0.6495947558903812, 0.049488260236731474, 0.22241701363135313, 0.9875809700503037, 0.13526864376800263, 0.6247355475020068, 0.7576097372640413, 0.873445446364448, 0.4479601051962637, 0.5148338376019163, 0.01096100763633101
0.07423964626283508, 0.7365539122007297, 0.9618858691986214, 0.7856458779238292, 0.9755963396048247, 0.41638978061292453, 0.13626494015598478, 0.012935530984097832, 0.18915677860890512, 0.9583137646473215, 0.6303469302922762, 0.7358097849443282, 0.5324486884906944, 0.3207958931899981, 0.9509821405596203, 0.20129344216120504, 0.27709754975418666, 0.2598070872909515, 0.9010755798531862, 0.46570502840744055
0.45879101143345624, 0.05725965677375455, 0.8306992667406325, 0.6025746581063095, 0.25451695947194075, 0.558349980861369, 0.5521501630346749, 0.6168002025837873, 0.7804504831743907, 0.17508019974294964, 0.23274464233185166, 0.48205075784093676, 0.718863479652098, 0.45258333692112895, 0.3434269384628601, 0.985142914480737, 0.5320324683926339, 0.5097273810936708, 0.43003845030906496, 0.51894019567843
0.43734719533535027, 0.6192633927541658, 0.9455062783289881, 0.439488162288599, 0.43548774280690183, 0.9094616820646823, 0.16422650247128012, 0.14968885028623713, 0.8100865051668072, 0.2690877916923743, 0.6968777738288727, 0.13875005235936633, 0.7768276286022983, 0.03009686645245946, 0.41826253610708763, 0.48240554576484995, 0.34369201341020705, 0.4305142141967816, 0.6679889903476717, 0.5649975653081152
0.7970867467605441, 0.3363324673392911, 0.8434108125171994, 1.2683060344298447e-05, 0.45386241160167073, 0.5976637110514271, 0.9413881853748336, 0.02457710232626331, 0.11830968998599689, 0.3411070248955139, 0.8072898894468443, 0.12604760796926273, 0.9099754583030835, 0.5925547562177707, 0.8352585802098511, 0.9171087614701932, 0.15841219476784196, 0.9733829651378062, 0.28956178130944077, 0.8327030477749005
0.9655154800724123, 0.6719644598679736, 0.9732573768599525, 0.34207976042019617, 0.9161428331320197, 0.26937349599891547, 0.2468265682472044, 0.7084425292850882, 0.6908414602511472, 0.8246168840423138, 0.9161392858505023, 0.5275091488254486, 0.12199602999144221, 0.39403850915200334, 0.9740442101037785, 0.42652732742432653, 0.827791304356503, 0.014108545542630191, 0.7902248726608221, 0.3416208941336918
0.606335963328292, 0.8416416159086113, 0.8237582913283069, 0.25509274083330413, 0.03253310208041338, 0.12403663298117151, 0.6891237512806769, 0.7830663456939748, 0.18671267698423422, 0.6015507612346221, 0.6434829489994793, 0.7018000920030624, 0.8220603116425154, 0.5191139919166017, 0.46101807561609864, 0.12330232635363092, 0.1595379497638677, 0.5738241211885472, 0.05961440909557969, 0.49731305965129724
0.16474509068030974, 0.45803943926125934, 0.6692900735158251, 0.13035199562707922, 0.5607249750907182, 0.040343126530110296, 0.09585600086907498, 0.10757578102143883, 0.050114946597397014, 0.7553211220482666, 0.6003305799336273, 0.8142176412572719, 0.27665107973838243, 0.4925756246947861, 0.8822977891820646, 0.4771143842751131, 0.040927440183324504, 0.49439927651732785, 0.4946985090101025, 0.6917813459705635
0.09984940138959242, 0.09024394583515083, 0.21660902026624507, 0.6753866729804259, 0.7629190017359597, 0.34687526061890406, 0.7164640140132608, 0.12360836195376002, 0.9614697349520719, 0.18055494831409213, 0.0023146915396298207, 0.7700635993221685, 0.8623903629311492, 0.35061135843141955, 0.651828794601546, 0.6060849077673696, 0.6981859220638457, 0.5542627011390919, 0.1808894200145158, 0.17890471530266716
0.5322954988207181, 0.4722590057606263, 0.8672657681369363, 0.08617714740292881, 0.7758356818872866, 0.3606012312613568, 0.7383171960716073, 0.10535130174148788, 0.01569938731567233, 0.5235039473765674, 0.3831287613819526, 0.9491724919398243, 0.8917001063386625, 0.733127747786888, 0.49262582687645873, 0.15072341326378536, 0.12040739996679295, 0.06385940243883925, 0.40301141168757915, 0.5673112904538945
0.3632800564990659, 0.690886291263004, 0.9104599435095982, 0.011022235085145882, 0.06109002651067186, 0.9015620747062913, 0.6381567817851705, 0.09690628061799311, 0.3174905484287571, 0.6273683118976197, 0.19277794879172372, 0.5384781577875867, 0.20747130431522398, 0.18749850656457479, 0.7065979389587733, 0.8995180118495183, 0.8948661996629531, 0.19795661630068706, 0.31485319169302295, 0.5817899847113259
0.33290068496245817, 0.6770437782161384, 0.49796110202195765, 0.46254268971039336, 0.36603821739338294, 0.005012955176068035, 0.46876718180406607, 0.7644732417203386, 0.0661685259818211, 0.37819982558307974, 0.24599627530418844, 0.9174604054521159, 0.3520650811012398, 0.7399639287852452, 0.6990885694511986, 0.09568018338588091, 0.551435127205631, 0.4341080757115935, 0.3067185920503289, 0.10575908765064035
0.4330847030877075, 0.8474852070519325, 0.3707871330441812, 0.1822903451763963, 0.39279880876232254, 0.45807639134912426, 0.029474465577631115, 0.37063250958154925, 0.012873118929082383, 0.1391481869332466, 0.5253278323247583, 0.1953323371367922, 0.8338264957153693, 0.513885543756539, 0.9902833354870897, 0.5125327133462159, 0.23463914203413272, 0.5573538431199886, 0.6353625003743568, 0.9077983167072299
0.5387139936875104, 0.31912516290290993, 0.2615585581417693, 0.599187367892296, 0.5542499444319842, 0.5591978366887239, 0.006187994237830008, 0.12357217883677163, 0.6342635075590036, 0.738218531147457, 0.9005289910331538, 0.5678162798385369, 0.3230861170022914, 0.007513157114014124, 0.37373516302508625, 0.013249805106558488, 0.5424921930722661, 0.24994740239910207, 0.9915561122084603, 0.28991410449070265
0.9229148175077698, 0.004566308758788495, 0.6741138630182122, 0.46405019139464065, 0.5889063266902781, 0.3208555234829882, 0.6987213521959111, 0.862947428586297, 0.03023759957138783, 0.8292079747258512, 0.984949899273528, 0.6868600884779967, 0.4997202590564047, 0.42010744849692405, 0.9427152590032652, 0.9299136341639513, 0.17655910030121658, 0.48062689701351013, 0.9501929055553717, 0.3459004340329771
0.7233354956120993, 0.5423913459096249, 0.5930102143854306, 0.6849456362195236, 0.6437804898365558, 0.7390677862283067, 0.8016338845303498, 0.7005000985949248, 0.6262622738349518, 0.020695604981580074, 0.508012255097237, 0.5583043272807519, 0.45707686288863336, 0.15375181328190946, 0.5895967199439098, 0.1335659539735291, 0.4747716494417541, 0.3102723470013431, 0.7171672109588967, 0.6498097784325855
0.17298960886867054, 0.26128780844143507, 0.9955361600585758, 0.9349689307681635, 0.005718017114355045, 0.5622821707912146, 0.8808339604644668, 0.40638581618861724, 0.9846233642395468, 0.9215940750377533, 0.24111445412995103, 0.3587100133333597, 0.045298395359397836, 0.945626476917544, 0.27604327068271595, 0.9836035020578145, 0.7696360629257527, 0.5369836247259081, 0.5117639563885269, 0.7217579369118299
0.4010482045633087, 0.022118295367639318, 0.6570988574272422, 0.043915706122125586, 0.2041279926609333, 0.8023700268232536, 0.4893183677354276, 0.6100073348010887, 0.8334751291873311, 0.2956148987168795, 0.7011493180245126, 0.7157723000722872, 0.9162352521715885, 0.356557162701267, 0.2838504822492963, 0.6085062153424338, 0.9207445906034675, 0.18380556285272132, 0.6749215867261743, 0.7067846036570569
0.8213224359372241, 0.9494274626408096, 0.19692696376497354, 0.8023905713785285, 0.9877030976470947, 0.2330291793521322, 0.018719703470523097, 0.5976939457369898, 0.8661686395123475, 0.789917701022869, 0.33681128258138715, 0.4422511117032525, 0.7131554490752595, 0.784359410541601, 0.9881771597954073, 0.08723668458928979, 0.5043310092023339, 0.7974339895241129, 0.3905949050650658, 0.8509362853622903
0.6320327805437133, 0.044172281894316656, 0.16937944488700407, 0.6349305288657126, 0.9927956739928252, 0.6083016510371554, 0.3714221497168485, 0.7199917028461833, 0.6090011201367219, 0.2707344318588196, 0.6681112475074894, 0.2633758934175573, 0.08296806383117383, 0.28454681378047353, 0.8252117165459252, 0.9279329174063763, 0.5414254422292313, 0.1818328199569723, 0.42163185161316874, 0.33585555491974106
0.27757575204534035, 0.9603850839435257, 0.5911817914875401, 0.9018458834824992, 0.13122985714553292, 0.5266630811782619, 0.5972356823271259, 0.10304099036163739, 0.6439586883109316, 0.387518234612515, 0.06442402800135194, 0.9191060008667111, 0.3822301614296313, 0.9102239145061887, 0.3517932621622527, 0.6528394645112724, 0.09730572735255472, 0.7965651874409626, 0.4735065151068648, 0.6221766053122777
0.727239217807466, 0.5283578437550399, 0.8474698438432442, 0.15386603372807406, 0.42410024528079737, 0.2548310811647878, 0.7499094419961388, 0.010568022866504934, 0.87692570139643, 0.4004356987292974, 0.7514618066511443, 0.7603719414795156, 0.8168978698283872, 0.2635693232252918, 0.972759742897649, 0.8661469205997882, 0.5893672497441305, 0.6712698777135476, 0.5647670929334152, 0.2450728107885607
0.5676127590403308, 0.8378835925200989, 0.38963480782690973, 0.5497401620892165, 0.537455969503062, 0.21827593954550306, 0.5784787185948791, 0.4574808549268159, 0.4651029860558722, 0.2455459680797346, 0.8854136100035743, 0.1659226272602322, 0.3468954530627043, 0.7505390201207065, 0.9794906566996203, 0.29429584049287194, 0.7850023303483692, 0.008928681502684888, 0.572235102925653, 0.3692484829931445
0.6451648236699667, 0.2789674833688508, 0.4306943221070769, 0.003537148739074736, 0.32149163751986687, 0.1177529335564621, 0.6778775222759156, 0.8812332977637883, 0.06965405195019791, 0.18765403201708508, 0.14098024128044184, 0.12661232063937122, 0.35689261028489194, 0.44487911921786916, 0.2930882596622052, 0.7322489136474416, 0.09853660107553541, 0.9430008882976858, 0.3775236767169383, 0.31823323435283857
0.9016183111385596, 0.15758701352218352, 0.3450981676306164, 0.2980906223232753, 0.7402396946039678, 0.20998956878021902, 0.08741162831240357, 0.9976908719116797, 0.9034875870620176, 0.005940266019957674, 0.5007050581309361, 0.23343389732503184, 0.018395753776473622, 0.8591391175043165, 0.9610109715337434, 0.48954661451801196, 0.3933491780063273, 0.17738760672274345, 0.4995344651286895, 0.055306599471955264
0.4939373307007672, 0.10351109287314009, 0.5437800952786578, 0.1445850016384186, 0.9490326647419947, 0.4999252879817745, 0.6614699897550161, 0.21269078660337404, 0.9646681236076002, 0.17055181492865334, 0.04300894058677118, 0.04781961121907108, 0.7903046263489364, 0.8412695437766069, 0.7121281152150097, 0.11391535967992361, 0.49152251258213187, 0.9858579896978963, 0.0944112224365925, 0.9587680294826733
0.20950673539095876, 0.5044883614980602, 0.7136333309589951, 0.022026523481049387, 0.4777889145855361, 0.5340310281058452, 0.6663419464978139, 0.8306961684956801, 0.08074390988394009, 0.334107834954229, 0.09576562573224234, 0.4350883454504386, 0.7614831776139283, 0.6861923789190245, 0.008872233148654818, 0.08947096459723425, 0.527851739213488, 0.02422688777816273, 0.15129890399143686, 0.346901230228868
0.13506984965234115, 0.22461456846788574, 0.17787548138561682, 0.2692447927295143, 0.39135048967423147, 0.08650062523621571, 0.18770868813135466, 0.68377576739229, 0.07462251167675538, 0.37850385179093127, 0.4379932872324589, 0.0755627992135609, 0.23106563779580724, 0.3903400601431055, 0.09505014681636303, 0.23281728364935694, 0.5162000506169788, 0.3408076061995633, 0.7251274464571494, 0.07560484644403875
0.2052012489493127, 0.6236312421760362, 0.8451091851980593, 0.2022303466404074, 0.5724413161803114, 0.5530347330011935, 0.666189258833152, 0.23814885781140083, 0.36433060630911307, 0.8129179701755785, 0.8163646553277174, 0.4106962880618058, 0.6419125660444868, 0.31143902844660276, 0.6415049398847255, 0.773177344838894, 0.483344384726629, 0.8014586303031459, 0.676574398330463, 0.2750291318773731
0.9765677425452184, 0.26530803782015466, 0.6395070123175167, 0.6712287644397481, 0.5539996596112517, 0.11398988979988778, 0.3305214509925384, 0.9338317995672576, 0.5560451316413227, 0.32212905800056824, 0.23518784817407568, 0.9132138380602293, 0.10180861920850504, 0.6428007067903583, 0.22539216945723717, 0.767263206188838, 0.8733581304641781, 0.28042409819506087, 0.5054238826179546, 0.8156462220961037
0.21484856963742993, 0.5133848812680655, 0.5669330001042017, 0.33947002841596974, 0.02526373943421445, 0.6719537957723304, 0.8173604532878235, 0.49356687198988003, 0.9739434692945375, 0.9940207270047688, 0.22083818847781644, 0.9692783179024842, 0.07436392327676056, 0.8472846140880624, 0.6290774211204888, 0.8767092860283701, 0.0016364928911462018, 0.7523352463822759, 0.5647804321803745, 0.8909280206213293
0.6799235155160079, 0.6601521633294163, 0.4711912463451058, 0.7630275847246892, 0.5049282967485137, 0.8863198183787206, 0.023130896153340408, 0.2334244130346005, 0.017912690160738376, 0.01818686092786792, 0.7233515867491307, 0.055048195451447346, 0.6987470260006862, 0.31010943205859487, 0.6707499818531888, 0.2510271580589547, 0.6770995745047701, 0.6779565791398495, 0.31872273957526664, 0.06387733827319053
0.8016548624722825, 0.5800738872669078, 0.11172152311661088, 0.015121462296346366, 0.41979155678119606, 0.40745061117504844, 0.3783723562583008, 0.8568832457429517, 0.22521116860995372, 0.0043057483691453236, 0.07675128120024521, 0.029712676449824782, 0.17910799649466702, 0.815293897763966, 0.6855043412186619, 0.41037304052825374, 0.9320552982564922, 0.5255536119978736, 0.23048775485345419, 0.6411604478363837
0.27878137743322773, 0.7560564896204556, 0.22560699603234036, 0.19565441410436069, 0.5739731897264844, 0.5165971322957127, 0.462514173864771, 0.49836317826623766, 0.5917140393718323, 0.6356743852722624, 0.6565692752807589, 0.9483078985222578, 0.9612888861731077, 0.9391858596490242, 0.596938536056778, 0.5010844961399773, 0.48348053917000855, 0.47943079952296364, 0.07154709894820788, 0.8707670354275844
0.9730013499060883, 0.9239056289084626, 0.6097119783913614, 0.882127467492658, 0.6840407024110133, 0.5136925254439827, 0.4604988749707334, 0.810681434152396, 0.09218914406246714, 0.9924773231582693, 0.7523485465574701, 0.8552409933519428, 0.5543255610814845, 0.9715919554493213, 0.5341547687878224, 0.31339667661753856, 0.614649105645002, 0.6106476554847581, 0.6749332263606487, 0.7259022431202585
0.7136487988780738, 0.04472493902182084, 0.6256995235978902, 0.34507517595842274, 0.8159237147390288, 0.6687506934193919, 0.551969556654116, 0.0671160071164667, 0.3723802355286232, 0.1336517300416712, 0.7596004174780167, 0.6660828080142073, 0.4049644491501819, 0.6801579387643085, 0.46684477726880547, 0.06763085396996227, 0.43258557150381893, 0.28546751260130265, 0.757965401653987, 0.6953558485424715
0.8087042185481986, 0.4580436804925653, 0.1833896714003912, 0.5969526729745005, 0.8078782468363759, 0.814687455992548, 0.016394897986611756, 0.23548364178442083, 0.756999241546607, 0.963846734494103, 0.8623272694368019, 0.43820204089534265, 0.11319829650017021, 0.47224347393595534, 0.9505182954089405, 0.21280855637451157, 0.7406786638300246, 0.16696566206364116, 0.3964616112857058, 0.40962403899794797
0.13715594361015626, 0.6708422771785383, 0.014134068205840511, 0.6875075818646418, 0.24531528241758782, 0.017043293900057543, 0.3453725842912594, 0.565636420117038, 0.470073444476385, 0.16287688803475164, 0.408082068610489, 0.7758597114449329, 0.8553905288175411, 0.37973454246168714, 0.349135903439745, 0.3652162648380216, 0.2080833929082958, 0.6450520348424438, 0.30920119600366325, 0.12140263681845109
0.1852366967398832, 0.9020613309653305, 0.874661164724152, 0.7019790605772531, 0.6806036022559426, 0.47892982253097327, 0.6625229680321946, 0.6139905487967422, 0.8463486687504203, 0.8401542712551083, 0.9814001440175631, 0.23577940857069613, 0.12246811377585942, 0.9768084976044469, 0.6709371448428637, 0.9013352287856596, 0.2597577459220528, 0.5037496310705586, 0.7895260406235965, 0.20292393433107536
0.5485057095449617, 0.6394499674387499, 0.08041904568353486, 0.41943171944486024, 0.7151648063382728, 0.965829189977665, 0.06945554463267722, 0.8858885423478949, 0.7921967012431633, 0.651780725452795, 0.4276676553505028, 0.0717176512410761, 0.9712313503323561, 0.9106640600990223, 0.02990322053372685, 0.7771846032130474, 0.7965597671440496, 0.4812616481225428, 0.9064637737296972, 0.19543097309559443
0.8085723236522699, 0.4881573044443379, 0.5947856541072155, 0.8273236168695238, 0.4213251125666513, 0.4140092111277509, 0.4716412161712704, 0.03419437894789146, 0.010749387900113594, 0.28545035345089187, 0.7774684463928762, 0.3409182739236297, 0.4613628648169027, 0.06348378714995095, 0.2154284469119353, 0.14830089728136453, 0.2816515219226572, 0.2092356331403894, 0.68725746943841, 0.28594400226770644
0.22104217934647685, 0.5682989844094846, 0.15189945623525614, 0.9590533888757617, 0.28683405648660143, 0.5087673817147578, 0.9872164772696603, 0.10584185633055998, 0.5937395640689327, 0.25437881309165555, 0.2677790810661165, 0.990722678601506, 0.33128906054776797, 0.09084479553689073, 0.9507290845243387, 0.3806474971524886, 0.8129846992522607, 0.44895462855803214, 0.2355962901038985, 0.5425759562728103
0.8563978294277398, 0.7190392751358075, 0.41653262318464235, 0.9778552430673568, 0.8451868520611262, 0.05705294625506685, 0.6043739440255175, 0.43874693278498744, 0.35721832346082893, 0.4731620469121147, 0.8072241976989335, 0.614164966994089, 0.4379432445879621, 0.9306813684842127, 0.287534683666834, 0.5927727642717457, 0.35501020851893084, 0.5216844347209308, 0.038984989359486466, 0.18441392716270155
0.057111917827528, 0.9404536175327658, 0.03099149450791927, 0.6386393911526965, 0.9199550738325433, 0.4147603058993975, 0.7264673637272303, 0.5842299327168771, 0.8445535220582706, 0.5571071800109959, 0.9863401905861756, 0.06699893797008794, 0.568516785000324, 0.6942144952427766, 0.5779562824651708, 0.7828657759755121, 0.31772105209688395, 0.1498906379671484, 0.5489936965347013, 0.4663055950983743
0.9482181197380182, 0.23491391166521491, 0.7484784721245659, 0.730299860520853, 0.029023077218291005, 0.5912077869874921, 0.036108967928238145, 0.2222850579199731, 0.10083240340069666, 0.9342989637584412, 0.16178067001504914, 0.8968525472613345, 0.1737126530470483, 0.9219583285804404, 0.9319550769068126, 0.16722293762461626, 0.010164726157743997, 0.941104294744551, 0.7463537867992467, 0.3477792716948289
0.4298541781899755, 0.037168707300470616, 0.1653267379165717, 0.09280274328420557, 0.5117234561153167, 0.44580219578101943, 0.29818896242585113, 0.7525123971525092, 0.13033845773810415, 0.20191089409441576, 0.7960510414320844, 0.15432828501073592, 0.9567790711892946, 0.23255467647838257, 0.1349661979465857, 0.05994140426516359, 0.716102103772101, 0.4780231016067442, 0.7895695076554137, 0.8764910904203568
0.36835440906911876, 0.30373530506387425, 0.22419215962228833, 0.980648993650529, 0.14220107185056707, 0.3875982358128125, 0.7753428193674359, 0.9049204078400439, 0.9841094067976955, 0.15290220257176645, 0.8014415762316323, 0.4471047197431063, 0.381501267749751, 0.3192789123618913, 0.9455519135358618, 0.2885969054913301, 0.5517467633822908, 0.20890416638355958, 0.6218551481930682, 0.6950800074731383
0.050655029724243295, 0.8579867981155648, 0.6886875678995916, 0.5981874813937582, 0.11166416646584099, 0.5583476548183874, 0.24182415622667497, 0.043475078846771154, 0.664529672473985, 0.39289724534806303, 0.1291793546080382, 0.18414287426196108, 0.11400297350519506, 0.40950190198321135, 0.7151993026209857, 0.2663571293456034, 0.08892717736776212, 0.7112938712695545, 0.007209906286318235, 0.7890018904620321
0.39100341509770664, 0.7093483604115225, 0.8006231334651077, 0.4069390748809487, 0.6890955958694135, 0.28601335753931234, 0.4144564084160045, 0.28884164686139957, 0.81566034575155, 0.41253573030309887, 0.4187625622881005, 0.49827598323154154, 0.39682355555477855, 0.007513389214627297, 0.8027559793044509, 0.34022885631610866, 0.03353900417801603, 0.6529182597376915, 0.08099913824858818, 0.7620843680731633
0.7279551695044383, 0.38008268402869927, 0.9602908353795885, 0.6137123133289929, 0.9692469437675287, 0.8026211240841096, 0.5482188746000586, 0.8592316409025162, 0.4235372487790753, 0.8357455685363806, 0.06021187410342821, 0.2342104571947664, 0.4944068611814515, 0.3813616119986988, 0.6486187169089571, 0.6944125436286082, 0.47317977581704695, 0.3362042908133054, 0.9759773771412645, 0.803578962810716
0.19640010534881713, 0.18963119077502666, 0.9761051379828558, 0.34847266031901225, 0.06482281175830973, 0.48297981954296587, 0.7439968353587941, 0.44099947441056275, 0.4539488681478743, 0.4383187340382332, 0.5842514121500847, 0.6651090313710624, 0.20865636384838193, 0.3772141550407222, 0.9035219308199589, 0.28523677749458287, 0.3545552695676115, 0.4075042486233521, 0.6194146426631809, 0.5764229304447565
0.016232335010469834, 0.8619312051534167, 0.26513348728078767, 0.02879279537109003, 0.35855183709302807, 0.27727267549855694, 0.7772355458112037, 0.7862291555325206, 0.12184815130030413, 0.5306677771211489, 0.8238609713032022, 0.33837852259097123, 0.7945585192250624, 0.9213653011021956, 0.7668137273047921, 0.5543505153851769, 0.09593257783877829, 0.6048306986645916, 0.19237804597241703, 0.22561890997339817
0.13686125312505226, 0.062167613512384756, 0.049915246029103355, 0.7708187347281675, 0.40080474594470616, 0.7494693599468858, 0.3865102309825059, 0.2704818476748744, 0.5711085348156882, 0.23642577221991112, 0.5025659970457437, 0.22502132123944774, 0.8833153370546143, 0.015334761231259653, 0.7593686621834786, 0.11095275752907785, 0.09783834171394024, 0.8102635631709983, 0.8555942687352214, 0.5956624236522481
0.8254617179131918, 0.534001054909717, 0.9543327629192485, 0.5227942999798431, 0.47848579071229047, 0.5663980486256416, 0.6699320110421957, 0.3031725116895324, 0.5922023331493254, 0.23978375231891058, 0.8816474673850225, 0.8721286434286909, 0.8736489708688384, 0.3283985827717938, 0.5698948497086483, 0.1757351993048184, 0.008208054455606573, 0.515847666160887, 0.4143469056478486, 0.9331669963075638
0.5622435580949786, 0.9047943932527497, 0.1640944387521951, 0.9575385287103009, 0.9734005070547885, 0.45734565611589095, 0.6234530587774173, 0.697949907164064, 0.1806258804068548, 0.41820585311656455, 0.16001991142227168, 0.1823485743618185, 0.4726095060346176, 0.7461597252739364, 0.13101647176132147, 0.5904677050492981, 0.669551401554338, 0.9879488435189465, 0.07320977451649968, 0.5969923409739014
0.9639569735129048, 0.10821988236004587, 0.10846149029524321, 0.6440706607351798, 0.3451359967521195, 0.043002867561784286, 0.12984357146864633, 0.15715967699700573, 0.05249784217447939, 0.5980825790713467, 0.5700836423851602, 0.5218474425132018, 0.9480312899421427, 0.6442681893487133, 0.1905505779682749, 0.9664022593225278, 0.5926456130121412, 0.8085171121770439, 0.7564171850734976, 0.6541161613948147
0.6465932358679533, 0.287222609572542, 0.5366680613013075, 0.3095132016917411, 0.09598885071865515, 0.08952530516266932, 0.8213426808651818, 0.33448445126443915, 0.7633518524093424, 0.513141546835891, 0.05049986749146684, 0.8265651165161303, 0.6589194288762443, 0.4086404939129653, 0.48484719911981033, 0.8727756740089446, 0.010017338508343743, 0.4872653242589853, 0.8370746151460722, 0.5819229957494249
0.8995450732593373, 0.2893180064686198, 0.4748299480737279, 0.27851664348706584, 0.47736934147877363, 0.5453724579010667, 0.9516911798482373, 0.9969407483101289, 0.36733363455269363, 0.2726858000641096, 0.30774445999201505, 0.06895008289501836, 0.7349182130175321, 0.0938786145625542, 0.9073431950514896, 0.08474810957420698, 0.1384439042260276, 0.6547058624994311, 0.35607302843824984, 0.6711535346882134
0.5982294286754355, 0.254175620669854, 0.6449808104578261, 0.7108213291335628, 0.7662545563097174, 0.6066764402787982, 0.41119364128117364, 0.9239829132842409, 0.8116132359274733, 0.8851278809640697, 0.844634879597157, 0.19343735898131975, 0.8000972413206278, 0.09546186675689405, 0.531212094626877, 0.461408751122919, 0.703797286807269, 0.9980670485554691, 0.44839193867191196, 0.8962981060401572
0.3103295613500685, 0.7317002276659419, 0.48434080470708984, 0.5257619945051911, 0.9026222894153906, 0.047444521299842335, 0.17011496449445063, 0.5392924603769731, 0.4323198113284594, 0.2955824657420162, 0.6275992091988608, 0.3757176019774271, 0.2676379544853583, 0.8957241656158313, 0.7181724662286514, 0.8973588369292735, 0.4251547760438674, 0.966676020514836, 0.7237479872658793, 0.9601024024792805
0.8095451243764065, 0.20041983461432444, 0.9884581132425797, 0.5978042257826861, 0.36122164942677804, 0.5249231120207344, 0.1591792926955743, 0.8784670215685805, 0.22399929560539422, 0.2717878023075062, 0.8251490602223841, 0.4476515631220208, 0.5894904591308544, 0.7421915384447285, 0.7713629449691993, 0.9326221198500931, 0.9508759359199225, 0.49059406754844825, 0.4797729033013215, 0.9910132137001276
0.2594149735587409, 0.3234677921620065, 0.06855713524642926, 0.3744130011038209, 0.6118511710748805, 0.7239727944696355, 0.437683722717472, 0.4929834111154364, 0.2160827433829361, 0.2832457040602563, 0.06373668196443749, 0.6377335360224882, 0.7016715268213722, 0.7980138686111335, 0.9757048614393488, 0.1811540218715202, 0.5267854835097072, 0.8587341327897995, 0.8234257745037232, 0.744425016154564
0.5838836461973018, 0.5065610400247407, 0.3341783420435679, 0.4409978942250151, 0.15623200098632628, 0.3270681357934343, 0.7393662787529959, 0.46749363928313437, 0.6806363946351647, 0.7571809618127477, 0.5448102935464998, 0.9016502936821074, 0.3972804318088794, 0.5171675051336165, 0.9347075989164567, 0.2523955820046965, 0.3225768850730979, 0.8260548685794207, 0.6498764363663155, 0.7618773970836139
0.9651560787279808, 0.3026234702572067, 0.7567084519521483, 0.4388435140927591, 0.7401328790646907, 0.6321318641088034, 0.828487646815755, 0.39872546800914166, 0.14651161595666928, 0.4892336521633738, 0.8186510741430209, 0.7206432277072744, 0.47063599652856325, 0.6099968801318872, 0.0357365339044845, 0.06762481901096251, 0.8875022928284434, 0.7222499893994826, 0.052325060318573646, 0.6359898067546598
0.6471390531771191, 0.8377223957440303, 0.7056823495952336, 0.0813627532585669, 0.431830082389686, 0.3986093263831856, 0.8964502930262217, 0.7025050345173179, 0.548316502688606, 0.8842300439846745, 0.9497740032261014, 0.4921378332104537, 0.2119359738295734, 0.8945635195706891, 0.1296988243347923, 0.7488556869456898, 0.08662768883310412, 0.1059591709028952, 0.981457637570771, 0.8691085164665554
0.24596427798750253, 0.9251453724453662, 0.34555580844532063, 0.40850178631586864, 0.8691988084978428, 0.5996073706493615, 0.9039161375530698, 0.08698788266637614, 0.47835738471954425, 0.1668182694364322, 0.7627911951425747, 0.9503165980843491, 0.6218723838077352, 0.696913596502635, 0.23272573551926412, 0.9916126508869055, 0.09761988487672968, 0.4929818855276191, 0.6865295556424902, 0.27597182365084927
0.7577711486476485, 0.5455996400475591, 0.007635607429938407, 0.4004054188122923, 0.13124655680720032, 0.5660238962742871, 0.525143017165616, 0.628947023998624, 0.8212414372544992, 0.4446989107296183, 0.17511101087169278, 0.24976487920235424, 0.23236232269872847, 0.7969173639430095, 0.6902692802917864, 0.5717236550594458, 0.6690758166987657, 0.7233929622709069, 0.022276785754041906, 0.2903388590349222
0.5850720477744553, 0.8616639783542902, 0.03820743792014536, 0.8220405673763902, 0.8246453199128833, 0.5305325558813703, 0.6724255153903882, 0.9227926656591102, 0.6347063551705245, 0.9243790667152728, 0.45987549027430397, 0.4754044278389855, 0.8876712958249752, 0.879093516210288, 0.91224220401075, 0.3975908894377391, 0.5240336987034894, 0.4784860012393324, 0.21603099615879295, 0.6506300570370463
0.9162192338169648, 0.3057329498460605, 0.911123448216991, 0.9891157486890817, 0.8106436236228988, 0.5748797126606319, 0.7027009340837647, 0.7871281453628821, 0.33254409021753795, 0.15217069793402682, 0.1652936155883693, 0.13802132865234007, 0.8778931201329652, 0.6577770029637505, 0.6571147717997086, 0.17306328875407084, 0.37674996028813956, 0.7534150671407327, 0.15849744384769715, 0.5309775873419047
0.20960594799885635, 0.8876428742666658, 0.46767170128384383, 0.4124326576856474, 0.38880435129932944, 0.5314527193862907, 0.03474704395918493, 0.9164167460237304, 0.5467652898527467, 0.33115036061822856, 0.5963584655953349, 0.00996665591098167, 0.9113598539662735, 0.25976877961458633, 0.1116219920313517, 0.63457331400992, 0.776985048180677, 0.013471662946880403, 0.6882556749410496, 0.09991961301628405
0.05366930262087022, 0.07308142147846652, 0.6872743315006172, 0.09151847833246951, 0.2387055523794568, 0.7129322584358843, 0.603498771554978, 0.7763098425601802, 0.4150725664225231, 0.9783528757081074, 0.18807248762748252, 0.18990291839023732, 0.3902528404579467, 0.6954678412003902, 0.0032150747708624694, 0.1873887194516034, 0.2835778442354838, 0.29284358268886435, 0.4798728287324395, 0.4074928783570563
0.5377662654010736, 0.12002643823777603, 0.09198838252830133, 0.2440529159537136, 0.3770043318781695, 0.7814135585060864, 0.23417952506053508, 0.4096926364020269, 0.3827748435928171, 0.9049876003044985, 0.3412955945522608, 0.7441358407980239, 0.7004321928184208, 0.007502350395562463, 0.9053709599286817, 0.8101251569867624, 0.22089728472308523, 0.006928682778734485, 0.9390778618000339, 0.5142526047718962
0.9783913029001328, 0.7619295323652072, 0.31476761738422765, 0.4321314551712159, 0.7470160312066725, 0.8683689424977798, 0.548949765394319, 0.38250247094710477, 0.5331999947949465, 0.7833978114013884, 0.9301441398862644, 0.660783457590894, 0.8558371875162785, 0.45327806410652705, 0.25660182359668016, 0.9423679920210385, 0.39578097355343367, 0.30213453763677056, 0.3828001932742632, 0.7992176470371272
0.8607113839857486, 0.9310356482742213, 0.9002834870442993, 0.9948007767058403, 0.3251775416101105, 0.9688971943931565, 0.3967916598937383, 0.07401798391341685, 0.056572786487235516, 0.424159716506763, 0.7000579804795497, 0.5662655286941128, 0.9553070187067562, 0.45343778444741456, 0.8252816970940648, 0.06530932664403566, 0.4450144977023748, 0.3283613337519752, 0.33529746267854843, 0.878314820967677
0.7314431528762343, 0.8554921218807113, 0.12552345728888448, 0.027108285583010927, 0.16293796907695468, 0.18173929672967704, 0.09218556782902476, 0.8833532053158248, 0.36782960612320037, 0.7593584115533766, 0.6932128000155909, 0.8060253761695949, 0.8216033990940366, 0.8719121469697179, 0.9427376845680857, 0.6107006481639343, 0.6821525765180985, 0.509619216128219, 0.4111078610858324, 0.3351261424621681
0.5025180213138969, 0.48988984100818944, 0.9647227502937821, 0.5005082861070941, 0.09289720240054766, 0.6092266369419693, 0.5985576409148811, 0.5830217801965397, 0.825187562328533, 0.34349758009176823, 0.17700969776345465, 0.9753117999510414, 0.3477906704533976, 0.9125526846620754, 0.2716736382192585, 0.4545290974776366, 0.7977011995063708, 0.710831978451504, 0.28142743704881823, 0.4434159842051154
0.7563332338656562, 0.23726648306528908, 0.7077578074134971, 0.8530652048548822, 0.19605055258788917, 0.6169766681988346, 0.946339548717832, 0.6295801297122933, 0.6040969839277901, 0.09987705088574572, 0.4270203764328704, 0.5777034798261209, 0.11476011725395352, 0.22987567017663224, 0.748062004406024, 0.9933592550224508, 0.9621748898250565, 0.14053702291262038, 0.6053031546823138, 0.3895602665891329
0.2984652096065199, 0.8567942659012995, 0.4003869398517851, 0.795355465515438, 0.9711427636688066, 0.5239951566633444, 0.4018505945387062, 0.8074043592261878, 0.34707903595544587, 0.815916772030312, 0.07116878414959793, 0.14265785991571012, 0.145834063062518, 0.2493702400349862, 0.24715097805340447, 0.2904032056887488, 0.8993513171523804, 0.14739901639087127, 0.8863476397221548, 0.22056705635193297
0.41485606517424567, 0.9850748589639108, 0.1308927174056307, 0.17303559023820259, 0.7037357628252249, 0.4381842538346553, 0.45612090404564365, 0.45135870680127455, 0.9934839631840982, 0.04188351048198713, 0.959442191466773, 0.01908843740289523, 0.5826416552671304, 0.9600672467618222, 0.26354150882758043, 0.2349306922491815, 0.6835522445901301, 0.7822130060602173, 0.34502655431038787, 0.2176128116012459
0.5219397224243973, 0.6536197224424413, 0.97487916651628, 0.5611673116611327, 0.3270105045627645, 0.1708559659000779, 0.43607101182130426, 0.28095352043732713, 0.7197569512462033, 0.2315283745405593, 0.5497290384768683, 0.6226735297027104, 0.5004611849465866, 0.7330498980316996, 0.48623068357699006, 0.5287625540945683, 0.09821184872108801, 0.9758656601610263, 0.27570363542124054, 0.4770684951412091
2.3616535023,521.071424005,1315.98820911
611.810330203,1039.98903863,1470.84741709
