$x1,$x2,$x3,$x4,$x5,$x6,$x7,$x8,$x9,$x10,$x11,$x12,$x13,$x14,$x15,$x16,$x17,$x18,$x19,>>f1,>>f2,>>f3,>>f4,>>f5,>>f6,>>f7,>>f8,>>f9,>>f10
0.8820994959972155, 0.4482742253797578, 0.35657669035695305, 0.3623006995833501, 0.13922383921897497, 0.4743209768347272, 0.5824977657391678, 0.7339449650984521, 0.3636005313773144, 0.09562181458253294, 0.8721452421654465, 0.7646397926848133, 0.06649766855191108, 0.9931120498593783, 0.9216649743715541, 0.7241781195661718, 0.3626530806652952, 0.27147143070926105, 0.044529018423268174
0.4007886246282186, 0.778418291729222, 0.2981780070276493, 0.008685012700036299, 0.8398203140817362, 0.31242854250933716, 0.41518008306587273, 0.8747970882203343, 0.9216034231480503, 0.09282328449758703, 0.40189335840553664, 0.412396953000557, 0.468975525237615, 0.07978775119498993, 0.04663036058337755, 0.3358122697971839, 0.3647215915907057, 0.5943665433862402, 0.025448098889339965
0.04843510867820666, 0.20202389899061945, 0.4597467299628397, 0.9860946784904965, 0.8238517248500197, 0.33034465877393304, 0.3243934752225647, 0.8346418720477454, 0.5364491922511279, 0.281055957307763, 0.26058031128263726, 0.2672369012355865, 0.3785393476950175, 0.20762942663132533, 0.5012410329307032, 0.6135056735258017, 0.8688810335977473, 0.6795215291372, 0.3110294722993523
0.059606504116477166, 0.6736237657716682, 0.5897574570709887, 0.5735100429304985, 0.8943843978615139, 0.8191673106234242, 0.042498990271511494, 0.8485877542863367, 0.6958777799844936, 0.6611946032922921, 0.6068490529800726, 0.7316127545969646, 0.398587840894293, 0.9621186644750805, 0.32506128953714675, 0.9580469228980495, 0.9238310335763926, 0.2730798710724651, 0.08574430832118729
0.58587161186525, 0.11814718319928541, 0.15138523720801245, 0.7764816263785808, 0.823862917866845, 0.1709863179813358, 0.6974748116817027, 0.3537118822658364, 0.9943706040512089, 0.680736502517876, 0.11603900932439148, 0.27039369324448126, 0.7089483995682139, 0.9668729495084698, 0.9307235974188404, 0.45680695857726206, 0.7322264069635704, 0.3791558704652721, 0.7334892505643837
0.10904312821329354, 0.9788967363015819, 0.5751400677570188, 0.5540634612765812, 0.6963970306773556, 0.8383038423899459, 0.5446427799899503, 0.46559194091892475, 0.48762055005714156, 0.012528558555620295, 0.04907434226674712, 0.5997765901732793, 0.545910141558222, 0.46011624310724064, 0.43033413051913616, 0.007101955327095899, 0.15131329002869542, 0.3577413952955635, 0.025744571314398
0.7369009633663601, 0.3986858404700674, 0.5329926785131323, 0.4448819637002246, 0.7739187774737327, 0.8446037999683028, 0.8667199674031278, 0.39876048620867577, 0.9550944221707115, 0.3525058220484788, 0.2571751738038749, 0.23050294337537902, 0.5321944651401577, 0.023450849240726712, 0.9307353346979067, 0.27431047732871683, 0.30910329541835013, 0.14019877778242673, 0.6790415616243956
0.5379416713657793, 0.21575517941073574, 0.08883489080037721, 0.0712322276341113, 0.12823941020147422, 0.3872428017092232, 0.6675657728299219, 0.5720553106242919, 0.645754354620779, 0.5561329055038627, 0.10668610926225386, 0.027785499628683707, 0.04824677403761701, 0.8241341451597584, 0.31572360231908725, 0.8219740232033228, 0.16654094132265185, 0.6121897202487636, 0.5376635948441915
0.7431133635650904, 0.6194220470798083, 0.9532236753492952, 0.746191936095089, 0.4741609938392537, 0.7172192182158285, 0.6105776553883671, 0.6608978547082027, 0.4486465735059727, 0.9254325341169967, 0.7006591315921616, 0.34584030910229224, 0.4167976572377031, 0.768570377809172, 0.17858663180294854, 0.28572306467499997, 0.28531380399765194, 0.8019100515414879, 0.9262381391258266
0.4868615192945417, 0.8383888481527997, 0.5985819835752081, 0.41730759724122946, 0.7019892185712853, 0.9632832611438428, 0.5264450976580368, 0.9884879853628689, 0.24949758882856632, 0.5208142502683694, 0.7911567564857462, 0.3597778696638033, 0.9414832080580452, 0.062246937255630685, 0.3328318255464665, 0.5422905481546124, 0.49832903751800695, 0.0032470171100209555, 0.46070825186007847
0.9435832889529364, 0.7610393691582386, 0.20965641289915116, 0.4682807357928307, 0.8459554458326324, 0.8346256421599637, 0.6440147242529485, 0.11706903104441413, 0.15024550762695088, 0.15900122763255953, 0.19143252191084426, 0.8752212668701005, 0.401826593815499, 0.31130893946730787, 0.14070824109191293, 0.912248657861824, 0.62186267711758, 0.05132916297693024, 0.4247552671828443
0.17843590313754676, 0.9740594218980525, 0.7007639753517101, 0.753890910086877, 0.11585376662067093, 0.5614865257533318, 0.3687023943554496, 0.569251687727467, 0.9209050470646587, 0.03758206925889762, 0.356599185116096, 0.35325576320150276, 0.609813101574899, 0.7570034897651837, 0.6394649212136079, 0.9881122625030427, 0.3978467744221482, 0.3138873924827874, 0.3119966200157409
0.9917420335199784, 0.8739133673075927, 0.6817978895422514, 0.3344733312096583, 0.2506299509180081, 0.19059657548836484, 0.014954184363090484, 0.03317228710319298, 0.22957721840997747, 0.6913443561007913, 0.3546579827944959, 0.8545833426512488, 0.3321929212719926, 0.1580627449812062, 0.4326068924935771, 0.6885696441295296, 0.0495505009979037, 0.31054140828013854, 0.9210247695057934
0.4164350171927862, 0.7312187172854288, 0.5808517284650366, 0.9412448525230878, 0.3135957785181027, 0.5293896903427152, 0.3310453432673065, 0.2840225987184546, 0.6930526283557458, 0.47220454261956135, 0.3027431985597012, 0.6587218463722203, 0.5644380967501146, 0.00044530018897903645, 0.15539241269212944, 0.8736183607027898, 0.4475449512965779, 0.9529121124174942, 0.7163600463286232
0.9670519721438191, 0.8126568110587243, 0.9321750607559222, 0.7783681141655281, 0.20352174594445982, 0.3272304857116659, 0.2706005552734497, 0.9241081864812195, 0.735986921582597, 0.9950291458448343, 0.5292805844544184, 0.4820489392183419, 0.3539931429983989, 0.9321826769481762, 0.31238039347853686, 0.9395217360929077, 0.5844042231824567, 0.2009059509150749, 0.1303625281913512
0.045149232495298564, 0.9270198903888842, 0.23366668629163923, 0.7742281895790817, 0.08005306878091167, 0.4292906621206063, 0.2204396136666471, 0.9621558906532985, 0.2439762007452575, 0.9567761286693527, 0.9985438734040308, 0.9097665380609974, 0.657452777099953, 0.6884534334621081, 0.2981097299287634, 0.6503220740529495, 0.9408888502038655, 0.8492333657054076, 0.6685697830673462
0.03978845801579567, 0.48548056970522857, 0.5430132693057326, 0.39441041691315326, 0.5336222385256223, 0.8355716620959597, 0.28285574740224106, 0.6256394678758558, 0.705398757870625, 0.3837251985645448, 0.542526818648246, 0.913603183490949, 0.7582498623040942, 0.7145343490635312, 0.5793985759778902, 0.4515169033684917, 0.4715055775616357, 0.03128470400581962, 0.6617033195070127
0.0050219590299890315, 0.7142130870534209, 0.9066693543932329, 0.2515991104018732, 0.030047341124966764, 0.9920779684293155, 0.36013446258587745, 0.4362698028768027, 0.9652638467855231, 0.39363827525880934, 0.5934736489522826, 0.19453200772554657, 0.1585283912742783, 0.10679200740627515, 0.830032847486383, 0.9082633801848363, 0.5505635298202101, 0.024956155259828416, 0.0279089283203956
0.3248190654265056, 0.47162659104053906, 0.9207744861547865, 0.42427398898937174, 0.6556549042006046, 0.8159939658281099, 0.937690862321198, 0.8710013233356971, 0.7827108386203557, 0.4406199413350158, 0.12834303639360156, 0.8428832097843396, 0.6092011243762578, 0.40912591230922535, 0.6248951211518914, 0.1497726799503405, 0.3616814034138248, 0.2557977119322573, 0.1330272120855427
0.5267765090751564, 0.6453663695391478, 0.8041347924318784, 0.8997953025940927, 0.0061065947531994125, 0.7320403296937448, 0.958220193413379, 0.3830864471591645, 0.26491006483057855, 0.8246743456334152, 0.9421990956007645, 0.8321906086520672, 0.3718035021548386, 0.48286490714016805, 0.06435653977396727, 0.643618725669577, 0.04172732236156951, 0.2002189601336024, 0.2826999960597487
0.7453464849495436, 0.5117824881471325, 0.9292387453018817, 0.5401060282634061, 0.20654456223544992, 0.11154296924183382, 0.19148865644880375, 0.7569663907798851, 0.08445287318648731, 0.07518173276341311, 0.9829270349680198, 0.13968898752225123, 0.10546833396339717, 0.21726796545552796, 0.5183479566949267, 0.3451593247930673, 0.8152467229835875, 0.6906363795518712, 0.664614819476508
0.3308453652442034, 0.9122374180014527, 0.27405685096705124, 0.08885148289923894, 0.5281490621745708, 0.24407423535288209, 0.05438147120997261, 0.0801617135484618, 0.18682048865930734, 0.1417874682241399, 0.7945034622551644, 0.6923412452243767, 0.7995405312532659, 0.9268600751777685, 0.6977682434204076, 0.8402139812496058, 0.4620130448987665, 0.8461429468240779, 0.0017812982428605517
0.26947784895095495, 0.6636479231915402, 0.6290775773067391, 0.6792589469953818, 0.5395275825859636, 0.027347609010399787, 0.23702114336754865, 0.5143130353762585, 0.49531844052679475, 0.1240261795621379, 0.30716256240987694, 0.5611091698233355, 0.8510256374508215, 0.7324052517939832, 0.830903812081777, 0.3570109288972324, 0.48219045749347245, 0.2603613190368841, 0.8494309151655606
0.28363749723107845, 0.7325393766431965, 0.961918651008145, 0.8429406220110479, 0.17588896220560934, 0.30120515914068957, 0.00405993961895923, 0.9021039716486081, 0.8250882823941244, 0.8967505994779146, 0.356112171318301, 0.05843742407849206, 0.5689222522689139, 0.5257755325661402, 0.43647253194405033, 0.7985422207142591, 0.32799550031312286, 0.36982980428370704, 0.1681964798625405
0.7474616802746697, 0.274552687879817, 0.963808792554804, 0.7810942609800265, 0.4347787807930288, 0.8581974157577256, 0.7354930473506761, 0.9854055360059613, 0.13805274318195992, 0.3210551197645215, 0.7311059687559862, 0.585045083759991, 0.18750017893253912, 0.5627261111357393, 0.9360277705399, 0.9531102789102738, 0.03095459147668511, 0.7586986360835866, 0.33101946665854076
0.698781104002021, 0.3401586640440808, 0.8388787414210942, 0.7777575955457326, 0.8989945401111309, 0.18427522688040643, 0.8024587984021937, 0.6430528678330283, 0.8114260057593797, 0.06897044996230328, 0.6701580742545163, 0.3534656316267588, 0.1283059092918466, 0.6175158424874599, 0.7209883093287656, 0.08525674689118246, 0.05939568667194095, 0.37212784939072385, 0.8598355207452723
0.8907327566271294, 0.3867329260430734, 0.14681171452056574, 0.6361463948605562, 0.7924727832973097, 0.4112354793394972, 0.4203895581288185, 0.11521566436815123, 0.34156499916640337, 0.39862942069448704, 0.9046494188888594, 0.9385380344112818, 0.93367802035633, 0.10125804406809025, 0.1012033454427278, 0.5476564585162704, 0.826336033931493, 0.8617461235306826, 0.575671346255846
0.7238255064205246, 0.3547440166194372, 0.7494765916291906, 0.20682226585047014, 0.24068900256210735, 0.20830803882111726, 0.06705190101233305, 0.744572513005025, 0.18677647052633606, 0.13998697457416953, 0.025579361102566756, 0.803443948599556, 0.2887717668336246, 0.523201611739919, 0.867762676837363, 0.9783703629480536, 0.018387062524258924, 0.8653169826869943, 0.720332068888838
0.6860055960425022, 0.5753744462955486, 0.46922813306954847, 0.08560180519003713, 0.17633902610132823, 0.16518705302187486, 0.07136228566718239, 0.5734566705815645, 0.5370460917352623, 0.1437167899158216, 0.47343466138875734, 0.02759193032209739, 0.896004618584496, 0.4702505884217366, 0.6801565774445448, 0.1753821935480866, 0.8751219126506256, 0.6585933281499659, 0.598567872297954
0.19064345805173144, 0.6389725787228037, 0.2879786255864033, 0.05643691197797562, 0.7296993539296818, 0.7871096585050379, 0.13070008477041772, 0.6966918694386944, 0.36935122007665167, 0.3221248885890914, 0.14601756103475894, 0.8977228014229869, 0.22935067919685104, 0.499454935190082, 0.9704068409650602, 0.06083987692180293, 0.6217208776188936, 0.23259846233576809, 0.2096545373529235
0.33232756754433423, 0.9255486494382142, 0.8292196454164749, 0.7534797391282163, 0.8024236267529127, 0.37770397053923344, 0.22504565337497173, 0.8486090272673629, 0.775557348490633, 0.4347724465923414, 0.4430644447185208, 0.6772073490886101, 0.6051235628368317, 0.9937030174629081, 0.017106839157883025, 0.16031798450612056, 0.9098906875854319, 0.3639655504520638, 0.7756283534476061
0.6382007437338585, 0.43727764377472833, 0.031349885678667144, 0.7671873414204735, 0.14028275021468106, 0.24254412249099522, 0.7102361956901138, 0.26726343112841167, 0.5870418363843791, 0.7898619133172251, 0.8357228440326843, 0.7672848364483768, 0.5414164714835569, 0.7978055785309094, 0.7236805840792041, 0.34411248517356796, 0.9886162676058993, 0.603920276520036, 0.3697450018969052
0.3821180140752204, 0.2557359698534173, 0.17842594535673417, 0.48292910156404734, 0.8223684568121299, 0.7175067268433927, 0.847529325952201, 0.1380757785825265, 0.2930163721102641, 0.6209200301291589, 0.4994048220935031, 0.766374984304506, 0.9620708417793781, 0.9313073409715212, 0.2900184279310464, 0.8351064991827081, 0.37163917172159266, 0.5377746826892725, 0.49811779332028916
0.02363737558022372, 0.12064101808102967, 0.47225314734064594, 0.7194850590659975, 0.8505314415037948, 0.15690668475834213, 0.8248237284811512, 0.0884800460404277, 0.6766687073295065, 0.6880753940341416, 0.015348793808338979, 0.9285060981386806, 0.31381163625242503, 0.792437374188168, 0.7257581017159499, 0.309764701531023, 0.4926602556702637, 0.641873480912039, 0.808798510282346
0.21873289131456708, 0.14130897906056405, 0.046242875719134546, 0.7825854984375228, 0.5633200384129686, 0.6118893821482421, 0.6362279069197523, 0.8301033945008592, 0.8408493250658801, 0.6498100045910447, 0.7954517199059052, 0.10828528950266558, 0.878458951095207, 0.4377737354630096, 0.3513135343987278, 0.49586628706833613, 0.42545260193026535, 0.9521202742833738, 0.7162550782650964
0.41995191243780683, 0.3867553107227809, 0.10772127770795925, 0.458001366620472, 0.4513653194315488, 0.4769059499052344, 0.7123039682747461, 0.12776759491368317, 0.6844916153750988, 0.8965967652449748, 0.059364977248945405, 0.34700731963164, 0.7800416003162727, 0.25577116906566744, 0.659346856419582, 0.7074693558958975, 0.29321450653221337, 0.9245583870856021, 0.13089669911751134
0.6689708795968903, 0.037719356486254574, 0.8652663389392107, 0.2679464377515879, 0.26263407213712975, 0.07637244287055067, 0.1085497759743349, 0.9290458646248783, 0.7789840410827931, 0.9768657169615785, 0.7545215939266, 0.6287278819985335, 0.7394340270739368, 0.1284182137253893, 0.8182496760608949, 0.9449371898970725, 0.366319271124827, 0.8124515213565314, 0.5050890130976928
0.7582203383739438, 0.4883210140822021, 0.25443348841516, 0.7053055531940191, 0.9053119602256996, 0.3227874226402585, 0.1734020005764476, 0.3243228126546225, 0.07264658338597907, 0.31757559710340055, 0.5873749011539965, 0.1147333324549128, 0.23014700599886884, 0.4992453040975836, 0.5986005652978126, 0.9001032853392842, 0.17364732983130982, 0.528994250817729, 0.17966001861864134
0.35217229095096414, 0.5341813776112991, 0.3009854234872229, 0.7437959309457398, 0.2759942885543383, 0.6437804666104691, 0.45417105138155445, 0.7296379161136026, 0.23132195243886933, 0.4419615560793053, 0.5222940760468763, 0.39499123453431273, 0.2793201891832473, 0.21423455359259258, 0.3655792650420986, 0.016519522087118044, 0.7497546029889112, 0.545904731118043, 0.02157186280950829
0.38152266173742144, 0.0016361820840157248, 0.914098959979428, 0.42845709376574825, 0.34765079327280424, 0.9895150168098509, 0.8724598938607693, 0.705381748252383, 0.9021218389517699, 0.2840683933619297, 0.45507850235930003, 0.594761037903543, 0.5981792708763976, 0.6741623096470105, 0.985398131273464, 0.6527414141324359, 0.20563003042323302, 0.8876510510604624, 0.7333493842089898
0.7542744409487151, 0.07513915976655472, 0.18382824062225123, 0.7881567717497677, 0.27945168441530066, 0.8311470178324417, 0.8632005068356876, 0.42706020850602033, 0.4792594171122395, 0.7870513905679912, 0.2631575273791661, 0.012276647488719261, 0.5219788118367688, 0.11853206241324077, 0.226772327383721, 0.30916181227190576, 0.046278198307396545, 0.893923489017502, 0.5528054506569161
0.41743718186261325, 0.8458518593051152, 0.31995469564274237, 0.9857899745924749, 0.6570690807382005, 0.3064358090498057, 0.6088324969464735, 0.6921972568479723, 0.677217556629447, 0.8389409733931826, 0.72298151004167, 0.4358815533154552, 0.6393578261163714, 0.7256276342438153, 0.8654400401412178, 0.7201339934725773, 0.5057310679223894, 0.1654372633222504, 0.5554503975356954
0.7743933237735388, 0.36187656052555484, 0.5550593693858146, 0.3400108221677295, 0.7564775224754927, 0.5748011365485545, 0.2939195497384328, 0.9115247493039088, 0.7356577194564087, 0.09329532738936763, 0.24689210238980552, 0.2797240702373387, 0.7825670469526868, 0.3379652203774931, 0.9640168776295819, 0.2648887674312945, 0.763434749358943, 0.23786000227203208, 0.5411875642671286
0.3064123371793388, 0.44032311198195107, 0.8496577501923733, 0.8301151165212219, 0.30489785991048146, 0.6848836088495119, 0.3161707335445222, 0.6262955818812882, 0.9255362238055512, 0.5868083578048269, 0.32837151266120845, 0.1637449688964996, 0.8069302219589849, 0.3703252967887065, 0.3623994092338104, 0.3590657297998444, 0.8327738800605428, 0.38156894585946155, 0.4279480804250322
0.5793750613256057, 0.7645422446395932, 0.8762483065683742, 0.585982751467593, 0.5615736931996959, 0.27559109870888965, 0.34115208983420664, 0.803829480873407, 0.623979612450537, 0.9221229523852655, 0.28607936159073355, 0.5169062855002419, 0.6959951553680876, 0.9290223665861851, 0.5875021725658663, 0.7243953567491421, 0.3319937113546957, 0.47339862232631635, 0.23658936424811527
0.7228735063380879, 0.7329074546152212, 0.553015505487587, 0.04812465761792151, 0.16926505262808456, 0.8387010941822125, 0.22292722388331188, 0.6867805971807317, 0.2312427565703531, 0.24235928660470585, 0.5911073891448408, 0.0340185016881448, 0.6354434739107332, 0.6757833155610902, 0.9541978711390935, 0.016589167569580288, 0.6244021227375252, 0.9417306785259344, 0.06548922232248211
0.7870981035378372, 0.9237662609113707, 0.6814667063837913, 0.35614686617252156, 0.43494084119910004, 0.2624471862151835, 0.3243736488946295, 0.43776655242881934, 0.19035377092477168, 0.2452789487682122, 0.6347019315614397, 0.8838103995013604, 0.6565913332983856, 0.7021804254861659, 0.3032652839913349, 0.08604480017282601, 0.7098540167289313, 0.37478048983570555, 0.17920238470261074
0.5144773361533843, 0.9625341122716375, 0.9772132008781498, 0.2595425610522515, 0.8731425289835081, 0.04029660006338953, 0.4311997434917054, 0.19469533448057086, 0.7768910807957061, 0.3402465134581123, 0.7759975501485255, 0.752613613297629, 0.4306757291410518, 0.2785491071249173, 0.6595021391370315, 0.23415627695833663, 0.993988860110391, 0.17871610720241304, 0.9219988517486561
0.19331307362384798, 0.265747774830441, 0.9044073370860234, 0.43344635208258375, 0.2552558408260177, 0.664048589543293, 0.4432478494982739, 0.99130595833262, 0.850711068000834, 0.46713892566965376, 0.29737146260620184, 0.18259063416943233, 0.9063940296693569, 0.9128274740860344, 0.7075181927335987, 0.3579657404379719, 0.4121611046825613, 0.28452810219613656, 0.905837823557021
0.04503055468141448, 0.09854253938837221, 0.07422680644109214, 0.7482067071985398, 0.6986741099166393, 0.2361550578382825, 0.5960685045909456, 0.8632194534676165, 0.763361071212185, 0.745094736297165, 0.4664214759965216, 0.8813918868666745, 0.6896183610027378, 0.7677942556611634, 0.3598837799462732, 0.1431653279620999, 0.17243536785487534, 0.5543829610820462, 0.020477295524898742
0.04064876152736541, 0.7816273837949332, 0.33739307146341513, 0.11431550154191095, 0.5494290711349767, 0.23261703871037875, 0.5721767371035542, 0.028572673653210368, 0.11537794682730929, 0.23730919459704536, 0.6666718272357121, 0.6848084015182468, 0.8730706708631064, 0.5559212623144124, 0.7398024931673307, 0.8827777457258891, 0.6539514436345604, 0.6941295073732079, 0.759175145000205
0.008729307496664895, 0.40126678701478, 0.7658425705163084, 0.9660217609094479, 0.010788552014285968, 0.8648280969926264, 0.8297723999742986, 0.18236189124866697, 0.9784275861351033, 0.117348759588076, 0.4731671128601289, 0.017110259422943086, 0.6741776859814171, 0.3629198405577203, 0.26026032390697584, 0.3213622839223914, 0.12435661824962163, 0.8902111149369035, 0.268775744739298
0.2616556947585974, 0.23925343045295233, 0.8010374408212452, 0.2503817237994088, 0.4735830639144679, 0.4158079073325819, 0.6454828173254304, 0.4014388970516375, 0.31130156542612875, 0.44111706604981193, 0.26813833619283967, 0.10455774402777318, 0.6679047870714298, 0.5580418466597288, 0.9986464592612063, 0.03878656684863424, 0.865470684764204, 0.9774188706586209, 0.7420205750035517
0.20859295828210023, 0.41298780209314656, 0.6517331515158752, 0.7196063493510708, 0.8985801984982047, 0.07006215368789481, 0.2618771881320492, 0.2453023436664895, 0.903457493585294, 0.162694337899567, 0.435843818738501, 0.3410493845841658, 0.3576559610368114, 0.26976283776578613, 0.8684032679089299, 0.05427862771854497, 0.9942774001348144, 0.766671858398946, 0.33091722655803
0.36925193486938956, 0.8837617300360107, 0.3303116772365674, 0.12399513786919403, 0.15014801074474726, 0.963782405365943, 0.5453929064276996, 0.3938818233772189, 0.18806242653075034, 0.5672737189378299, 0.04470986966139401, 0.7875190880915337, 0.33814818735986807, 0.1801658013766425, 0.03653938753853392, 0.21679273632734652, 0.09136265653192599, 0.8483888809668088, 0.23950036266909802
0.7073859822544554, 0.4131820852868783, 0.676794480800445, 0.8933371745260036, 0.43571449996316647, 0.2113318800086782, 0.2988403385150087, 0.04451272736130185, 0.4763163509902798, 0.5980338886488399, 0.9228634335705105, 0.712637482648478, 0.15450412971548455, 0.4365792299740693, 0.8708094994853418, 0.5736835881982084, 0.07351256717780463, 0.9118803876082514, 0.23941753448978775
0.5766649820941873, 0.9206423489031388, 0.8278765681963712, 0.14259177913272558, 0.41340789678712686, 0.14212706601564362, 0.8530286403361427, 0.6323705191326985, 0.4445253778847258, 0.8980868097967425, 0.11067438963276, 0.03845302830840691, 0.30596531762400414, 0.9968807357408931, 0.6531032523832606, 0.4900838163254302, 0.9993410246264516, 0.6686767763276751, 0.04115191734672308
0.13521699762217387, 0.022693085186673234, 0.7597474373253448, 0.2675553654051974, 0.18343680080719926, 0.36421784966979687, 0.5571669503285177, 0.9955898355403644, 0.7416295718493102, 0.35668610341183826, 0.44901372402809026, 0.11148926998492648, 0.020303909817369625, 0.6552783053896769, 0.8391413317974696, 0.1272687526567321, 0.12223947632261001, 0.9232444216591065, 0.17898787516773396
0.7306292944684571, 0.5983122868250393, 0.6567953090227757, 0.9613828009050529, 0.0014850509100167164, 0.9901711428772555, 0.7085544920733475, 0.749511769955731, 0.7521523087501873, 0.11545716557645747, 0.7621890227561706, 0.1859396868802181, 0.6020264885251244, 0.06022578347460672, 0.7184853037502221, 0.48031317785842975, 0.6133005930484062, 0.8945555111859426, 0.21444165771806345
0.6097372885299849, 0.10142464499612147, 0.048741440634111344, 0.9617462020807248, 0.35829634307717784, 0.9729624252947859, 0.07879783471008472, 0.7601448736010764, 0.4885842067539752, 0.7196352183493274, 0.5230071407108517, 0.7118289001750432, 0.006048150716072231, 0.9595891390832825, 0.5403569923621875, 0.10902789007411207, 0.9550175361023661, 0.25881765649877797, 0.6867906883586441
0.2882457203701446, 0.0716398636560166, 0.4581495777533783, 0.2627966990698607, 0.36931762542701596, 0.41154406146582745, 0.8172758308155305, 0.5371378545783748, 0.4263089398837825, 0.5872124949233125, 0.33605453167698596, 0.34569677913569385, 0.8042917505297523, 0.14159535656554034, 0.3549281792029295, 0.4250553432717944, 0.16109756041532464, 0.1522615192987663, 0.4416985614085084
0.4160910136442578, 0.23394723664464812, 0.057672786690821654, 0.22219391099777697, 0.6077332974901163, 0.7084696323521135, 0.5242800495415203, 0.3815591165185791, 0.39234990315849816, 0.2248213980973005, 0.7751749855685127, 0.9342187729846417, 0.6540878519991775, 0.5094009682159787, 0.5801650044667287, 0.9906242838092754, 0.6155493867793194, 0.5342598542751281, 0.796447146948982
0.5012747462910652, 0.8502813019025715, 0.1785492024872548, 0.8676474542680662, 0.4976293019209148, 0.15037347631516595, 0.7845148553614026, 0.7569855306886545, 0.14571202962193963, 0.11504693407788491, 0.09861928989457258, 0.9361890540348976, 0.9833544244537691, 0.6794513129117173, 0.659959030110106, 0.45823607848725667, 0.17424210208193514, 0.308262786497443, 0.4327049441681935
0.3062831468769286, 0.7562336154160278, 0.758256588211578, 0.26667956570005746, 0.7509417181463125, 0.06771253863899718, 0.9261635878323294, 0.8227408132084453, 0.8786644129671886, 0.16336406565393824, 0.6998664005206666, 0.476077043143712, 0.47406995567949395, 0.48776374860169514, 0.894273688526685, 0.3142931641945139, 0.4592794551479551, 0.30995601069199463, 0.2887590050334713
0.5857044911461231, 0.6592005858319161, 0.5268616001584414, 0.33452850826889813, 0.6535085481838121, 0.13225804921202056, 0.14309068120370083, 0.9748941791344631, 0.4690178904563207, 0.8897853313158787, 0.21107235337265995, 0.7700762472588513, 0.3585369111240587, 0.9985997098213106, 0.3934445193602564, 0.8779853267101572, 0.824316263739571, 0.8575326567815984, 0.6947386638286321
0.393233521301645, 0.6382341723075056, 0.6780304080283541, 0.9524179154479615, 0.02641785406661512, 0.7804979242977254, 0.3581750101597996, 0.3370666687749, 0.9963938730118528, 0.38024767700484086, 0.40307450068648265, 0.16260447014184198, 0.9104191818230108, 0.7640583025178084, 0.5883811057852355, 0.09321701956643247, 0.866100566774629, 0.034950585234572284, 0.7028758179289819
0.5076854309578089, 0.7926283381416532, 0.040817622987316504, 0.6749247293530978, 0.24684920884164685, 0.7055111809284326, 0.021840248986958355, 0.8425410209917125, 0.3881380864891715, 0.7265150698518106, 0.01941279511303673, 0.5794787426970229, 0.5154506674928051, 0.8158946501986806, 0.9230668228943836, 0.8940022846309796, 0.6414247981285166, 0.08442417265031432, 0.12262282084540033
0.7767945935992195, 0.506240882502067, 0.7470367411144904, 0.4477061952563083, 0.3186932688519487, 0.33069530942466085, 0.24769718043454547, 0.5377583216038285, 0.31627195453787005, 0.3084195695825358, 0.8606202729946001, 0.7213971867202342, 0.22550184069094203, 0.2983076888993985, 0.7840068371386371, 0.5112906768768549, 0.6792169614508187, 0.7577161192323607, 0.06211255909201063
0.9179244344616029, 0.2819204103694939, 0.281772634225658, 0.12834976589761216, 0.8599578333440817, 0.8554201080539349, 0.1540277645418272, 0.45558043065552545, 0.9415732132064384, 0.7754109815100376, 0.11195625903581397, 0.47918717121526255, 0.30220656194329354, 0.18691366463050563, 0.01803790742002187, 0.1733402881309699, 0.9554107631413241, 0.5130015799983318, 0.6071302525185794
0.27610958681357467, 0.8266578552025653, 0.28481625166474434, 0.9932009118157757, 0.3709830933578967, 0.2424347381461639, 0.8204032542777876, 0.478588443483413, 0.3892545411247844, 0.11075388140789155, 0.3071769360465798, 0.0609418254661781, 0.890854109718194, 0.3964337352835031, 0.9490851560252844, 0.2921595277838498, 0.7237224056379475, 0.41837862033223183, 0.7710379414168097
0.8283439977594208, 0.6054753581981677, 0.28261738623568866, 0.17166753021288872, 0.905939179726004, 0.15059018639726918, 0.04652399994835976, 0.2656706430053689, 0.07583828330590547, 0.9455364786414538, 0.8001170203516093, 0.2252741110765154, 0.32422129127224497, 0.0787697196087005, 0.15889366754578993, 0.7508809875289932, 0.24462441498616194, 0.7569317397287771, 0.8329497048596067
0.8006537427193139, 0.617391340012821, 0.7525940554127454, 0.8836612539019165, 0.30275900489463936, 0.5916891674437291, 0.4499921666752157, 0.7377954135972812, 0.3685542287767767, 0.8778358434811784, 0.281318209568866, 0.6245058182624692, 0.025222187306768062, 0.3824027785065156, 0.16371846844209847, 0.3631889977593572, 0.529958920659547, 0.7433527787209143, 0.2385999725084227
0.06961479211742361, 0.8071413759259342, 0.28168277153763566, 0.138213652819824, 0.49621961046736185, 0.9465414396629598, 0.046213978178135884, 0.9889257161447512, 0.887684111599367, 0.8861150693630865, 0.9451675292869856, 0.7405326002380318, 0.6544368165555174, 0.38657524465596704, 0.1357199920332658, 0.45627527818131375, 0.06276729816203719, 0.633355223989145, 0.42161961656782054
0.1616507449650042, 0.026637260787450767, 0.10224662134813534, 0.22957490495653876, 0.4487387938960038, 0.3183372948393638, 0.2274948240964325, 0.5175595391494011, 0.2175846945721761, 0.32407609015707306, 0.850079071407169, 0.8589791161615362, 0.8434289142448458, 0.6611742295002563, 0.04084076358191813, 0.40973422804069803, 0.4387750734515513, 0.7194380875902239, 0.8586945678156838
0.6013789684241783, 0.35828855177073526, 0.7106016489196277, 0.8031149717503249, 0.13427936103605098, 0.8094307577479926, 0.7462502321869142, 0.21623739286926957, 0.1361328241175892, 0.7797674623927888, 0.7782746677092844, 0.9485279689084262, 0.6553871487781566, 0.8435191549575615, 0.9621304772551346, 0.8007113566327458, 0.8623090695912965, 0.7497545704276212, 0.5253502174637431
0.7388794471550202, 0.7389569533537872, 0.3674737135064844, 0.5122349564898304, 0.1304298775760243, 0.7075628164955146, 0.523954635092946, 0.22913221038712783, 0.04521550395297358, 0.2633768662401601, 0.8530077182799305, 0.40908512953237786, 0.6959871704764706, 0.06431093695554146, 0.901728253538938, 0.6768950175791936, 0.901145710284322, 0.20143161817481503, 0.30394753585058154
0.9041974443472592, 0.8202566758553507, 0.15484317979887108, 0.4536066614875619, 0.8435018710286789, 0.8208564020744978, 0.6015120279771619, 0.7403244273082049, 0.48485907497437897, 0.6299495449920115, 0.43200044879520316, 0.5116134546766495, 0.36384148086150236, 0.046179538399254594, 0.7911063792836184, 0.8075655510540605, 0.43316554667434903, 0.3475482786710712, 0.7201602365203056
0.04279259799410473, 0.5211331830182577, 0.39792474059889726, 0.8947038539667306, 0.5260109224899392, 0.5440209194957478, 0.8025233577399571, 0.4152934832012578, 0.7520217075089709, 0.8722955491268655, 0.5232529826400021, 0.036673514891596315, 0.8279632746871909, 0.17344577117831916, 0.33697694336212125, 0.8974281876520476, 0.6022383166092384, 0.5064145523792242, 0.3164057764455158
0.03805785039584009, 0.12348966654209759, 0.29294604624396303, 0.6488342590106291, 0.10058051194757567, 0.21653500847231688, 0.20537186043615796, 0.4416670134044488, 0.9665743938483923, 0.9458061289342066, 0.17324117735119682, 0.8201223597270492, 0.41610177990861563, 0.7230953883246289, 0.6449126420768656, 0.954458375545558, 0.520028959593488, 0.9459339673749555, 0.4578731129477108
0.9236344795584056, 0.6382580783753722, 0.5141475381080156, 0.31908301177773146, 0.829442778679113, 0.1101169979000598, 0.6543070119532209, 0.9591344697676697, 0.809267745513348, 0.30276004381519905, 0.7915123152016768, 0.38090816971366004, 0.5473813899706379, 0.48577835563216276, 0.042706490262375274, 0.1729962973785497, 0.5641253310927898, 0.39366134850613843, 0.25018259977836765
0.49463253981068056, 0.9338321481824171, 0.7730471854482767, 0.7799156928780082, 0.8976943670372574, 0.22193331628474222, 0.3296969808922736, 0.2675872392554204, 0.7290335927492169, 0.1084712159727591, 0.9070077136772465, 0.8948389868548835, 0.7660627948151376, 0.8050961034804374, 0.630109798311064, 0.573302397029423, 0.6232691275046611, 0.6309415849597823, 0.2965215856155411
0.9126447810186472, 0.19018023265811046, 0.6880347389519146, 0.3004031491186948, 0.6427891937367146, 0.6962238403121532, 0.4023425338224995, 0.556749254203661, 0.39892245140107296, 0.7646921602707518, 0.38757129569470505, 0.6595101431272333, 0.6969164623167784, 0.8953722675010249, 0.3119510817011494, 0.07262666887828251, 0.39418101815939655, 0.2134464764736439, 0.9451076140948629
0.8971429933582966, 0.7867253600591334, 0.3135796947904229, 0.7293285862164931, 0.6083759031612663, 0.4415377360673445, 0.4545243401929019, 0.4195491774892641, 0.8796845145265338, 0.11551729896327723, 0.5952551720641581, 0.7590873059059345, 0.7068798228463367, 0.08344702899047574, 0.21671443381902677, 0.47397009301669424, 0.4577413240110352, 0.7868383645331103, 0.01769164991828287
0.3624249688514043, 0.8623181736342391, 0.7181171963081275, 0.5780917683110889, 0.5096685767439019, 0.7850499630635787, 0.10731612373473243, 0.33384940479152936, 0.5002880149737251, 0.2610370321076071, 0.8841810469475965, 0.40343868492803314, 0.06158724294940443, 0.35199349726024987, 0.7270209466339813, 0.26421902295669053, 0.055528650472042806, 0.7191090042832325, 0.24650203216007283
0.5145356017403058, 0.3766609957334647, 0.34004297470490286, 0.8136882480909757, 0.13775613108411222, 0.06707889525333699, 0.9414130496231098, 0.30371408234667896, 0.9634972773848387, 0.10129942985368934, 0.3213038567723828, 0.6003817828783623, 0.0432119031057534, 0.7686053111028871, 0.7676201862695019, 0.3654204682391812, 0.6715810574736312, 0.7723212904160268, 0.9790970261522363
0.10531787745244958, 0.9513809447410354, 0.08599395489768047, 0.1912154677233575, 0.6808456930205143, 0.8983686727695732, 0.5381618908494316, 0.39876042387208743, 0.5861239008592336, 0.747874868693066, 0.15107686189087444, 0.08469770020229328, 0.9621950488812163, 0.4688346251964778, 0.2410437345211447, 0.18731107922838397, 0.5994630619926318, 0.9703110297651434, 0.23399839254723764
0.14585140567920962, 0.14759049775244426, 0.4153758561664298, 0.161246332581238, 0.3300643004423547, 0.9798513361881235, 0.6481078799148904, 0.21383442979724854, 0.38850748715881767, 0.9631767514976801, 0.1843108610591404, 0.048214681167278894, 0.0965289852076564, 0.9929941618149712, 0.15951526688885898, 0.9132312966112315, 0.8620631156059693, 0.1759215876770237, 0.39695409729156494
0.37288998519132754, 0.6953035060872099, 0.7215563515410334, 0.8034509320355906, 0.03911366663826121, 0.909481157827208, 0.4347415988540909, 0.9024657359033541, 0.8597327031174465, 0.7212479920172343, 0.4998387233260767, 0.20359621491129176, 0.7480651304768859, 0.9534633616690301, 0.8538171246459163, 0.3398896181895429, 0.14086668684171455, 0.9425340965158714, 0.6280562276891618
0.5930160225068379, 0.4636913019778204, 0.6035747367309406, 0.8021455525856758, 0.3752765825970307, 0.2958554228120137, 0.7307717451840566, 0.3430894991789504, 0.8590761147817284, 0.6420527269815945, 0.6177569669055463, 0.9582807890617637, 0.46394032684923026, 0.04536735419202165, 0.35566200429528694, 0.6424492504760525, 0.15478439493044516, 0.6766218731818435, 0.8880990132064529
0.6380905431510178, 0.7067117284229846, 0.4338758821554579, 0.7319585435365353, 0.3339855031588381, 0.9878378117500226, 0.46703158384467225, 0.44296759165767674, 0.41959561920173594, 0.6408202097944193, 0.29322998855470195, 0.5369635728285631, 0.4788523175339152, 0.9006761092830369, 0.9041209729294016, 0.328235996536256, 0.39312071685926575, 0.7670506948037025, 0.3365518499897018
0.16463320829227268, 0.8208142798738883, 0.5468806319398085, 0.034199717236838456, 0.0819985325473408, 0.5444946465682082, 0.9153410138349698, 0.84675620064138, 0.756435207622041, 0.11230476228503972, 0.4899790403942469, 0.44495115481485603, 0.33060771473395434, 0.37093664585345787, 0.7097073575891405, 0.9904135895686847, 0.6240043911930839, 0.7632139803127981, 0.3865724953626011
0.9833852323918137, 0.7351083618887986, 0.21415510807298355, 0.9100546688605907, 0.8718309705633885, 0.6575903006734821, 0.030816315588024112, 0.36804163544901436, 0.641599456793304, 0.5017238589010042, 0.2175914608541737, 0.17703154259056808, 0.7627420121275863, 0.9055023743189047, 0.7100091768511997, 0.6915008649814344, 0.1349986086710392, 0.266832366585274, 0.5615027773271606
0.035795513116676614, 0.8323896437361229, 0.4660552911469158, 0.5340153530733741, 0.3250002930494036, 0.5775704785981248, 0.7273342219102732, 0.38295520160370866, 0.6438700820620484, 0.2527846844355849, 0.9627116077260396, 0.5917043294110654, 0.11087268492424807, 0.9895137503499603, 0.3246255083884996, 0.24031419201004034, 0.48470532185529647, 0.6850185787671467, 0.6428519598960575
0.6377940371177323, 0.19995298481467672, 0.7670477384691617, 0.7519949870089676, 0.23680323449823337, 0.40828085424875094, 0.6342449876992111, 0.8269633936922, 0.15342682902847804, 0.6692140547979228, 0.31615770004710675, 0.05230533451674446, 0.9449834029791995, 0.812935121744212, 0.7854008925202811, 0.8786751758212928, 0.4225747916587821, 0.683688094862532, 0.8362317962217954
0.47377657582670285, 0.4062092846514359, 0.864017641883969, 0.2428897958997438, 0.00955614616484024, 0.18816057731110314, 0.5242237413947964, 0.6777296027580121, 0.5494954173152102, 0.8615018716025589, 0.8338684425546732, 0.12206651560951565, 0.1898647507946496, 0.24866623017571943, 0.9085197835892078, 0.8612903545729713, 0.6212805875542778, 0.35605105077910315, 0.15024076880609671
0.3986316010256461, 0.992003232905789, 0.4786736572639685, 0.6513603590345926, 0.1540868701197048, 0.6515934220325322, 0.13027797398509378, 0.8070585610801088, 0.49978007261346735, 0.8509460452515402, 0.8447332371083665, 0.7789304615805251, 0.7209260247112267, 0.21958159987829085, 0.2980832244264964, 0.06554829872554746, 0.989256712929218, 0.07275523659737526, 0.4756265118302262
0.5525678474516996, 0.9301310614839366, 0.29467734588151195, 0.961087844766234, 0.002912070224707408, 0.12176620317305831, 0.7913330183688133, 0.021902716761587837, 0.6520818466647085, 0.1216455662622945, 0.6282821587564422, 0.12173999069076924, 0.6985858662854163, 0.4512279220887042, 0.2026092939588876, 0.6385010945214011, 0.619518831046083, 0.9235282121890439, 0.3140596168550859
0.19083118696856405, 0.07173298573692555, 0.9750816284631381, 0.6790893154636323, 0.572373557478162, 0.6388137592629463, 0.47111267194618844, 0.7333619985758225, 0.6993587635135023, 0.6410080506729123, 0.5295705041062455, 0.7879079472662373, 0.26938683971724386, 0.7697508573432029, 0.8201357217759601, 0.033275043281465244, 0.8878823629588575, 0.6256699888972211, 0.8141448476450099
0.3784366288558446, 0.18257864852671846, 0.09921162697135222, 0.6938421794819459, 0.02096360491685867, 0.28472069284036494, 0.9773719452484504, 0.861801676253299, 0.8809597283879504, 0.9160881557675024, 0.5535196054992014, 0.023110484627079986, 0.48271327687951526, 0.25837002857092484, 0.21055706475310887, 0.824764785795934, 0.6616591986752874, 0.9948611303029145, 0.9302512648429013
0.1905776803696393, 0.47471797075300015, 0.36435427646252605, 0.8249834164891042, 0.37587647043931494, 0.3124772311315841, 0.001129633042617928, 0.8001573486223131, 0.8053591276060676, 0.36366203994154933, 0.5998587431412122, 0.3859449778300217, 0.5624487359968, 0.3974700139071786, 0.650974082236115, 0.8799094090314311, 0.8075708836950621, 0.07128626730200005, 0.7601255920553002
8.44037200728e-09,0.00538311758526,0.582370250008
2.22094365093e-08,0.0051074923107,0.611066540231
6.9891595365e-07,0.0117740903795,0.787211094003
1.44308941095e-06,0.0198284476978,1.37688042808
1.00697806501e-06,0.0461099754916,1.23040042677
6.92715031629e-07,0.0880617545151,1.9675994058
2.49459260304e-05,0.154270891195,1.65086369861
0.000217823108666,0.29073181061,1.82107413946
0.000556534711105,0.590061730112,2.36985074116
0.00256842615536,1.29502455869,2.51854651818
