$x1,$x2,$x3,$x4,$x5,$x6,$x7,$x8,$x9,$x10,$x11,$x12,$x13,$x14,$x15,$x16,$x17,$x18,$x19,$x20,$x21,$x22,$x23,$x24,>>f1,>>f2,>>f3,>>f4,>>f5,>>f6,>>f7,>>f8,>>f9,>>f10,>>f11,>>f12,>>f13,>>f14,>>f15
0.7808734779577171, 0.895616637259769, 0.5576385873806882, 0.2730827687212005, 0.5519752704027294, 0.09803645106166803, 0.7127369227975459, 0.6896423372432455, 0.5406303111407613, 0.11935229626815713, 0.9194545658749259, 0.5455264579898761, 0.937585577310133, 0.21170554819953813, 0.43970588737248173, 0.9058208398925475, 0.4902239127706429, 0.3242872453400286, 0.7434893135449135, 0.25252757497540057, 0.8525330940556267, 0.09541908057566106, 0.8445571176295836, 0.6731056039059162
0.21072498379912974, 0.8847015288563463, 0.10078710621367037, 0.860272834310753, 0.9176150657839003, 0.22689022344003662, 0.47829281118060885, 0.7570261340967137, 0.04220655467382617, 0.24195678913424945, 0.4414556225077204, 0.3142582511094373, 0.8635687576617803, 0.15054126184769556, 0.8269681385508179, 0.935665866431718, 0.8897022566333201, 0.1815697479203876, 0.11727137166620416, 0.15925852413992247, 0.008340574223695607, 0.42128929262980874, 0.5962939104966162, 0.4106083577644055
0.13867220826866056, 0.06030704109915097, 0.8899277090679844, 0.5979626679473923, 0.43448899350525605, 0.7903045924146577, 0.34268703814279966, 0.9971254471688905, 0.47549656428101206, 0.6985305192833543, 0.49495406220798943, 0.8021623691580171, 0.16383036182328659, 0.880700259323234, 0.19620788600755634, 0.6013831884263556, 0.5383970125212008, 0.08922930926240391, 0.5352825598365359, 0.9493729011976916, 0.6558079308223747, 0.6227887779900186, 0.18206611117325877, 0.6036386570104848
0.3859885456425334, 0.7619534547902703, 0.20189053439686389, 0.3616615156110774, 0.02374868967031918, 0.07800161412808682, 0.23352608827992793, 0.07946521020940978, 0.3256404346855156, 0.5831012281916935, 0.40154286865403865, 0.8432237661112251, 0.04482222410839609, 0.7443131711816735, 0.5659464996492005, 0.4593740301272876, 0.7999218361933901, 0.07166972787084769, 0.7302623355398877, 0.925401645277151, 0.7247376446524232, 0.7942817264768348, 0.07105015915163926, 0.4960287952105831
0.4554568140465145, 0.626477436706037, 0.9050755653192111, 0.9655485526197938, 0.39520475370965436, 0.6161269680811844, 0.7743800800958288, 0.7479129903471664, 0.8358456628450974, 0.7127057773085256, 0.15258756742890467, 0.29978202661030584, 0.6749895862325751, 0.5752872809893567, 0.2610217641144882, 0.16914047732562631, 0.7931260415193125, 0.9974786132143764, 0.40713836436292106, 0.8462647051612747, 0.45809047016800264, 9.064022330840249e-05, 0.6582554949207339, 0.4626306957517783
0.9356029171755544, 0.15094914647648627, 0.6013516071689056, 0.4944621334687228, 0.8440473079189267, 0.42307017394838353, 0.5400352910818639, 0.4741268314844749, 0.10153423861006272, 0.7846982468006872, 0.6303796422258433, 0.01075048239622467, 0.6466145876045161, 0.3295479013907602, 0.5315190105790804, 0.33247486266264337, 0.25917570184805694, 0.07443858962654437, 0.982810097957402, 0.6477513129941196, 0.16495608507110882, 0.974230005485137, 0.6603148356457478, 0.9149127643574648
0.6660612260522762, 0.6572539485488242, 0.29470923872608923, 0.5102071826482146, 0.337568239323514, 0.7375374856151937, 0.4438850947469193, 0.02517192442355598, 0.887933930488778, 0.18519133116836184, 0.7626608924745228, 0.16027312973360663, 0.9753536260225542, 0.6390235474431036, 0.6185789901104283, 0.6442072121566507, 0.4456941967174646, 0.4127827598067788, 0.5785740176405506, 0.7304511986848172, 0.2996133761297276, 0.5805422413113922, 0.19178998798042912, 0.2573501103362288
0.9814791968712011, 0.2872721303941155, 0.022594927346819893, 0.2604405595060023, 0.36798066028500753, 0.3030627033079025, 0.11669041422155702, 0.9231319155803458, 0.959293773115852, 0.7518320897845696, 0.4494544755393639, 0.8239146994781386, 0.1378858258402086, 0.8208209666215707, 0.4117331742446504, 0.756302473092638, 0.7827494745528628, 0.8349381023788072, 0.7409231459650555, 0.3594673231220791, 0.9317474181955319, 0.5768317824125859, 0.31526765032619464, 0.5232620190138152
0.579176844993156, 0.4199349347055291, 0.4373108417682987, 0.45236427655314027, 0.5621763397512289, 0.7890049819665105, 0.582789047716228, 0.0048807822146818, 0.4931938045375863, 0.6102986380560045, 0.08991918537436439, 0.061878114048453225, 0.9320998999050064, 0.4309093880710856, 0.8399651750101798, 0.512167101984006, 0.8051402893815809, 0.5202942031921801, 0.2390174580938742, 0.2762918913814447, 0.9026163732412107, 0.2033579029371122, 0.18889752441928653, 0.772548594079597
0.9362850939758042, 0.4533798886078011, 0.2600249332152983, 0.31656437455902364, 0.39551470160523217, 0.26137242593063714, 0.17507442731304468, 0.6532745721519715, 0.6055291829328519, 0.9082397547002006, 0.25934913732049114, 0.2559477500845495, 0.49044087475263054, 0.5257444246252124, 0.8906290834721546, 0.43259508619680376, 0.8924700241263567, 0.454364813601282, 0.3177787052576643, 0.2603555956043867, 0.24616186065812484, 0.4274082406907018, 0.20580269424320174, 0.21573746933498428
0.6373631699477795, 0.012633304714084859, 0.1918022443146411, 0.6063071592378575, 0.578092500271455, 0.1343232741715018, 0.6558972793828671, 0.419120998178644, 0.19446392049528638, 0.28764870790726627, 0.9309592911341998, 0.18285968360877303, 0.32160106178754544, 0.5988524881044646, 0.6208797347566529, 0.2292587095207903, 0.7054931746988439, 0.4028392532980609, 0.2954524253475962, 0.7293190815373668, 0.074085397995166, 0.12967740485418622, 0.9687902582771153, 0.4100146757746701
0.7487135411391573, 0.08207770445906815, 0.39446468992498884, 0.26713961214244963, 0.06986555871993883, 0.22252572305855722, 0.4608980602960955, 0.29638490177657273, 0.46375714228726517, 0.3165918268887479, 0.4062067538135845, 0.9994778808881211, 0.9304885167233287, 0.734189106092912, 0.3312488091786512, 0.5275079633705727, 0.6255512566980214, 0.39231326891181295, 0.2580098030681369, 0.3662749337248724, 0.04543469679924772, 0.9817637341314474, 0.09457170887926702, 0.2646624764911413
0.29490596904752164, 0.4549099618177853, 0.6417216472864562, 0.6397196111004565, 0.9255199652348234, 0.9146977958116845, 0.5627860557655671, 0.4298377514287255, 0.9601211277358841, 0.12514904187474485, 0.5893607364045406, 0.7303997200836146, 0.5117784046303699, 0.9814706730286281, 0.19333747442977978, 0.5332629628819705, 0.18516429248365351, 0.19680865929179991, 0.7909390622426237, 0.48208561841609376, 0.664172871405142, 0.6178542728332741, 0.4890663904156096, 0.09113755188161998
0.4562951584002012, 0.4568629835280582, 0.2082266789084951, 0.7820779716256245, 0.2984139380302252, 0.3733289534181703, 0.9097228975829268, 0.651899994208206, 0.355548061433816, 0.38242495860007286, 0.9576982609936108, 0.36180954779407415, 0.5377823546119993, 0.9121198769515378, 0.1343773750082068, 0.28508256688547096, 0.6676783379631253, 0.18426650148550083, 0.01901780947937659, 0.5098399708655752, 0.557056965404376, 0.3941436501670812, 0.9560240551988428, 0.6134845196588811
0.234064373148261, 0.9855045724510999, 0.49539806250388685, 0.13235790910449263, 0.1345329684176465, 0.9025681383758727, 0.09588068024095009, 0.8996790175370134, 0.7046361082668948, 0.21183357997420682, 0.1141080607559467, 0.32924727153439126, 0.6884156008226774, 0.48647525663911173, 0.08362318804517077, 0.009834748696726847, 0.6501479934889189, 0.13301280782630487, 0.5622064516401758, 0.2255417262420929, 0.780227224838382, 0.10586036606914795, 0.7213639912323068, 0.1758760706710032
0.6335801118258333, 0.555356947852481, 0.8767575929386664, 0.7735856986147304, 0.2245521934580147, 0.9051752137805659, 0.16408511512966661, 0.42944832358854235, 0.9716219000343094, 0.45877902725560715, 0.274426720002928, 0.8024054968991503, 0.8419797209180258, 0.8830572967456278, 0.9132923113623818, 0.4798038030280025, 0.7993774965610148, 0.5717015319305777, 0.02976105158929676, 0.9259166343804419, 0.6174564349428087, 0.7156984646843456, 0.3702340523620393, 0.5649750542856004
0.4344168571630159, 0.5916766082389145, 0.7799553785782934, 0.7291059089964717, 0.8190462522198075, 0.3242917238411531, 0.06956894538840785, 0.6024666054767871, 0.7497822039554408, 0.5040422332170645, 0.9890432356946236, 0.4559529958434757, 0.7974355514185124, 0.6586392287734202, 0.6258750556512411, 0.5022412587333263, 0.003967436009403857, 0.09666050147793703, 0.6173913391488084, 0.7760730153785225, 0.6895789094429202, 0.3522329340085397, 0.06059208707481345, 0.5689182955464065
0.40577046499085256, 0.6269229000745833, 0.435399371731101, 0.9158880855612104, 0.026780762365745225, 0.3392064158229282, 0.7871482954253672, 0.20388538826140423, 0.49032519578801714, 0.4755585848784528, 0.4827821902058006, 0.026497657528198992, 0.7817673391428052, 0.9642685667606518, 0.8142837464778517, 0.3068164417853313, 0.38108939778249606, 0.5587719103227534, 0.7164784314410231, 0.7677448108672177, 0.5534438771479344, 0.7150570538105522, 0.8706227184797035, 0.302944243781077
0.6175156009407021, 0.20249326129344825, 0.7559444991809874, 0.14727026812063193, 0.08268157967591461, 0.5620430553841579, 0.4315901409900448, 0.8840919826145641, 0.32328450255856567, 0.0011824817093936124, 0.8106651644345935, 0.02790149951961074, 0.4557291659926783, 0.7388664626555338, 0.6965412668873447, 0.14315719779841518, 0.016838255204727037, 0.7344815943373136, 0.8269478951699039, 0.10129567068035106, 0.7680543817802002, 0.36140155213295944, 0.6159322661722985, 0.9726749056170233
0.9424080817363786, 0.23083875304437984, 0.07315077235145961, 0.47560787446442643, 0.5065864851585709, 0.10163176716388578, 0.003156284295320444, 0.8193842526454801, 0.7140930431665223, 0.7809236475461739, 0.9427371596701564, 0.6964394594345452, 0.14377084942274998, 0.3457117939592921, 0.30539000456325993, 0.6279621503547822, 0.4799021135368935, 0.8624676519310551, 0.7771949173318395, 0.9421169090634339, 0.5538411060311945, 0.47876455149935715, 0.9480513587980898, 0.33056442558468335
0.018534471401146946, 0.7070190371768534, 0.8264347875006287, 0.22328477273130876, 0.800141256579299, 0.9037328582707073, 0.49059607622256984, 0.6960418949722406, 0.17970824180397116, 0.3221778585259114, 0.6840758850734113, 0.3413827645450126, 0.9372607681803434, 0.5056822555018432, 0.45797596629665693, 0.677886617710241, 0.33755857850279447, 0.6067612966468744, 0.26822066673863054, 0.5334280643387159, 0.11643515143152006, 0.4059049110842424, 0.2959350438326318, 0.8358640588440844
0.43382699764703936, 0.26199912232778355, 0.04358597198171166, 0.287773433766202, 0.013271460798016332, 0.2618183966458676, 0.9615226614851318, 0.05166207453660754, 0.12017742471514203, 0.08448555227978793, 0.41502469822268784, 0.8132755401506396, 0.6873762705654892, 0.3910402494620776, 0.9478044850858925, 0.10104998232354312, 0.7963772158025357, 0.18679053015868252, 0.8919471546952569, 0.45414342164579746, 0.7937915330464808, 0.9577897516780639, 0.7184102397292527, 0.8811496718400935
0.4785126963696211, 0.593545376330938, 0.12775617411020945, 0.9059020345449175, 0.4497775156235625, 0.32782440668111035, 0.07043966474425933, 0.6363058176653418, 0.576868621550344, 0.3961006385484681, 0.40488204461216437, 0.9807272652109765, 0.23725171053527583, 0.9974480434042321, 0.5680136780022778, 0.17632392814176057, 0.8759619408477983, 0.8730395402217391, 0.9898984173872551, 0.6235728734908452, 0.38852954032809084, 0.4166094826833203, 0.7477129020812944, 0.30177634075889426
0.5342793730134531, 0.8165182203899012, 0.5044509210872749, 0.23071635142130542, 0.5512773914475446, 0.18844550782550085, 0.5686169382796885, 0.8686921078163766, 0.6921543829990614, 0.3961884980382011, 0.7382110832974825, 0.13650564036571156, 0.58641402000385, 0.19574335523771835, 0.15824188275081208, 0.5853969048250777, 0.6844385735354558, 0.8811828047553639, 0.4601646610095833, 0.04947360153237379, 0.3584779583576876, 0.702601068960952, 0.22137517177557164, 0.015617603396601232
0.3764854846616965, 0.39392927345319684, 0.3231647228665572, 0.85305569950186, 0.07597410776876357, 0.7900269828456711, 0.7646625183116146, 0.14411075114931482, 0.2612186829308557, 0.08001498224937043, 0.9965740878360773, 0.4140646602957877, 0.8118416266020352, 0.24571391550651556, 0.6429276167400625, 0.5901694256124865, 0.5753844524302866, 0.4143200765015659, 0.8374224073744408, 0.98865859213234, 0.33741771934156306, 0.019304640025389452, 0.17764914150860844, 0.8553179683992473
0.7189011613620754, 0.22634009286079593, 0.6042765301907145, 0.779879485951331, 0.1875724809778161, 0.23891886675183394, 0.00879752411210255, 0.8536136100653936, 0.5475354308224243, 0.6057718570785525, 0.5791022633315727, 0.014815720337293281, 0.6089958070717916, 0.0570081525507008, 0.07723099217855323, 0.028070511462853553, 0.4081109436299707, 0.33952880115686324, 0.9733330254197545, 0.782703750014804, 0.4676501275044763, 0.4139205068407936, 0.06830795842592241, 0.21482921676883482
0.5445146078213384, 0.21266074731463136, 0.10649334107878261, 0.9823173847828847, 0.3979735602948381, 0.8823387626567321, 0.9787429098186397, 0.14750973975993964, 0.8310494184661212, 0.5530900046166853, 0.42119895124231344, 0.8211720638999628, 0.4409742730405046, 0.7757308046889534, 0.7472887055453448, 0.7627368570152524, 0.3531628897928304, 0.7808512534806928, 0.7374169412864445, 0.5538657779927476, 0.3975143076650718, 0.4305715339365711, 0.3448518839715311, 0.25784832895718823
0.33268128698559507, 0.8813089810260841, 0.7966197225786622, 0.2679700251801569, 0.7056298673540118, 0.9077453099884835, 0.8742859654838261, 0.25234370714445675, 0.7161385344535618, 0.39843787444544265, 0.2718814047060316, 0.9629841890617243, 0.7169694154615898, 0.5031140952128008, 0.8630570176397828, 0.3754648393204669, 0.9822086623858676, 0.3583173609873569, 0.6116226144097527, 0.4673181392454685, 0.9093626038890136, 0.8192898399043398, 0.7467697586412863, 0.7202393412292311
0.033262581439592376, 0.03894705227799333, 0.41352791917322784, 0.5484976676144359, 0.11929394407998539, 0.07372233191230881, 0.03795441962504831, 0.7501469321511521, 0.7410285114372505, 0.4700665508592561, 0.9398894149675872, 0.22766039152733142, 0.5139384066727676, 0.6189898070737372, 0.7775962737602448, 0.7937303154137221, 0.8614629583668224, 0.30405594182018203, 0.37021014676848063, 0.938865737065941, 0.46307617968353687, 0.8935603034031655, 0.3410054133786631, 0.39790170632082134
0.15367583173621358, 0.20617328473695518, 0.08164059145587133, 0.32682580805493455, 0.8905845603017492, 0.378938305568583, 0.6997330192977252, 0.7243161616448722, 0.40813952412865284, 0.7957014845380561, 0.7624559021757761, 0.6414949698600724, 0.6436610262188801, 0.034212404790116, 0.7755576899227544, 0.4251799214214913, 0.9918696648838454, 0.8018353012679047, 0.6823284888263977, 0.9208400401326926, 0.27630931992142616, 0.9847794900628295, 0.7281431882616091, 0.7049588724068369
0.7294060443257784, 0.5270004732645092, 0.6035061464979198, 0.9714288384253913, 0.6905921125590012, 0.7804947373001153, 0.21599352751763468, 0.09587617164078932, 0.018941017664912407, 0.599959923651306, 0.2878260085094998, 0.41252559071007444, 0.45976395938750236, 0.49285794742563427, 0.713925374369606, 0.3099633804712919, 0.7514393820431607, 0.8153007640498924, 0.7585443800918494, 0.8388995785372539, 0.30115815882932107, 0.13602070487592732, 0.09756623666522768, 0.3398277267233001
0.9216649545187462, 0.3044536024929796, 0.08972147715367573, 0.2409975521475578, 0.19426436907242717, 0.1937475311956497, 0.40125642221986235, 0.20822661546280985, 0.9618928929437505, 0.9219066833563528, 0.6836034903286169, 0.9190575518469754, 0.4036017182453747, 0.1257858880817817, 0.4250874994628713, 0.05310920295822841, 0.005372476930161185, 0.9028149279391139, 0.015495757640284324, 0.14190599323520459, 0.8997252984806887, 0.018334446479065014, 0.420622591148507, 0.33381264108022524
0.11429605796966047, 0.7138842914106082, 0.0966911028223536, 0.6477155988325013, 0.254687963703503, 0.9555965066013293, 0.6832930494433138, 0.25023344815745974, 0.2988218921528255, 0.10991367520610407, 0.2710003908672436, 0.3114825364176499, 0.15310637814527228, 0.35777422018538374, 0.5721117762863052, 0.4701075553763626, 0.11079779563973058, 0.5867264265356001, 0.5801998327801757, 0.3581339651613441, 0.03992201382792815, 0.5512990120014926, 0.26886679182236195, 0.9625653995098515
0.30286929347357716, 0.08814594661457265, 0.5076526051624399, 0.5951766016984247, 0.4946920909668936, 0.7194853617076898, 0.9406233275282987, 0.21688303377687346, 0.6335860890266758, 0.11761935526457645, 0.20386553624071402, 0.3407839474902551, 0.33571781919255894, 0.5000654052213298, 0.23055242035364498, 0.7360138822721038, 0.7435118317420003, 0.9574833948681668, 0.8131258770040176, 0.47403123716808604, 0.014618887591832608, 0.21800764592622146, 0.5938847620444001, 0.1998146309436062
0.010778944310430694, 0.4614700004711626, 0.18733872670459695, 0.14905784743399586, 0.4488791087667523, 0.7150420945879346, 0.6613815376564173, 0.48248650603028087, 0.6272224721221231, 0.9877011011155833, 0.000559339871540443, 0.027879359398027215, 0.16113575082305698, 0.4609997802440716, 0.03457729970795331, 0.0019975820258535393, 0.45485108593404977, 0.5271793605266523, 0.038296204306975445, 0.5993762609618472, 0.5509493899417455, 0.6656095237064628, 0.3859608657535427, 0.643698336631658
0.4312164238225792, 0.03559194696767243, 0.506856806483459, 0.7049919961164685, 0.5693958921462746, 0.22348414498316072, 0.5519721248289605, 0.08391614482460286, 0.18276913397660965, 0.4597674186178118, 0.9352235738839131, 0.5200530689629327, 0.7577906309955525, 0.8819204887253219, 0.06297569953641413, 0.8265230074767401, 0.9609289189894837, 0.19564409322641163, 0.7206607533121039, 0.312420361787374, 0.13266932454232383, 0.47420492705236306, 0.4599816260019117, 0.08632621401034302
0.3584404392005248, 0.5148080306248003, 0.8800173856773009, 0.04458424602692368, 0.6385019009202025, 0.9794267776285801, 0.869042195576847, 0.7285273802828298, 0.5156573223604656, 0.37512176938357944, 0.14986355887127856, 0.36607492657439833, 0.5779797597821168, 0.7892596130104647, 0.17515582190148127, 0.21074456612183734, 0.5104243636274218, 0.6834461388498584, 0.6554348492597669, 0.5328806859063369, 0.8745364654325637, 0.7424320169283977, 0.9604076331722285, 0.6616542866934133
0.01968668643512883, 0.6706388751532356, 0.3536984759890379, 0.2958874518299033, 0.5808461489434059, 0.6813868815958634, 0.47837907801851587, 0.7168926451267578, 0.41902244657779575, 0.5222141751514495, 0.9300445189153685, 0.9946179275858682, 0.5431807174506053, 0.2850426377294749, 0.6665754756100674, 0.270737633504019, 0.384008334197531, 0.47683034697378635, 0.0959711123685335, 0.2947851117306963, 0.29562302595702705, 0.23737068508676984, 0.21317377179775665, 0.08786637351915993
0.26653725286757723, 0.43304599747396455, 0.6522336533548951, 0.10789210717005615, 0.5554051950483154, 0.9884111495767148, 0.16491876857024224, 0.25173779037410615, 0.8129687875385762, 0.9237153795133057, 0.005908425580488985, 0.19910775624661803, 0.4573234596666219, 0.9356140979185947, 0.9066889725674712, 0.2761170959873094, 0.38466347248755184, 0.3455458946778459, 0.12098697296233585, 0.6977310074433565, 0.9134006890554632, 0.21061702647144054, 0.34963007671638924, 0.609074852329824
0.28032006545157706, 0.18653667784172945, 0.32786671566653014, 0.553452718926893, 0.3107447644036393, 0.7439606317639251, 0.029741581290204877, 0.18025467134530437, 0.8225844876521694, 0.6805869582229414, 0.36677807744440316, 0.25696421593580787, 0.8852262014728796, 0.25814721288387765, 0.7823684224935413, 0.736412291661257, 0.7247888430687398, 0.1189852973999771, 0.8920264192062974, 0.8874892758587842, 0.5892614879216493, 0.7778434004821713, 0.12750651696433102, 0.33709996901660155
0.5521561586559007, 0.5451357102382605, 0.1714332244207365, 0.9115102197928792, 0.45091694640707347, 0.03267602578506912, 0.04997504390842733, 0.5105136325819359, 0.9020015140387708, 0.31544268991156477, 0.5996996839473474, 0.06931401286850647, 0.2202465995116789, 0.41916218873908306, 0.9110617062111049, 0.13045221810878704, 0.49023301394326435, 0.14202256483772802, 0.5936045525881325, 0.20535312999448685, 0.9160340190923373, 0.35632815276586904, 0.34567217446082465, 0.9842339825591172
0.3977467443954281, 0.6513122586133273, 0.43534699044037484, 0.8372229882991272, 0.5044604475106954, 0.565128096131884, 0.12607546860483743, 0.43200477599064135, 0.10937375350698653, 0.7709026707873311, 0.9948671228085054, 0.7122009743357702, 0.5809724114914063, 0.8150395779185149, 0.717993033683478, 0.6182990215285651, 0.9281484500509252, 0.3653171288160535, 0.6948030378521629, 0.34850148868770714, 0.3213700963625534, 0.5608038582759514, 0.2835961756459975, 0.8499742466046026
0.21401681584305754, 0.9525632258689857, 0.6887884662338462, 0.645112931741026, 0.8982132916422467, 0.38348015428473836, 0.8211447485740494, 0.31965511309708705, 0.7863281927958737, 0.503646083859497, 0.33435521054229966, 0.7718826469608303, 0.5481222890937455, 0.1559396510009562, 0.8709467810406228, 0.4268941227089508, 0.09666726531740077, 0.7972516499459936, 0.2155740275521788, 0.7298765805767151, 0.06420840909195691, 0.885045711539122, 0.5081492810682786, 0.680947064588173
0.4379717182370545, 0.2639115093374954, 0.9197175039822607, 0.668285704459322, 0.15840248884837205, 0.5700028682358818, 0.2645974090066474, 0.19107674246577666, 0.4416594129815712, 0.14947647824199128, 0.206638083460447, 0.6121313396359401, 0.29936156518690116, 0.8752090803804091, 0.30593244564496114, 0.6931534601828416, 0.9629174404628625, 0.6301702949106052, 0.07796925304911628, 0.6740377730751852, 0.17990383991432113, 0.49153133908344293, 0.08156081988323705, 0.08867424357854414
0.05440072148093644, 0.9920922092517808, 0.04604775744029266, 0.640461050247171, 0.8864959531865889, 0.7273223557253071, 0.41358101127169766, 0.8713179393518545, 0.18827952584210728, 0.25106403212257034, 0.8665556005132501, 0.06093778846126152, 0.40698031278204516, 0.8173554338114665, 0.1344694794224135, 0.45179198603170345, 0.9661791692274563, 0.76064254873434, 0.1660415550415777, 0.3511453374046366, 0.6857197215214356, 0.9416644888532695, 0.7171935212512232, 0.8903452795856825
0.5136648553032103, 0.44421215527111746, 0.3073797380971166, 0.02534831397957915, 0.9089045190799749, 0.678505489951008, 0.8297530335594764, 0.6727504399805997, 0.16669974059093984, 0.6656140588039124, 0.23169780768695913, 0.17864384299534386, 0.3713563760174099, 0.1688140755438594, 0.5344454175371649, 0.3307308573493899, 0.18542390666780129, 0.35002796438783956, 0.7469399646094197, 0.2385914759535266, 0.36785051583166584, 0.003501275219702449, 0.16405048418193524, 0.7886355354519592
0.09467719914919037, 0.5457374872348204, 0.30062898449619313, 0.8247138244114551, 0.4297290519785528, 0.8134035088828317, 0.5903772453338639, 0.9560661902332774, 0.2918990820582834, 0.7221675398220656, 0.7236915626465883, 0.8837013705051721, 0.744720425979368, 0.7652962621382869, 0.06297135952837518, 0.6047107165604585, 0.6936175616873627, 0.08123560343298453, 0.5530462088183753, 0.6739699007268315, 0.015524253849805048, 0.4484187527464326, 0.5308620109744647, 0.6530712202455089
0.45815319743766103, 0.4555260193335201, 0.7739758982948567, 0.6620528669910556, 0.3114685472730141, 0.9113496225869198, 0.1586596032873696, 0.8128953451787946, 0.08777046659527354, 0.5472022196950728, 0.47960845036797095, 0.6096238987457445, 0.6787930155414313, 0.31355881035198496, 0.8244205636904811, 0.4883602899811783, 0.0408945422681517, 0.508584951523373, 0.1868594310200199, 0.11492532736411165, 0.4544342816220268, 0.4927254406211269, 0.025988527654398963, 0.06811203621764284
0.19460294789205668, 0.8071578830098508, 0.9772363935575971, 0.04387235314399329, 0.4305136829644737, 0.5240427996146968, 0.3735223023331493, 0.9429630021005129, 0.22433944330746147, 0.7041383947823253, 0.044307918400742885, 0.43018955158789995, 0.7391516279227018, 0.7686232456093939, 0.421818656111447, 0.385489082124183, 0.015193440346961573, 0.28744301484434465, 0.4500617022033886, 0.7784325869546291, 0.04997630917218698, 0.4325020300267328, 0.13338288613104643, 0.5707638919021756
0.48394360542987, 0.6405356619802423, 0.9870911712143812, 0.22079270395283634, 0.7016420704018899, 0.052887654135655104, 0.7568225220147763, 0.9955875837102689, 0.7878238502956126, 0.4235668085474624, 0.8707366434443155, 0.3578288231890384, 0.14556718696049842, 0.7468875360553943, 0.4272442731723268, 0.1425065911781629, 0.0938362060444018, 0.6038289612795654, 0.9578449691465789, 0.22745093602956956, 0.4736937719150778, 0.7860633600752011, 0.45885303064828875, 0.41053498569371005
0.49652103636489575, 0.1595467964522881, 0.7448854264118447, 0.7667171796014594, 0.08975743423236537, 0.7607125805243653, 0.745551516970173, 0.4263155568418069, 0.8515095476839989, 0.45991340849995255, 0.7114230018946465, 0.022396298566748296, 0.0288905738902131, 0.24286723290526402, 0.9409132010894192, 0.33450207052588865, 0.7502645824869687, 0.051085021939359154, 0.5208479367181873, 0.3898422270638543, 0.17041121805474846, 0.4192638698595724, 0.7187274675586519, 0.9576604877755529
0.03530663539578471, 0.27934253401747056, 0.9436960451654312, 0.8058786139738714, 0.5139151592898097, 0.3870205135018, 0.8135432860937201, 0.6260096963237163, 0.09411014543884166, 0.5350667306262702, 0.7055976616408147, 0.484338029274859, 0.006658181279324826, 0.581523617743181, 0.010861077521340912, 0.9450140398464356, 0.5894235236896217, 0.8237957149071389, 0.9583529948153083, 0.26863904690412044, 0.04739354912103255, 0.89637169741677, 0.6950085015658851, 0.003937796314610553
0.5081437508845185, 0.7313056897649635, 0.2745197217280775, 0.009685983824016309, 0.8459168570990434, 0.5415508634696904, 0.2833984349671135, 0.31599936971836107, 0.10954578420503425, 0.491170004367109, 0.6184551223852351, 0.9252647837559708, 0.4075809681178286, 0.18877334435507076, 0.3920938593169203, 0.41948931547515045, 0.0806727061753496, 0.6653258899571658, 0.8858728941416201, 0.19064137426245797, 0.2916976883160205, 0.5269183786273285, 0.3354850570255169, 0.8914565832010072
0.9966033635108209, 0.971632418190112, 0.1182788266668795, 0.6991926696801131, 0.9639234955794479, 0.28104053616243707, 0.05282792232772271, 0.03402112634798293, 0.9062238555479615, 0.4090575505048082, 0.9965386200975069, 0.6233920873831861, 0.4851865332205303, 0.04741691198683218, 0.5631497589527514, 0.30464295200313374, 0.12378366723968859, 0.7719689667014115, 0.4794018948391313, 0.41976471024625894, 0.1309870587623515, 0.19613151443605714, 0.9587410024951851, 0.6729049711614559
0.22622804512880812, 0.7812093926628336, 0.8305792363682287, 0.2756461107068102, 0.9952887887222199, 0.8068282013088772, 0.28809456177657355, 0.05224590236903803, 0.3970110881441352, 0.28994974715103217, 0.876431428284944, 0.3934324856515955, 0.23879986533945396, 0.9891649513693288, 0.2771685960179283, 0.8191083189864132, 0.85523053838913, 0.3932734924946265, 0.5202777500657725, 0.9538479258412826, 0.6270253077768918, 0.670252272357479, 0.7641490009472811, 0.7984215810931693
0.8497146388429697, 0.38916186160023347, 0.5084813266557747, 0.09445187960751034, 0.9027756273987326, 0.3314361362069158, 0.3468152988674643, 0.15650617013039114, 0.4420048813698032, 0.11221184494107683, 0.31468558904113, 0.9244161587229447, 0.4895099776676649, 0.4231323205581673, 0.1365198092019282, 0.6082733869207692, 0.5053199804270574, 0.9362550286325184, 0.6878021730086734, 0.7436337193006487, 0.12688747367027242, 0.02018096777852818, 0.49896158567602034, 0.2746484499060866
0.6279574248847988, 0.8624133638061986, 0.04238650515152287, 0.23179233075113403, 0.11266268190817996, 0.5611183825981998, 0.9412744941608964, 0.4205206472612243, 0.3616863777395506, 0.018635800527052382, 0.22475915445763972, 0.608478381505517, 0.9739088225569271, 0.3762403344222067, 0.8281474167867383, 0.6096849488976859, 0.06344909059623194, 0.9653393231887626, 0.7034245496639756, 0.8405795292785326, 0.8741252978134685, 0.3727995696592976, 0.08019804186890633, 0.9992709601144769
0.9963824571720348, 0.08991575512418182, 0.17949641075964917, 0.11784034016792744, 0.7239011305810031, 0.7915496851892033, 0.2570570655535862, 0.6673094131729181, 0.42919297315962746, 0.06727272066872236, 0.35558465030209174, 0.9562531528721844, 0.1290229258938803, 0.033022175920074615, 0.281601815652364, 0.2985976868335205, 0.11886860460218263, 0.26906278596139355, 0.1855859672558684, 0.4601252613218635, 0.934522358887326, 0.15119140731960434, 0.11001649942281377, 0.17181476978884425
0.6174037414610762, 0.013720952704820655, 0.3841515463917655, 0.5114223265014346, 0.8290836361157053, 0.17569973788563475, 0.27065858590240055, 0.6021602492424327, 0.05321082676435862, 0.5803116434050402, 0.9476070184733222, 0.43904521045930334, 0.269353046780918, 0.8888124570204519, 0.12046245640149489, 0.1376628966530088, 0.7438737709575024, 0.6729837886325045, 0.3257828909004483, 0.7690295551183779, 0.1356923600621449, 0.2513883526976657, 0.22924514536288443, 0.6451894889766354
0.4020243793310977, 0.21703758386994543, 0.7172266499324791, 0.44094449699611404, 0.8483586704582415, 0.3389634699058188, 0.7876355596469137, 0.5984752489915499, 0.023190574126264907, 0.5230860446123193, 0.056887639758280706, 0.6872978278254315, 0.7754881053796708, 0.8909166786024778, 0.9412743956155855, 0.9483044534357886, 0.393711326962905, 0.6809600715324788, 0.11079806369776646, 0.6402019143736414, 0.07233637059946019, 0.6986499870424289, 0.3059748846682888, 0.4998818970141481
0.0719944319150464, 0.11450646930289843, 0.6763722258665055, 0.3796094560280078, 0.3167615528081752, 0.08691605386099976, 0.7295305408436528, 0.7978215570107438, 0.7217584593901677, 0.7639185809821991, 0.32039066688017837, 0.8912158483045373, 0.6837557303757658, 0.39246684632635853, 0.048519664507538085, 0.17582476086272214, 0.39439403942791196, 0.652548317049786, 0.8099251948476373, 0.7397031145903514, 0.29353113110495055, 0.6862158254211594, 0.4922525416016508, 0.14072938554412007
0.2350151310573343, 0.00300228445515216, 0.16460820911314344, 0.9700971473978249, 0.5978022147103207, 0.6990563932013312, 0.8519379212813227, 0.38383895657797784, 0.31463904942398757, 0.9462050219880522, 0.4711849201323678, 0.17740899613745953, 0.09768010625880863, 0.21353053757756257, 0.1142625125036274, 0.6910227995485332, 0.42227735415763556, 0.47009301442089424, 0.33948418905387867, 0.273506326741792, 0.4331106224627639, 0.8803563748555918, 0.9566446112773568, 0.3219110887993831
0.3487395655830934, 0.350100318004564, 0.35742665255847805, 0.9441054076936536, 0.40784180847404417, 0.8766356158277817, 0.2786060929187799, 0.39681073371564046, 0.48542094877489017, 0.7492256048352407, 0.9175559798660142, 0.40083478472219836, 0.13785007163231766, 0.18952343109788272, 0.8690655039138141, 0.28753013024129026, 0.4838728818662774, 0.7957792996673198, 0.17416956025981034, 0.5410874247165968, 0.1550509845636514, 0.3207607083416196, 0.7946629321178211, 0.07977657902977986
0.3695103786689624, 0.0933087154698421, 0.9852060321564527, 0.8394533765798895, 0.5351486642629182, 0.7842742109146593, 0.38310165904216553, 0.020401381638808447, 0.24171632513410013, 0.08801984115889161, 0.25310748896476465, 0.031046991997062623, 0.7645406997403373, 0.2538733720420522, 0.7112941235432366, 0.08061750516532262, 0.03502003955536914, 0.5754904054648051, 0.929490803833681, 0.1834214069262179, 0.8861551247166668, 0.5471327295298749, 0.9047679202398893, 0.01842166342363183
0.6061270655840932, 0.33255732018640827, 0.4069030602276097, 0.32289295607719304, 0.9607284891118466, 0.9053137949800759, 0.6673099501723195, 0.3312216660501238, 0.10845142872675384, 0.8754286103965221, 0.12813953248540821, 0.05006849546409631, 0.28272012389482737, 0.23642024643337678, 0.06669424341402763, 0.11256392149316874, 0.6007689285921287, 0.6651049833009763, 0.9687535977867046, 0.40776064189281, 0.13900455221455188, 0.36459175011406264, 0.7712603096224983, 0.65865599347432
0.3420466099295072, 0.920448699509532, 0.606351291121445, 0.943787989712471, 0.03462234153246946, 0.6996629705262126, 0.4421766586436282, 0.8879993465347364, 0.2296138817580965, 0.18209675227004507, 0.6948762519069183, 0.5348407075732372, 0.5430903047352751, 0.33414102000928536, 0.8791843447678331, 0.14492154937497337, 0.6662493186055664, 0.7501104762531624, 0.16112739530711706, 0.8699682108556286, 0.30594527909984215, 0.003976175187695996, 0.30187665297372746, 0.3114773968993605
0.3639145387303575, 0.5847381534037095, 0.0008940340682453973, 0.008368922852103444, 0.711626796469726, 0.24334827187129449, 0.9747387557335605, 0.5744485181669893, 0.6560649590654672, 0.6544360956545717, 0.9895747774180073, 0.45494581147693103, 0.35755851222651736, 0.3564939650346296, 0.5851623410668428, 0.133607543928138, 0.2200255505835368, 0.3674807189494762, 0.9902803950779384, 0.1365946294777456, 0.1787194614672586, 0.14353056809808185, 0.5333286154969534, 0.6626086674963731
0.08247733583022698, 0.5465177016419623, 0.1333183297925704, 0.4007901693131557, 0.1920593953827625, 0.49504884544038485, 0.6086174077489594, 0.8956789906874267, 0.20488030825858983, 0.163413731945103, 0.4023392035070581, 0.17986534621318784, 0.05158511952015998, 0.9178950111992018, 0.3538024618984148, 0.23727680104600402, 0.49406772703579194, 0.5799054940836137, 0.6095946900635172, 0.49258267157953173, 0.3500496966729343, 0.15475636372682144, 0.15152283252760512, 0.1389073350273219
0.47864169812613355, 0.7955749884985437, 0.8054518099695342, 0.413412802818516, 0.8451919595321519, 0.1874144748063452, 0.9525141363896082, 0.16669537763828002, 0.4865421348324531, 0.794177075248457, 0.2096712569051571, 0.4435157067591906, 0.12181852368028223, 0.23844175521634092, 0.6922033185075499, 0.9205552865317371, 0.9070440102869065, 0.7004374632082929, 0.6690322513883046, 0.7799807156288637, 0.42688518721311075, 0.6461723793441679, 0.750894999155285, 0.8215378829790276
0.4737406249237818, 0.9523337019791399, 0.8826520943588803, 0.9500729124307337, 0.9610451212054761, 0.6315392383686809, 0.7054608619471529, 0.9223670210954917, 0.6304392411873295, 0.8230394832721669, 0.8252913761901148, 0.16301856185609187, 0.4078397530467086, 0.4588498230908906, 0.5105722347371322, 0.45179277370845383, 0.6897649669396952, 0.4186102814710919, 0.1503270570186892, 0.03540183060225788, 0.048690177488050934, 0.7038061000806762, 0.5254510394858511, 0.9666032872048722
0.8070401351595718, 0.9996698533197871, 0.7599508494578304, 0.8124580231018452, 0.21121490222469952, 0.9422958728920713, 0.9262054085748054, 0.9968450699693938, 0.4077279182753374, 0.2818208517956552, 0.34904430461804936, 0.7338467172310266, 0.7691038531944514, 0.9591563371146956, 0.05915199561352502, 0.41643156746674337, 0.599335121014862, 0.5896599009810349, 0.5738274108896888, 0.4403147658665535, 0.6718375227399235, 0.1380296252392248, 0.123463690881909, 0.8347757926275796
0.21942206965193856, 0.00775593012140674, 0.9725507064949119, 0.3491243146111823, 0.4318489809797287, 0.9115856749522371, 0.1887596633756049, 0.8312277664945938, 0.21841988034684956, 0.804428381656383, 0.8318410354836899, 0.20545459731449767, 0.11375276284246927, 0.4062130999030418, 0.10619192714280412, 0.30298593375758, 0.7022317218710797, 0.8608020782000837, 0.6879998412152122, 0.4332973803159643, 0.6193381073429219, 0.12048870901029274, 0.7267025592356231, 0.9592044368683826
0.16530256830463574, 0.7878932591147242, 0.4639894379831456, 0.4727171595760018, 0.5981352393245818, 0.9645036027795943, 0.008376315039626436, 0.6395292158931667, 0.5026484868520014, 0.47934731472552716, 0.4371870900831262, 0.14050463809583114, 0.6406517003924496, 0.9428879904460471, 0.26910852660410045, 0.6236871895117844, 0.1409110112104739, 0.226630073489565, 0.5085014182411056, 0.714151758907096, 0.06328727305041781, 0.9764898654140259, 0.4581260921872954, 0.3996428583353412
0.8581918883573665, 0.08727516305408523, 0.15739911822076946, 0.26879691059131494, 0.7067356072677569, 0.38014364703197556, 0.007378796846760682, 0.9336438454607958, 0.352341929140467, 0.7898174525332983, 0.4273610992271587, 0.4066402430152072, 0.42169946115534296, 0.9665755920624621, 0.6518384278734888, 0.09718618373572219, 0.998941047594746, 0.1956280029090316, 0.03999017695880125, 0.7145220743306345, 0.9080250326860319, 0.23571098193279472, 0.20617185394885817, 0.4880527118370894
0.5779661001872828, 0.8670294292595336, 0.6736186497747777, 0.7140225916897862, 0.03477178263360059, 0.6420477912578737, 0.14267517479062253, 0.21067193497304326, 0.6866202525940958, 0.5912967131413299, 0.5446474446481071, 0.8650470218439312, 0.03631039324535146, 0.5018508375702164, 0.6958587223660834, 0.9148790591444214, 0.2296194741741847, 0.11663787002738568, 0.5002766903132042, 0.12473216437510204, 0.3993672434242954, 0.25714625850656125, 0.1346753206140333, 0.5840316928897592
0.8797516768629804, 0.23228590606115962, 0.40287264919221466, 0.8757017379459647, 0.9842443911233781, 0.8897784264964899, 0.5859237824638311, 0.5845053176728237, 0.33487699267903304, 0.22619918805511152, 0.759859887292848, 0.13337230728682092, 0.096447863774479, 0.8946543158405376, 0.5538294563520589, 0.8937007101762521, 0.6312266182215608, 0.43211156785122296, 0.6109022852578186, 0.07333163312269086, 0.5168233981287329, 0.23248154835656776, 0.13724741360838866, 0.5752693691369469
0.2550337241061126, 0.5272652751578926, 0.7746816352385315, 0.989115268751026, 0.8729909864424705, 0.8888665795635505, 0.6625195408175146, 0.8207137484549358, 0.15388616122874654, 0.35879005809987796, 0.02570308352659889, 0.6918120546741263, 0.5762159863558447, 0.3117113462928649, 0.07371985956795135, 0.1950011772145852, 0.605855837163738, 0.22773978240991333, 0.8225940792443004, 0.771108911931716, 0.5779480894297545, 0.37808389837087875, 0.9201674441787384, 0.7062449584185184
0.8990793267661523, 0.5820115155856052, 0.47388075945388386, 0.16441492664497515, 0.7279979354677331, 0.080463766636784, 0.026769871668132494, 0.1571027674719303, 0.26895210877009434, 0.4152438148283021, 0.23605136305923158, 0.9336456932113674, 0.880235867689678, 0.24210064532125786, 0.3787494097903853, 0.49793104677870925, 0.6132295033526531, 0.6694010899517828, 0.3034575282631583, 0.738809433891475, 0.24988429902891163, 0.7189477390774741, 0.6479539575919482, 0.4417625462195356
0.9425784843815282, 0.8432052229653645, 0.9786739374397503, 0.6722044956824436, 0.5623937679731431, 0.9589206420624994, 0.6721237378220112, 0.693251861756425, 0.03373267270950542, 0.6413865943011654, 0.03807319132104636, 0.3330127732671869, 0.3712504853018138, 0.8339956112795054, 0.2919419144858292, 0.9241595959111759, 0.7256341783994615, 0.5026733455047123, 0.06547477347998343, 0.0815680104255857, 0.029179817884725567, 0.5045448765182328, 0.627352467356153, 0.4119638109790389
0.39658913364480486, 0.6952233351834425, 0.16118621458687432, 0.4580977044195187, 0.7680467232151823, 0.4539271797693498, 0.33012699705150084, 0.7207233208026828, 0.4922354781660817, 0.60841251641932, 0.05434126586464294, 0.5317480760503888, 0.398254414961676, 0.735130617800116, 0.356870199191616, 0.46093327044003696, 0.2853552033740533, 0.22608006924209478, 0.5266887524165077, 0.31250768036898746, 0.21144521535222305, 0.33983189933983904, 0.9884620053010387, 0.23404502515416026
0.5418321014623146, 0.352090940419743, 0.24790104053076822, 0.03939649096001785, 0.48601608560220955, 0.99839734134814, 0.6887723659177317, 0.06491560479986547, 0.3508218667304528, 0.4244105775667323, 0.010868601418804635, 0.105335003978001, 0.27894934075871547, 0.16880210393119832, 0.040201699596821405, 0.23007578346908852, 0.9966066432677558, 0.1996140331602606, 0.4555002874364029, 0.9597338166774563, 0.6349894556176259, 0.5507819835175426, 0.21024679780345923, 0.5550106562217689
0.5664289004936772, 0.17794570422044642, 0.5304708810528566, 0.21574061690706625, 0.7031656171487004, 0.10821279222618652, 0.19495363156067536, 0.6570888645589844, 0.3140396240042971, 0.020891099680521275, 0.11381041520975876, 0.1636881304233362, 0.8235789941746157, 0.388579352439414, 0.5377728465735059, 0.7808729931355598, 0.09174428557176761, 0.5027758361228416, 0.4609714388669034, 0.10316865711862, 0.8530244304920176, 0.43199563268090324, 0.28053737475790497, 0.3161810392879024
0.3800618043096363, 0.15495925129798016, 0.09661364792004423, 0.42877439937519657, 0.5553628299304684, 0.7596495019475588, 0.5722719504494993, 0.0008218877732137919, 0.13731487015733046, 0.4460552825345301, 0.3576732110616888, 0.38997337098853735, 0.7908213540910397, 0.8217003727477504, 0.8144872638194632, 0.4008979467501187, 0.7682705335502985, 0.2827939066571814, 0.6015793542471454, 0.18912004757236744, 0.3084675199823248, 0.8821491684296, 0.3643931467580479, 0.6336704245043334
0.6459095373322667, 0.6328376255880676, 0.7577777307247123, 0.20054415369160583, 0.38959468578117207, 0.251099563435244, 0.36822373767609196, 0.15259989042278743, 0.9871979689205921, 0.522532271932154, 0.4398776318447125, 0.6323493531759955, 0.16878923010314173, 0.779954364539568, 0.32227573525623576, 0.10521848408371359, 0.4013566236215691, 0.8157586268219963, 0.6128390165546711, 0.08124326442711882, 0.8608012038468936, 0.43234570344511625, 0.774279163507874, 0.8053937824912882
0.21316527269113383, 0.16219374193157465, 0.7210721887000591, 0.2805731914521986, 0.8372529682038493, 0.3768980606922544, 0.34627889461203076, 0.2330850514743884, 0.47610626697727887, 0.22061227216787316, 0.8545086144519369, 0.4951710800315816, 0.4632624269096334, 0.12752182334758344, 0.08815733857678121, 0.8487711766307255, 0.2324350614570918, 0.6627070545987012, 0.6145246812584618, 0.8390913851015911, 0.9775715780130235, 0.6666385230393581, 0.8294845483194009, 0.4907963848493013
0.18668934367596524, 0.8306140593713706, 0.10505785814035273, 0.7487564484134653, 0.9400517498804779, 0.3890095253344973, 0.8189864523993812, 0.08607954925506955, 0.007587688099753853, 0.18632366864727568, 0.6908261815322025, 0.5889939702345254, 0.8296144061988532, 0.595562414383637, 0.11624686402156781, 0.44957982739157365, 0.6263097164341471, 0.7500144804130244, 0.9129039000298292, 0.3878391309083209, 0.9680510442883491, 0.5402346620138719, 0.6436392347670912, 0.5522303843427386
0.18875558467977482, 0.16691506193605754, 0.8086882419194105, 0.8548712692725274, 0.48314899930346744, 0.46447040523256544, 0.5915518498448917, 0.09861543144459617, 0.24635745489265704, 0.5983965522672487, 0.8545158175269602, 0.47180568948487245, 0.1760709922672392, 0.10838028230150565, 0.6385729279385878, 0.5662119947713553, 0.3932735604887406, 0.3531786456506272, 0.3177931861236204, 0.6316809588848212, 0.5340914408690516, 0.44341406112274073, 0.2124938540183784, 0.05271442161499673
0.5933456675913373, 0.7362733918175685, 0.35409014906093006, 0.22648337799061424, 0.8096207861999911, 0.4136585747310081, 0.3080135164771127, 0.30707762405821504, 0.19044228958354326, 0.1572463846390797, 0.2790397569715828, 0.1005110861758165, 0.7469018323080289, 0.6617188276576936, 0.37580250024527206, 0.22523849927375816, 0.002093524803544522, 0.8709579288719606, 0.9825069947205476, 0.1974632306978824, 0.027985558400117405, 0.9689857053978936, 0.5520215077334054, 0.12867946772065142
0.8562345845756015, 0.646715034466103, 0.03179379929895576, 0.8125795365905928, 0.7665577663687971, 0.5679003349034075, 0.004828139168022272, 0.5825433507989488, 0.07647903062608141, 0.801094842842534, 0.6375201204157033, 0.34011163632253605, 0.23286645368286296, 0.5702111110899823, 0.4532413454305416, 0.9216830206752689, 0.7175743690733108, 0.13864853256623455, 0.11884873836485055, 0.8800064735622277, 0.9008478408449093, 0.012546651907977546, 0.886103151628934, 0.5532328933407992
0.7770853315102209, 0.4288945881434275, 0.07518966491308476, 0.21619287550383204, 0.9180726233945574, 0.6890281284997332, 0.9699781758284004, 0.8889790976975499, 0.5992715264419385, 0.6862557281399759, 0.9108317922744434, 0.3296487508577923, 0.7339170529719686, 0.594461253621539, 0.6028758440519282, 0.15990619648042093, 0.41480400139730356, 0.3444983478084571, 0.7685827520541384, 0.5700204685088401, 0.8053877407827368, 0.40636310777955675, 0.405910293701209, 0.7469298455769641
0.947939935748699, 0.663847873631897, 0.020873861307042385, 0.23728042324934906, 0.29344201583330687, 0.07571045239528573, 0.9672194964443377, 0.12345250511220873, 0.7494741885347622, 0.6164991832603877, 0.6087948833557809, 0.6369038889994115, 0.36748672429800455, 0.8233278210674223, 0.49772939948062567, 0.9831861430492407, 0.21765209098065208, 0.828873962762749, 0.2513361573592584, 0.4002687092200252, 0.18215784148449454, 0.2442534975551408, 0.11376350840479021, 0.8177734429501059
0.7215717862541656, 0.029543992189971724, 0.7457476657243486, 0.8493524979346727, 0.960467642555183, 0.028174116277450367, 0.028479093306290393, 0.5898202388132131, 0.9647309135933194, 0.25203767507398944, 0.9333351981853358, 0.45673783228400744, 0.4257808938108161, 0.9791458257909355, 0.1519129762501059, 0.8136227008171821, 0.1555330221362542, 0.25185738980999184, 0.5810237634272112, 0.8613165104760697, 0.46719807085944987, 0.6514394815001394, 0.04839318360983558, 0.8113511369886752
9.27011637252e-13,0.000154408197237,0.250537059643
2.44349353401e-11,0.000125907106935,0.389935310279
2.89513512172e-11,0.000259809507776,0.306320164336
2.53196426655e-11,0.000552148818924,0.240481269742
1.17928477456e-10,0.00110460805789,0.577266778117
6.21531940752e-10,0.0024499476909,0.735894956215
4.11695419193e-08,0.00447223852207,0.83828594589
4.14574260531e-08,0.0090156753209,1.11742291462
1.37815657465e-06,0.018422194329,1.2769224619
2.0008921585e-06,0.0389943943577,1.28411801851
2.24235493128e-07,0.0719063212457,1.87389894218
3.28390335917e-06,0.155233264956,1.88985199885
1.91678064125e-05,0.32896557245,1.81441300001
0.000494089878548,0.638135615494,2.14100040133
0.00313834389945,1.27606847816,2.57832520229
