$x1,$x2,$x3,$x4,$x5,$x6,$x7,$x8,$x9,$x10,$x11,$x12,$x13,$x14,$x15,$x16,$x17,$x18,$x19,$x20,>>f1,>>f2
0.45359983037930784, 0.1911819344808705, 0.010611724890662422, 0.0019031852637044766, 0.052936881866331165, 0.9745279128024135, 0.19636190760074623, 0.7460994203426297, 0.25298077801023555, 0.5987013010035275, 0.31444307753960965, 0.33784904798568316, 0.0437033610915859, 0.3316224896822594, 0.11749662413235085, 0.09435643789191461, 0.20560651749840664, 0.8467957011767615, 0.959272818430043, 0.9568627163579124
0.704737956294112, 0.38642599869277894, 0.11247069480744099, 0.7455326118318201, 0.34596567156532254, 0.5119071373867462, 0.33850246656193783, 0.3401381373666882, 0.02432242871793444, 0.3066321309836896, 0.9355882733628944, 0.39558725072816814, 0.5698291176609316, 0.04854314467788623, 0.3405328003922814, 0.24211781891443707, 0.4856756405238153, 0.20590396353343499, 0.9717482378213308, 0.08994962844546894
0.9314130581866032, 0.9812735520935961, 0.4608541431059652, 0.6840553397617696, 0.5854952407714202, 0.8365135375006609, 0.6154605244812575, 0.8247778949257661, 0.8470009963332925, 0.6761807464289621, 0.04327898197817426, 0.28997333138827885, 0.6932543408403863, 0.043371830112637455, 0.5512097063073488, 0.7244616364909556, 0.8298364954045336, 0.8271110388788133, 0.7449523005377083, 0.1724579267944072
0.0604237375292781, 0.7156094262848154, 0.5140612003135221, 0.4182059645077518, 0.5526902240103924, 0.12195442293156022, 0.9714086542262882, 0.3296180146538795, 0.7599469897471857, 0.8669396196788101, 0.7264449012249559, 0.1285845465419515, 0.9739982543856412, 0.8771229792296984, 0.2330803802699133, 0.4331026518843709, 0.7994364245630453, 0.4213952565886675, 0.09742634450151588, 0.9185990291568364
0.6475650267297093, 0.24932754792240552, 0.24460727914766023, 0.2321089763913624, 0.3061876372142526, 0.6155836958707727, 0.9624028484168596, 0.15856601993360353, 0.7465923572698053, 0.45898201446601083, 0.47701913962161047, 0.3610291499621998, 0.8159870429602293, 0.059535874786197485, 0.2389325291528971, 0.030572761043925256, 0.14035089094609443, 0.769826326928406, 0.7370098105777445, 0.10754901239614012
0.6590685230518469, 0.21800428712553443, 0.505257208040173, 0.635544828275091, 0.6287593654585879, 0.7166367479656477, 0.2141143807587922, 0.9859638056743264, 0.9489648497877262, 0.5058669177029937, 0.8657527327090532, 0.9283618131223772, 0.7994613424705893, 0.44912227411148675, 0.2225798761111185, 0.20849752402149369, 0.2174163423113783, 0.47509478511692793, 0.006094636094001626, 0.9387766237764633
0.28008341070085707, 0.06278480991125679, 0.29056918591132375, 0.6375824915294139, 0.086778775414035, 0.9495858658906224, 0.1492593370035109, 0.7257802817479635, 0.1926452025032599, 0.27111056304749603, 0.46615005073300875, 0.025244227225706073, 0.721562867565521, 0.7528792154994827, 0.28750970638009066, 0.03253338773233727, 0.6255129219024825, 0.8392831293458624, 0.991700419943679, 0.9706135269777356
0.7612705513817578, 0.05628358204738071, 0.8023457581248036, 0.7013469494250991, 0.036694366475411466, 0.48422431131224564, 0.2229018298556703, 0.25382643838234065, 0.9937939624479625, 0.17836794332679962, 0.7285124624645256, 0.2331801699910141, 0.08640209441948521, 0.03573807900905601, 0.510899047563795, 0.6751732514128627, 0.3513455097063286, 0.43355348508532476, 0.4660952962858793, 0.016536328061879102
0.9143062997839492, 0.5957281839390798, 0.799353048533729, 0.987302384773758, 0.6618270991497055, 0.16608390634075443, 0.08840441881184868, 0.8623329193043007, 0.5659837742810816, 0.7481258344051969, 0.5148967364389517, 0.9773126400841232, 0.7973634350802061, 0.7205444526633389, 0.35675603252789034, 0.8689679259338048, 0.2632730239892236, 0.9839697807609953, 0.7480830882314404, 0.7051526963433318
0.8164800579827993, 0.811318572732263, 0.7597275970114488, 0.7071914792106665, 0.9434936094820369, 0.7726618567641332, 0.4748169374491531, 0.869045987555278, 0.6749748342821495, 0.19729994105724136, 0.9008824156943622, 0.5652060013065632, 0.9365831137899836, 0.03999177689141675, 0.23765530328172735, 0.42626452300343953, 0.9047032322464117, 0.2428934070228248, 0.8381448271749857, 0.7686394699359471
0.4933006881750167, 0.6029320122977819, 0.5303692462529878, 0.942019867149958, 0.8166650669505815, 0.3534294737821897, 0.2740607352838861, 0.05976424289061688, 0.7318023979507774, 0.7034657520496355, 0.7917470089745946, 0.7334820832856606, 0.061723997653648555, 0.3652922234462527, 0.9044469749103202, 0.6026165495769937, 0.4500324719326231, 0.386298341692783, 0.13182393570092932, 0.6590274145112021
0.17754348001365483, 0.7356941845199921, 0.8191807373666725, 0.46317823619221166, 0.4328358667396721, 0.10163735598788803, 0.4215801143064901, 0.32092010236720203, 0.6914720124752405, 0.572776553857128, 0.03695152551792569, 0.10681318311898758, 0.6246156369405307, 0.4097419503497378, 0.16044725691663375, 0.2625264600664866, 0.09850984301443999, 0.06428966355764887, 0.6008171159724144, 0.46284264488030535
0.7770290441953676, 0.8741847373078718, 0.28450198968323326, 0.8849803395832354, 0.5403766822859074, 0.8552095072630846, 0.7043721649375958, 0.829432637616721, 0.9624265412630134, 0.613587652479475, 0.7953437803170221, 0.9230119778944639, 0.027183829352142475, 0.8437180898769411, 0.44712854277344505, 0.6026826610839978, 0.9666735750208274, 0.7671469279449151, 0.6253295089687619, 0.7779393432827908
0.2240660563625806, 0.2943663488273307, 0.14490496391576035, 0.31092610639151275, 0.7805731802865414, 0.6187950972263523, 0.5873289240315906, 0.22177862784965607, 0.42325763706384845, 0.5373959503270985, 0.4395374888442093, 0.7380325152546747, 0.7621245220583899, 0.3123046505533321, 0.9840180206421877, 0.6789536138162763, 0.04908429863634378, 0.6391467380386925, 0.27034160460033163, 0.9433364608401068
0.6966638233056527, 0.7980746301711268, 0.7473812538707608, 0.8041411461824214, 0.1341847996815927, 0.6419706611995181, 0.46483900478075835, 0.5459477800756976, 0.11879995656884235, 0.4767962916729952, 0.3956772733960473, 0.2255800080376491, 0.9872684530524052, 0.9696067472074592, 0.7927516023202763, 0.4669634568145501, 0.28695732510341376, 0.5451820071270727, 0.08407581961783639, 0.16938117381371676
0.5316262873851699, 0.14653350879274363, 0.6696268720239501, 0.32273905957637106, 0.9131575518901487, 0.46610989114063217, 0.5782039788129317, 0.241945748885379, 0.36721395029469694, 0.07087050646518944, 0.8405796078883164, 0.6900653356895443, 0.43055035692213095, 0.49919224963857833, 0.8821168635914375, 0.3556438352240978, 0.5486695634940798, 0.5262810504831806, 0.8937352726144009, 0.5114176085149637
0.3389303697896101, 0.9545765296546029, 0.9514066643902857, 0.4391133063021191, 0.37640890541437266, 0.5075202929140661, 0.7094957518099819, 0.9578724506518265, 0.7589467008731635, 0.45942170615560085, 0.2635035108000392, 0.1573662508756618, 0.32420649203634344, 0.20525641671692008, 0.9501878437122439, 0.524672633534881, 0.8217119100471423, 0.2650789370978933, 0.4890606256645419, 0.5578899973004278
0.028484174275519858, 0.47725435598678556, 0.03922159082557597, 0.6499736830391364, 0.8114950071916137, 0.5566860217744622, 0.5064096037598346, 0.6408831064367515, 0.9103767747186564, 0.6341420832128324, 0.002772000092209237, 0.2058114056295356, 0.8834690703198953, 0.5164608671551792, 0.874741535041149, 0.42544830810163725, 0.9395608087083295, 0.34609445032946606, 0.10503528227358028, 0.769112695623013
0.462368110940495, 0.8339452936835795, 0.5542083511253896, 0.9732116516414935, 0.8022025821862266, 0.2980689766906294, 0.5020382896494129, 0.28572787040361114, 0.5853318531191802, 0.011408563221992685, 0.020785162269786994, 0.36000901889169656, 0.6553991690154662, 0.42779084051132454, 0.8160199420086847, 0.29251251381835064, 0.034663203517431795, 0.29029728931838805, 0.4798555374009209, 0.3013460817137449
0.10640340932429437, 0.11458107153655439, 0.4888465235676924, 0.2591295047841633, 0.8499559890655846, 0.48409918180126477, 0.3386005526955711, 0.9948482630772302, 0.8953435473417669, 0.6109514119516807, 0.39111935823727106, 0.8001491127479338, 0.44705789084584757, 0.25818572018932406, 0.049171197914895104, 0.11631158121009022, 0.5379935012246253, 0.853317795462575, 0.1212576230439929, 0.8889302373173904
0.8440644280222674, 0.15689835842168842, 0.6525147317131498, 0.9030684545559331, 0.6907768923614657, 0.8979972780551265, 0.6429584739580644, 0.761386068842669, 0.3970463197827231, 0.6812112734592244, 0.9152537218150957, 0.008221059311527168, 0.02132165291912136, 0.8431268331135753, 0.37384565385701396, 0.7617395295889174, 0.11807389466458929, 0.5234161447747656, 0.22020909172318448, 0.1601531114447713
0.6323326289585736, 0.43405724030424875, 0.9573287188132381, 0.24378782848482117, 0.9209148598248001, 0.2545969499188634, 0.17159787646505364, 0.6727688173902644, 0.5364685019484486, 0.2203991189150325, 0.40983849448563203, 0.15883521557182212, 0.3086591118369424, 0.6359545869667094, 0.768195726553483, 0.0062543977529238015, 0.5142360312533052, 0.45919234249881, 0.8642604450892134, 0.07086721084554737
0.7011234749219849, 0.7074922329034994, 0.8925359618273838, 0.1418305170137607, 0.9749819623244669, 0.2878941894285727, 0.6609493320875387, 0.6272423397691551, 0.6930128231633943, 0.9380970679536367, 0.4957484868219715, 0.6098145688331152, 0.73475427246872, 0.4431036865606409, 0.013686239648722287, 0.49837050521528703, 0.003998593129392547, 0.5429835014435631, 0.06667978546333708, 0.7012019902330956
0.9500581963541123, 0.7024291085930874, 0.031436746441361074, 0.573998521610042, 0.03529946959718999, 0.12960395055499396, 0.5141389708476075, 0.9969141952845738, 0.9884662375328852, 0.4297362998122485, 0.2655004971346029, 0.8269897672427419, 0.04855240492311219, 0.5229620523092188, 0.15086031684297496, 0.9768926387173023, 0.6017345755088914, 0.9499139895587752, 0.5323604138450054, 0.41203487120216287
0.02970775946409343, 0.8654524555313212, 0.6034126524058793, 0.9383020370782248, 0.3374001376595308, 0.6071120224617647, 0.22775041084554826, 0.49181208851376934, 0.8212693475221862, 0.38633227371048806, 0.2124690600749738, 0.32395718968273557, 0.8232669627282219, 0.18533175580433958, 0.3847762150013403, 0.42595447359402283, 0.5260978934844978, 0.9284103894595683, 0.5503685182498788, 0.576179633976752
0.411436304032326, 0.7775337157630207, 0.568523295919976, 0.7417508080119829, 0.27883835071248386, 0.8073369242263931, 0.7248761622055759, 0.474396953749867, 0.13034732082434375, 0.27714103806738855, 0.47155290139058914, 0.9753545381960869, 0.8344496495656071, 0.7479887847475403, 0.24423323942195796, 0.740671080871576, 0.2861723485414759, 0.8773246746585772, 0.7249317277583512, 0.7675406429807937
0.5583634823712745, 0.4361869400695525, 0.7272891475931822, 0.5664774800750083, 0.9257869423051179, 0.25601049212842886, 0.462623133084046, 0.10657129756673567, 0.7710152213012111, 0.43256332456398927, 0.1923507299575169, 0.30012362347472377, 0.4819862912268531, 0.7329688023900575, 0.47659271302268613, 0.2833239821100292, 0.049231423155896015, 0.3018901791526284, 0.6453300385195248, 0.22779745650037542
0.6105392270222504, 0.610548783681299, 0.4341016819599576, 0.755129933343083, 0.34510271425727157, 0.8745812653451255, 0.4303409651219079, 0.19569533499137082, 0.12212369047698479, 0.6882182489917732, 0.4088026201698326, 0.45237428668986823, 0.7332358334264936, 0.43497061665597325, 0.41307830554909786, 0.9779065431470336, 0.7617268371222234, 0.8668686586728869, 0.6797260698165148, 0.47739634119091723
0.09883531482040242, 0.4310242662294784, 0.8172258783651563, 0.8920364251139162, 0.17085829269039787, 0.7452809939658965, 0.5909649230086255, 0.27923152287916453, 0.5067533487936196, 0.7718562248971824, 0.8715825850126964, 0.43858605509069004, 0.2430033934672997, 0.9865107188613733, 0.5818729479459249, 0.06233256572483492, 0.8508293943660805, 0.7538396800188759, 0.9646144730264969, 0.8524169874261376
0.899272063104401, 0.3993566769629918, 0.25503571228904365, 0.7807515896667081, 0.5776698570935473, 0.21420185509981393, 0.985906466323726, 0.7663453160090081, 0.61780993926574, 0.8454172108399869, 0.6290540811006834, 0.7740903723672794, 0.02518309857861356, 0.8303698818326286, 0.6162472873582534, 0.9565881006147944, 0.4450621597811921, 0.05882922145038094, 0.2706064102970377, 0.40777601905067984
0.2712306326802698, 0.33857503335526695, 0.38099078165289324, 0.988771181009488, 0.2581193143359414, 0.3693247918450241, 0.4643472550312755, 0.09819345194296147, 0.5350573791727384, 0.2287535907321392, 0.5871814556645734, 0.9764364357055009, 0.33156570736267643, 0.9306656464504317, 0.8597431731191391, 0.459723117332435, 0.9299151598183227, 0.9860503204611861, 0.022806373600908314, 0.5616479472783278
0.7592316559398397, 0.7997874506069591, 0.4050927307589246, 0.6098843716284357, 0.10272057851330763, 0.4598690956029168, 0.6517109292067071, 0.4865830391709266, 0.8471587564640504, 0.4821306325742971, 0.4952054914081132, 0.702565915978716, 0.11764987664213522, 0.29249761148277986, 0.8542513375291299, 0.39314800689967533, 0.9657952644965175, 0.8210876712878117, 0.31814948126152787, 0.8179632173718512
0.586828053825, 0.7679677706285539, 0.9821347792595174, 0.9524661795801854, 0.8635939087380621, 0.16197912413230542, 0.7394401042709864, 0.7982447284076942, 0.20815646281539713, 0.3958069541321515, 0.6059581890091519, 0.41268289927702906, 0.4211425973520505, 0.7495097130637279, 0.8521549306541185, 0.8340290593574381, 0.8317973329536354, 0.7734151969296021, 0.4997852149062376, 0.8674810974925663
0.2358977369283869, 0.13425548265270937, 0.21328541630483, 0.8082333740682922, 0.930189635582988, 0.5278376059153562, 0.23743614998199425, 0.1317664214755191, 0.0778988268787647, 0.6729142854241871, 0.7530343552719666, 0.2346967763468576, 0.7108351343340847, 0.5773648642233541, 0.904094846541897, 0.8092819580022059, 0.5555945507535717, 0.1821649968250838, 0.30275724987754415, 0.03163519030440509
0.7351181764575182, 0.8919197847590953, 0.28072189785523083, 0.8529942970190173, 0.357407446542212, 0.653574987519155, 0.9288604253157134, 0.7320101481056696, 0.6793702805085476, 0.9184474122756219, 0.012075355367918372, 0.9902827392422234, 0.8691250734943347, 0.2578348274705322, 0.9521279081613522, 0.9241931215560727, 0.22696638129301905, 0.32277438521394275, 0.32479195535180294, 0.5908119260778537
0.9403567414450097, 0.7602168780966729, 0.6592055990685594, 0.9300789374883056, 0.5601032682897709, 0.19945534305107493, 0.02826317444780746, 0.4771455944173998, 0.8732822458426324, 0.32699434178302056, 0.5240053338186486, 0.11989067888390215, 0.3395027437366739, 0.5788193977566232, 0.8417402571483239, 0.23888288674352798, 0.3345200957290796, 0.04262486857321923, 0.8867395731698386, 0.4831189664263493
0.10828240876373896, 0.8285980122452881, 0.23990764509256968, 0.889545217353673, 0.5821954782901076, 0.6369753590653853, 0.07810787014870646, 0.387457193732065, 0.9398276950679489, 0.3304794111207594, 0.5078581927436226, 0.18379841822996912, 0.07204590448661519, 0.7184492101558901, 0.5648757421024901, 0.16899315186660357, 0.46591194233464006, 0.5588096623699851, 0.5441285069458327, 0.03202759799442989
0.8716319129673452, 0.8746405536461185, 0.3802414322646318, 0.2335691071063707, 0.3376583634079722, 0.988083716530992, 0.7346828358967405, 0.3307850711721092, 0.03492720513402714, 0.11073833999730265, 0.770413333140032, 0.45619159271756415, 0.7633884612860731, 0.4481172096122562, 0.04500260772295206, 0.7805295327725736, 0.17516811282312883, 0.041682151360059816, 0.9710743608834675, 0.2855429843728139
0.9260195295452155, 0.29912558881414186, 0.5399370230764736, 0.23665420811798255, 0.3018816371415842, 0.27091371681066134, 0.49321673083788553, 0.17646441992079953, 0.07098410688469847, 0.36357577090873017, 0.6769839696610112, 0.3073310526956661, 0.8489717319283592, 0.8785021485146365, 0.1982494554464208, 0.40982816546391265, 0.22105679144637447, 0.6021686059345653, 0.2800751365964249, 0.39062519320957123
0.41022331259338574, 0.2877678084484301, 0.24705686659255832, 0.3758027845914764, 0.627249417491997, 0.9604342991786359, 0.7222135003166827, 0.4329057205448368, 0.5022313752313278, 0.5489317181879565, 0.6738930437214916, 0.9280189592917816, 0.6687229736924776, 0.650056931310818, 0.9765516346177249, 0.5657125839654866, 0.42418451105490207, 0.1246367921630096, 0.9683837299036457, 0.002583103562883604
0.6683260554943364, 0.3098303568980125, 0.9873293516021296, 0.14045709874643308, 0.2558466828129732, 0.5314800346244666, 0.4618551912898796, 0.748886172868848, 0.7819576251855302, 0.26835512063370304, 0.7857077645727513, 0.1506510799187002, 0.6255728099876606, 0.6175124305751065, 0.7382580413351248, 0.26976111082191423, 0.29980509348907447, 0.5435223732816694, 0.6002005369445537, 0.2264646443294216
0.17429570426710805, 0.854107840439212, 0.47584496258455755, 0.8285036100913554, 0.2005119865695194, 0.1909744070573559, 0.48678761730484077, 0.8440784642484153, 0.19056489777913133, 0.8646713588526221, 0.6003032591968863, 0.595488229410153, 0.17324506285729901, 0.8742177560387485, 0.28308078061433584, 0.22207209806462336, 0.8072283471706896, 0.587577755943508, 0.2676015106763533, 0.47673397850813304
0.9424711060079036, 0.29052848344178495, 0.011267334083934766, 0.7081020785349732, 0.34244892596323095, 0.15739103392983222, 0.9000334608765512, 0.834073503227281, 0.5666069774270148, 0.6855465287230766, 0.17733382121943897, 0.6334621655169487, 0.9422390574701566, 0.029088783744538826, 0.7453927743189238, 0.02204879701834117, 0.6112615397101724, 0.6623910131202448, 0.9514274192154446, 0.11661902101699817
0.8851801922264584, 0.5713296973515017, 0.8334394254050362, 0.34919993502673186, 0.5686062213270752, 0.19574661848324437, 0.7078172515101031, 0.09273527793781622, 0.30918867479440915, 0.8774502752293406, 0.5072620909489306, 0.00868159579836747, 0.4218351952125363, 0.7567072915535574, 0.2907533880671105, 0.6814877588218458, 0.20601163433154435, 0.5015798472255891, 0.6277676172204052, 0.5170874499075491
0.8733901146052024, 0.5186525517211513, 0.6534753523304802, 0.9706608790270576, 0.7375362056418724, 0.9726645301800829, 0.8432667491943704, 0.7871250511864966, 0.9787554497129235, 0.2698940589154497, 0.2279747237437182, 0.3379805519022887, 0.6261083207343825, 0.5637173972486307, 0.35399294746992205, 0.9830123316569805, 0.2906376691813459, 0.9477177543891947, 0.8677601093626242, 0.34667989420473
0.16124797671816782, 0.41962699301448003, 0.12484278661766601, 0.14545304412799465, 0.5601398239862919, 0.2798191201785154, 0.3391098966726952, 0.09369500985531687, 0.46387689282963207, 0.16351377458919625, 0.43108668136404493, 0.18345535255877843, 0.5659282469123901, 0.6004269273502217, 0.6175567107097514, 0.24836926650288726, 0.08147293343733131, 0.3938510938138531, 0.3151343546408799, 0.5358948468488889
0.8583488764040794, 0.5976803614492886, 0.027765369008783125, 0.26829242798854314, 0.37207565879040616, 0.3564948137514854, 0.3303888391120742, 0.07299247030243805, 0.02904212692626562, 0.6623140046246667, 0.5587038119266264, 0.7974557065090827, 0.6614960451154783, 0.05721023063028108, 0.032965821199855916, 0.815919853709449, 0.34104073219169195, 0.4573024412381669, 0.5417983755900638, 0.02509344914755518
0.21654445898533758, 0.5664548291061852, 0.4447746197638952, 0.22687542141652484, 0.020662953772200177, 0.1577596183323441, 0.04770025990057458, 0.3112324798420597, 0.3973917495615552, 0.8296398826486515, 0.49196286014864765, 0.913547834176071, 0.11169881128284997, 0.49921555580729093, 0.6368038523051429, 0.16128383122968426, 0.36560289018966063, 0.6637970066367367, 0.5366358543987344, 0.9190073036324674
0.8902336151871538, 0.7268670378530583, 0.28585992326700105, 0.8996054559075176, 0.29968447247076324, 0.555764513133842, 0.9652136627691748, 0.32307019033574536, 0.49188551809783254, 0.10219347641191168, 0.5801990961924843, 0.18103977384619574, 0.02240369905307782, 0.62038896939371, 0.14098399491132985, 0.4136453844802831, 0.8848817445099418, 0.16523193794790547, 0.11485501955434163, 0.7776294560726803
0.5533039348748502, 0.8116161533236417, 0.4631856173327519, 0.5592240535554794, 0.8589801238904922, 0.20089776069479004, 0.5347128274755135, 0.6551150070993471, 0.015639361259131457, 0.14904916579284155, 0.17126999796767484, 0.3143471131295891, 0.4889562277229734, 0.18370012234596944, 0.5837632750715556, 0.9326512590328325, 0.6522980412113463, 0.5296279745130287, 0.5621506372793608, 0.1949496453880808
0.642691738338233, 0.4612391883132687, 0.06433791094813623, 0.5080012771429804, 0.036855434324073455, 0.9345570017286098, 0.5850891497719759, 0.6574587230401682, 0.8548491048185609, 0.35280962205670496, 0.162568355137505, 0.43098610749362165, 0.7175567895068189, 0.3239598275590364, 0.7627970430606096, 0.5374292632464062, 0.0563385484168798, 0.18074710067658417, 0.37666598937061624, 0.3708838667960206
0.24398903872811306, 0.7599974342476474, 0.5432225791241094, 0.6334013134867295, 0.9682707912669094, 0.9598874873966277, 0.08824655749378219, 0.7650164785213295, 0.006737349282116001, 0.9478977486034391, 0.16956545892864838, 0.3145196899438083, 0.31188388669309564, 0.1343912523129963, 0.8519233746760606, 0.2919946560631137, 0.6059610064733163, 0.10462331464431474, 0.4628352314889077, 0.4104407273395255
0.3853157201202584, 0.9912579930172424, 0.5395930773905538, 0.009299309671930933, 0.06261284042145698, 0.9799299141070736, 0.8623251931071743, 0.23017754989947825, 0.6812572041966892, 0.11919525073110526, 0.22799038450717535, 0.16283020480357013, 0.06687417803784224, 0.15936767459940238, 0.4151527704706104, 0.16292342911436475, 0.5071470869535318, 0.5620442226044927, 0.5574731298190393, 0.9231314168565838
0.7396219260433238, 0.739693919856347, 0.13332623706927738, 0.5329697087133523, 0.4677246142771472, 0.29005489024551356, 0.14517196635503204, 0.4451940952450807, 0.8933512717851483, 0.40502965240319544, 0.12969088474880908, 0.08300632491375126, 0.48374960095317054, 0.7141473474478929, 0.8901666994392946, 0.19800942375243757, 0.4830608053142429, 0.8034039883440905, 0.693165340790539, 0.0046760151601241695
0.09272576792761911, 0.24052948696635346, 0.555281001472153, 0.5781124207125953, 0.23258371985272663, 0.7513946632206675, 0.9193224652049846, 0.9234687050984262, 0.007761929672098211, 0.036697634487974695, 0.4979559488154497, 0.2642446895742251, 0.2406536821620311, 0.4098861208424903, 0.16650899725193513, 0.6090033086129442, 0.30027391904569956, 0.8205304760215569, 0.16733312905524822, 0.09099908733171891
0.26619339835068734, 0.9255347845550156, 0.7338927841621921, 0.6321662977750617, 0.8586478319490317, 0.7433993037839433, 0.17371018957153672, 0.2692215053945973, 0.18346776109723206, 0.6268353350982161, 0.9292062223044842, 0.012942811581833968, 0.23290031688701407, 0.8691803377132951, 0.14835494883063027, 0.17796552357484252, 0.6295641911648673, 0.8013432081436254, 0.7811792615425016, 0.9325710112812083
0.6578148160070182, 0.5090182206958666, 0.547944074767567, 0.282475098665827, 0.9176891527808363, 0.002372893582707203, 0.6111173250658474, 0.3227410294881796, 0.34676915969316036, 0.3678081999982564, 0.8331765224671115, 0.014291952872887093, 0.18451725343153236, 0.6119682357710943, 0.5738828690657582, 0.9939859279927674, 0.37743170379186575, 0.32030833101922196, 0.6066050473443989, 0.8199550377341823
0.4345727852252338, 0.2345283702792017, 0.290288903496424, 0.7887795146824147, 0.4439357941926735, 0.0887542940205307, 0.2826265232584836, 0.949670620576465, 0.012536736835634832, 0.06943815145770116, 0.8588507855603302, 0.018487908650647644, 0.5408789055313852, 0.4275154151089412, 0.8242792890482651, 0.8831783895950925, 0.036997498820062424, 0.728276582743064, 0.7237584482684621, 0.661042131997904
0.15072869635623165, 0.5110906850618272, 0.9869949901586363, 0.5738800150644183, 0.8018163810864489, 0.5420312719628161, 0.12388698544875443, 0.4503031890236704, 0.48139388103274894, 0.5934552367863739, 0.6710193596886986, 0.3185681402644279, 0.24647063340893693, 0.8727711652362582, 0.7254134552073346, 0.7836723995128589, 0.10860358706451623, 0.7157268715302861, 0.8928617305163327, 0.5350496042585365
0.8007952000101975, 0.7896641613929171, 0.2097022779326143, 0.40241968270799033, 0.14064565497045178, 0.3688831775193132, 0.06643278540099018, 0.7171364714838089, 0.11937229898115387, 0.9688224166491777, 0.9085194347585417, 0.1869225773318779, 0.9361015715674362, 0.5387147586777791, 0.7056733645351416, 0.5738338686169109, 0.0049280613665515505, 0.03951939997537046, 0.6339478362592124, 0.5742097362722429
0.834708903681671, 0.3927178661263795, 0.48554642239030155, 0.2118723788842889, 0.47597873836882165, 0.4372285710911754, 0.5576400313259601, 0.2528629407128422, 0.8625559461854853, 0.07046150607917423, 0.3458246326400657, 0.3512934587934734, 0.47292894538373165, 0.832252668945904, 0.9540426384167158, 0.283049424631973, 0.8893566750011388, 0.595092551356932, 0.22982326466777658, 0.4305127647014899
0.09481710530847887, 0.23993174186294153, 0.7367082317295451, 0.9055459165016151, 0.796082559992078, 0.14651140545138042, 0.7739155577097075, 0.19100956504586175, 0.18610041453225457, 0.5429127596397451, 0.8268289931222242, 0.7044581901019615, 0.7979406860390794, 0.6751034830526013, 0.30997420535745235, 0.07682165929723639, 0.36427177744475714, 0.7323209264293351, 0.8047137567497521, 0.458561633530298
0.18835397795293818, 0.09300194719411248, 0.27708238721324374, 0.6970294637874531, 0.760721901963818, 0.41163957090403025, 0.18765208228347063, 0.760785729156691, 0.3842310831812691, 0.370798600027788, 0.7228311912505813, 0.8281375994278001, 0.10984030212291351, 0.6608896329338667, 0.8611849990554625, 0.8397023557370182, 0.17670071898415562, 0.2141566714371842, 0.23886582072119433, 0.9341450619624979
0.27704797894104594, 0.29966840490251845, 0.7897228621509182, 0.17000956471278184, 0.2975839801683723, 0.22446883245115, 0.023224851482055886, 0.5054885182290018, 0.7913441780541656, 0.426076101555664, 0.37188113996667826, 0.17598912621855278, 0.39432450473950054, 0.5252916795576064, 0.732790386213495, 0.9921228096176551, 0.6151483445310612, 0.8539828718324441, 0.3349427856318149, 0.10062418402616113
0.7733164427696375, 0.7914007134369693, 0.34851627644375116, 0.413526572124149, 0.6421216831691532, 0.5504374534952958, 0.13629449514792713, 0.0410630838376258, 0.277441164976293, 0.7024687885100295, 0.4328053725296962, 0.44179195813907945, 0.1115996279419118, 0.3843360056610273, 0.880932141094096, 0.29126520086556373, 0.15226867541210443, 0.4675118548316468, 0.24480292761482403, 0.7515514917414187
0.6184203860016136, 0.9096407213195702, 0.2151634399994743, 0.5888711700904564, 0.4090307973348293, 0.5179570244223171, 0.5938448247635774, 0.8742644892976873, 0.6464005184322267, 0.41453456530086086, 0.7254402733739013, 0.39618787916737563, 0.22343842963840388, 0.08659411251913829, 0.7749135788306682, 0.14778991785168794, 0.010025565214098586, 0.6802644411350895, 0.032377263888387575, 0.3477095640849872
0.3459104446327381, 0.687973416876916, 0.04268796833964472, 0.25906013153258745, 0.6289137821427114, 0.8745964042119133, 0.4489865960378998, 0.01957985675460494, 0.5326153931859497, 0.044934709350320734, 0.5163523147612815, 0.9670340614586901, 0.20046056413660396, 0.7775606395273756, 0.5801747748049169, 0.7211399346909045, 0.7689846715487157, 0.3112692894167929, 0.016692689988306197, 0.5724327038803918
0.37032998810311535, 0.3714655336042526, 0.5584622347123012, 0.04780095584371391, 0.7408321992142722, 0.9832875708095917, 0.2024689658171761, 0.9741878876549825, 0.6469178750698699, 0.09731056175207653, 0.8304136049818255, 0.5685938538136053, 0.9287869924893413, 0.9261263847394268, 0.762421566132791, 0.21130955062107593, 0.9419987149572622, 0.8031382913836461, 0.27046401884781734, 0.17208185943306042
0.5938819297526344, 0.2539445663810119, 0.8403845334135354, 0.8454532838475216, 0.9670830499924656, 0.9590922965553897, 0.6065716749749082, 0.6608575893649518, 0.6906071745744854, 0.14297928318363562, 0.9403215810492855, 0.7830708072071937, 0.35324141440027057, 0.5894568381616848, 0.7707481115306996, 0.27912693292460156, 0.5538090189634881, 0.2705240679950558, 0.5790798401165695, 0.665610711935
0.9719567096661162, 0.23006179518328684, 0.9525102745170194, 0.682261685610602, 0.7362633347310185, 0.5856960106018207, 0.547592782328806, 0.15375812838755287, 0.10374859276889326, 0.417347532439161, 0.8930659957177678, 0.010115338350013547, 0.5056275547405262, 0.49135461036231953, 0.39945286448826955, 0.986161632119704, 0.4748339476312433, 0.05952841925012953, 0.20838901299085222, 0.8812294546473588
0.2975497177222485, 0.200906192925143, 0.2949440016619853, 0.5827339001609436, 0.09721026765440677, 0.8340510789831033, 0.5110240308568031, 0.36950096365082397, 0.2333417557952111, 0.3288682802367495, 0.6399873572906685, 0.8394451204056036, 0.46719528183416903, 0.4307461727793982, 0.29976399475665283, 0.3494206316398496, 0.09952333134193614, 0.5794163268242493, 0.5172754586627512, 0.8656278451640674
0.56217921715273, 0.4461110380715778, 0.2153953917535435, 0.32606356921700397, 0.2367351129783335, 0.7585464085763987, 0.9472886111242265, 0.6225356597998566, 0.5738601947943438, 0.00687180317122793, 0.7382810064631867, 0.30270749448513845, 0.9356574339397082, 0.8133157315959142, 0.37549164441001526, 0.6080222401652586, 3.163576469689122e-05, 0.06698473125918003, 0.13606340941404094, 0.1677907891912197
0.730819874412037, 0.3407434422617047, 0.21813739627725415, 0.08933153324369503, 0.1029150270089414, 0.44850310522694425, 0.11457730203510696, 0.8169308198286798, 0.6877134869868791, 0.3138775980395023, 0.4161691616105617, 0.31001834934714023, 0.1610617491619275, 0.7325755609837645, 0.7497844641089986, 0.4479098914429921, 0.21297597674413982, 0.18488390570042113, 0.4265559443300766, 0.5102259710399254
0.18258167420187865, 0.8291886460336808, 0.17285257164352863, 0.28709482491891847, 0.5114424124286415, 0.7527230920005021, 0.726119727155069, 0.9958248619724547, 0.5652376022113446, 0.4698670305645678, 0.6355091615595769, 0.7424037766518163, 0.6281534531809886, 0.9535353311927082, 0.3193173348781264, 0.2982534335898459, 0.6482902401019676, 0.16110373784134002, 0.58157345459492, 0.9891699875749205
0.007087054487086686, 0.1327032645573859, 0.48898567237909485, 0.5038205422652506, 0.2523619527446499, 0.9051154773406612, 0.7641515765161948, 0.23373123530276974, 0.7267372497419275, 0.6738009149475747, 0.6345986368764133, 0.11486125038410044, 0.8009812947595931, 0.6992123778693454, 0.2041390699042568, 0.529697891379701, 0.15193816284654593, 0.09795974251804751, 0.5694636872450536, 0.5385674022096753
0.5788837319445247, 0.08966162640886643, 0.41982653670196757, 0.7125712258708211, 0.5807805556721798, 0.5989517997569636, 0.8470145815039204, 0.5984197670553257, 0.21238683340941789, 0.6623975785461048, 0.7700702934561173, 0.5638721020340555, 0.341211552043585, 0.9388381320089481, 0.18984797139156995, 0.27237778449052485, 0.5115477928259579, 0.5251522902968168, 0.6364604716793193, 0.11080245044277803
0.11738139813461146, 0.8389036852142211, 0.9365077357469173, 0.5822044731431206, 0.18779354353729139, 0.3201235363186382, 0.18666211463390892, 0.8805250569241099, 0.5747636769340814, 0.7035900755641225, 0.1412575422316077, 0.2876334515666882, 0.675287130284852, 0.8709909060739414, 0.5137844895321775, 0.5327446185821864, 0.06858508790457296, 0.874925997280526, 0.30141893473467574, 0.13868747031233764
0.03381777871069036, 0.38282972556681694, 0.8610593911987754, 0.6636281653755055, 0.581404464387023, 0.8963149990836728, 0.7364381772063563, 0.6364995175815606, 0.3852025227295389, 0.8181264922016532, 0.7902150922291256, 0.04279392250982039, 0.3194656086452744, 0.12305233022752282, 0.2943406290844419, 0.8664520918526872, 0.765924974942945, 0.253452674073831, 0.6538284709185168, 0.9098564073585653
0.7271010814167436, 0.7827125241103474, 0.2798792768783319, 0.07090473493835237, 0.6420849923122582, 0.958385121660351, 0.23350718389209846, 0.7936380269290565, 0.11153305694197269, 0.2652029616741096, 0.4382263313664819, 0.3021510156740651, 0.808016423446852, 0.41257615854061025, 0.4140564485648819, 0.943339222165767, 0.5275782134825375, 0.3656036756812615, 0.25527234640158736, 0.3202859984796942
0.4136065928557361, 0.7662449031849091, 0.41112747184558573, 0.12356021947385787, 0.21526936321028722, 0.1677000259256436, 0.622495397814566, 0.09577731276503121, 0.048811956512589405, 0.16809227242640168, 0.1537928075924634, 0.7220269265207487, 0.8689049102802567, 0.1994716046867353, 0.666824760090625, 0.9567857582909187, 0.20307118374519206, 0.5364052847292989, 0.7392641395943249, 0.8085181523974637
0.28974844953578105, 0.6938703516744372, 0.824089990346443, 0.07707678338451573, 0.6944910435954026, 0.5359546936824249, 0.1366592480647144, 0.5593592993633034, 0.779032806148724, 0.8073670372321984, 0.250566904627447, 0.8185753084104196, 0.26626242538901024, 0.28493402823723013, 0.9068202395304442, 0.331180813450239, 0.3569401105624803, 0.864380588901901, 0.3738618513285099, 0.9783265282030359
0.7905675983068648, 0.9086568844433299, 0.17690931497549156, 0.6657982401477384, 0.5377510446121776, 0.41520563436420066, 0.03053915711092603, 0.8791545292011642, 0.23052267412974037, 0.7837995941939605, 0.8855145707198182, 0.2762539296456661, 0.6441146612091687, 0.018616864886070505, 0.6124822672139623, 0.8481871871675714, 0.33182436622368994, 0.5597665012953456, 0.483798759869858, 0.9035817681938343
0.018726255671241088, 0.8057468572594605, 0.23126059161853396, 0.6628253660077201, 0.9657697097035176, 0.9368343004510274, 0.7527272398891465, 0.023539119830196853, 0.08025472607082118, 0.8951762328422791, 0.25968788223348094, 0.617144606121259, 0.16307030964263802, 0.9515989536979391, 0.4124620104202976, 0.7215499083424447, 0.6556393302703623, 0.41438282134831916, 0.8694427555525341, 0.9521243762348321
0.4431218384655874, 0.09984795713365668, 0.7459180723845324, 0.3144318623500273, 0.7152415228589923, 0.12215734245226773, 0.13918417636950775, 0.8180893483448951, 0.9493505885453322, 0.800894116451807, 0.9760469355209298, 0.3763544019394982, 0.07546855581053469, 0.3501910929241223, 0.4682010224961525, 0.31446810830476757, 0.9784916498496411, 0.42673203907288093, 0.7089597446834341, 0.07780555072967288
0.05297312437216495, 0.7173488193845048, 0.6142895569608977, 0.6272407030130694, 0.22219773171989976, 0.17783570758045752, 0.27821715804264346, 0.7447154051823839, 0.9774647076098439, 0.1881776440018358, 0.24484428238663203, 0.7747193098433616, 0.6920034408029564, 0.9546761191863886, 0.7862675593573946, 0.6244312876687882, 0.05265766487308743, 0.45182029287002434, 0.4187566111807015, 0.7811127102410489
0.5533730551448951, 0.8734777750141806, 0.029953179904191107, 0.7732610370206067, 0.18825961970221472, 0.8281336601335861, 0.09419699649282876, 0.3002789232827814, 0.3435177056317483, 0.4493732294126973, 0.39366948758821685, 0.40682837772958735, 0.41026728187506833, 0.46955965971788716, 0.7377147232037033, 0.3582854247151277, 0.09114205906299633, 0.017622586054611644, 0.24951387007395942, 0.7704840346517935
0.62817548188478, 0.9244322674170165, 0.9277877373118408, 0.09613795195884123, 0.2029315535969951, 0.15727554238894048, 0.6395567311990515, 0.8158104280098881, 0.14135454384658108, 0.9453030874452774, 0.9600356580387103, 0.42788856965119426, 0.15380538738267768, 0.0322854367843185, 0.12697447995050926, 0.20423859452137738, 0.0966516085672785, 0.9898217738915147, 0.37487921846593286, 0.4959740065961705
0.010096405465691127, 0.6626826375424344, 0.6662608926151029, 0.6250636313633313, 0.05727885632423391, 0.9886746903714877, 0.4852296354500193, 0.3291031551834366, 0.991455795798691, 0.015217036856761679, 0.9856454208795404, 0.368187682143183, 0.42397599403375674, 0.848326413663288, 0.3660326577619446, 0.420157434868061, 0.42834027294830357, 0.1954581357551164, 0.6505255178481426, 0.5338526965401654
0.37807651312985546, 0.651499919827962, 0.8885163936245929, 0.4357506598029125, 0.45980539658989517, 0.0007562823060646151, 0.9130363089353801, 0.8882381433255849, 0.5225930203382532, 0.12786605424180275, 0.02100933844920727, 0.21328563273148193, 0.3948657497790592, 0.9060642213358813, 0.9064225078202839, 0.5962715254040793, 0.8824174806378623, 0.5042760423059414, 0.6027075092402907, 0.7652190395739991
0.08017784437641828, 0.6706237981224004, 0.13782775432081007, 0.25021437363469434, 0.17175649905222834, 0.07405939585748544, 0.1253590893913531, 0.9132422632227608, 0.21165592008368772, 0.36417199843681725, 0.6754174629969472, 0.9315303999341313, 0.9063090524697441, 0.7190010094003794, 0.7326425832020718, 0.17576741016108177, 0.792469965912349, 0.9917416195186823, 0.6978078726292363, 0.02268409241345004
0.6821335046649444, 0.15076038376682066, 0.26882281517306483, 0.31136027904630814, 0.09652536581214288, 0.30300706569199753, 0.762833612561997, 0.4763497055919975, 0.1868180612162884, 0.03216662121250313, 0.6585704987742128, 0.8166588372366029, 0.7869029280186922, 0.0450023611281507, 0.4158062582432177, 0.7578096259545136, 0.4647196249096953, 0.8074841291196391, 0.9316287567962994, 0.049122886750305295
0.7877062422918474, 0.6035629383498645, 0.7961530276692426, 0.2296858528379161, 0.19182030878939715, 0.7690667127507536, 0.3304580182664417, 0.6248728084048044, 0.9413596729246727, 0.8786901986641825, 0.505836754364663, 0.13931326994141202, 0.8389927174418991, 0.7620596499825532, 0.6450945450100752, 0.35372521620241093, 0.321121875972018, 0.3692663823340727, 0.07040397763162953, 0.8923774549160499
0.29133689280358577, 0.5512458998053882, 0.5508833982690101, 0.43559781764230643, 0.5080154346054317, 0.6612884049291379, 0.996711244951778, 0.9699478081687193, 0.2496714407905989, 0.15512739914682894, 0.07451532220804602, 0.02356935618864986, 0.41026266816759216, 0.9708335131338858, 0.8480467961470523, 0.17147653892697323, 0.7927889697615222, 0.6114658860078751, 0.16278046685437553, 0.4939595391278735
0.7162954397637809, 0.7107090597560694, 0.8578615291111166, 0.39408634159918277, 0.11188245905320604, 0.5413767913411919, 0.2544231793318452, 0.6368705869435991, 0.2506425679151211, 0.12546273242947414, 0.5566411194664774, 0.5050816737578752, 0.9498362579681874, 0.49345174368175004, 0.02735622160284845, 0.6428181814992945, 0.3406860469067894, 0.16277859247094406, 0.013266541486433026, 0.16711802121987374
0.018080073924578444, 0.4727992602301132, 0.9550169348474757, 0.3933255748974739, 0.887386626422884, 0.6692482570163293, 0.6073545645292474, 0.24633634657234504, 0.33660215010726524, 0.9150082222617623, 0.9249888525196946, 0.545046813287693, 0.2687324172023554, 0.7570652668407024, 0.2805298614763829, 0.5648341995521281, 0.4680476410033376, 0.0026860973721267722, 0.16000636949947722, 0.7756897911357886
0.43977579239926134, 0.2522644453299948, 0.11609687490414655, 0.6605859231967182, 0.30114918622488773, 0.08717865667596192, 0.2093460425981507, 0.9906128359325405, 0.7406803539313038, 0.9999174439864136, 0.47762166705338904, 0.06117909158355295, 0.5442448155703358, 0.5545925940811977, 0.9439456530094745, 0.14800173610791556, 0.2776423873459788, 0.06398996533485868, 0.14545280325181353, 0.992297571197529
0.6050531157887666, 0.4669668179779445, 0.2928573690914187, 0.3277757129613428, 0.8983205405122071, 0.2940728159440227, 0.31155595197617514, 0.5186816489132579, 0.8729447564470388, 0.8035652924457345, 0.13908643884132288, 0.9726452371648991, 0.7871351641108975, 0.39480360951086735, 0.2533869319465534, 0.41240014612637577, 0.29050943612708535, 0.8145000060841113, 0.794291921409232, 0.13414840195036304
0.4150648887490751, 0.7200838514942135, 0.7850639089387308, 0.39591089085448794, 0.6487705208813613, 0.03174715679289086, 0.006753955306667114, 0.07639626621958129, 0.6133070728050206, 0.15088094512351025, 0.27598889322110676, 0.08232509643564279, 0.32408950037388917, 0.5939348883892781, 0.894043540232802, 0.8303678253380372, 0.580888887765753, 0.05105766247660204, 0.39747444325597925, 0.6483906847031415
0.327621846542971, 0.8810906610523577, 0.03701182369994849, 0.4843264551924733, 0.7315821691390976, 0.7749540401637568, 0.9507670279892844, 0.1875173235406743, 0.3947006526785436, 0.2882263441964069, 0.354541999482326, 0.2163253336469615, 0.6506010674553473, 0.3917293732497056, 0.2799353291819646, 0.38465659523397433, 0.8944148182159005, 0.17119167585889628, 0.08259758215215751, 0.6377901053365466
0.5067928268461331, 0.4213726161699535, 0.42760528595105207, 0.6798843395440359, 0.7463578308270681, 0.6363466815243358, 0.7582228231836933, 0.5528769337234138, 0.3397220998639643, 0.5205009245539217, 0.9060036840098266, 0.5738923189824565, 0.3200455696771277, 0.33820957199332347, 0.8745081847250801, 0.18398004179421223, 0.530231983722752, 0.77057360029079, 0.9672038990688582, 0.0741408179669737
0.937706717407,487.489772039,1249.33531604
0.0367226206341,540.309058856,1311.01433383
