$x1,$x2,$x3,$x4,$x5,$x6,$x7,$x8,$x9,$x10,$x11,$x12,$x13,$x14,$x15,$x16,$x17,$x18,$x19,$x20,>>f1,>>f2,>>f3,>>f4,>>f5,>>f6
0.3920429519166235, 0.14587881142819603, 0.27114521479926024, 0.4550808770489726, 0.27976633184137945, 0.8376090715126825, 0.40556512657694854, 0.14027363330683718, 0.33834148325282976, 0.03571726905459838, 0.8492291923552542, 0.7140448866081563, 0.7543481805052138, 0.6893761519281656, 0.8849953174115819, 0.031176910727519602, 0.9752733849520491, 0.4980728910170472, 0.3527063291931968, 0.3286200179403699
0.5883967053179207, 0.58037202686726, 0.3880331508785263, 0.04572129579657591, 0.8368078158947758, 0.6249065562170264, 0.011055371920114965, 0.5907284934575223, 0.2487814791674411, 0.307125979260888, 0.46722951571905225, 0.6261157697317595, 0.7770670985625935, 0.7245512753882947, 0.44651663289968124, 0.3769266064605429, 0.005881932191715511, 0.221831516695299, 0.6491043898609024, 0.8824278072623377
0.5174537277401985, 0.2570209972072911, 0.36901703949171116, 0.8852463160548669, 0.4415913006741624, 0.9796999666978524, 0.20786284721251136, 0.19321734312658023, 0.7851157198407133, 0.7791208690478286, 0.09930051355630687, 0.7468322195947885, 0.07448621423790813, 0.06263064233164817, 0.5599673669863268, 0.9849208915020713, 0.36695912379571494, 0.8916281479646352, 0.9554662147063904, 0.1022860832285204
0.7288281956800995, 0.5982748961442169, 0.9329092604956098, 0.9146827884697372, 0.574180668639332, 0.3023408723213702, 0.42011583722148993, 0.17553659146573974, 0.057194409111822386, 0.1749512104890697, 0.7926346466889825, 0.21718666237884354, 0.23598564785826648, 0.2207670546346947, 0.6393910623630462, 0.3393477654489082, 0.7418880765348576, 0.49343394371774507, 0.4503958716396752, 0.3856640311699111
0.4970020307063505, 0.12610756574246218, 0.06368764993362153, 0.7996569199554627, 0.9250617468720305, 0.8707090800399502, 0.8071405671075014, 0.31469646484103664, 0.05181119235155063, 0.3995724176252031, 0.4069626607245368, 0.9230106673510518, 0.10148011520187206, 0.9377535568733534, 0.36814823631077687, 0.550576469525987, 0.4640935320645485, 0.8630949199841905, 0.6504365956809522, 0.9591606503072327
0.35307431593061755, 0.2735560051922663, 0.10915295229205968, 0.6231570237178271, 0.4029368334217953, 0.6560259485758778, 0.5989693951416268, 0.4570882519165186, 0.48792398432600403, 0.5953326906297322, 0.044552587503394636, 0.9008013423565925, 0.49496519165339525, 0.025819318317164663, 0.37072541945488935, 0.3866552826652777, 0.44774125689584976, 0.3606023300991493, 0.49350130369051914, 0.34075055000867793
0.641954506344091, 0.4559746385218505, 0.1167309122221083, 0.8994284367366273, 0.0006991642239976281, 0.7907536179840643, 0.3065913235397377, 0.05475131878952233, 0.8235385243029931, 0.5273544444498873, 0.27016127554142033, 0.5822411860558342, 0.9271464710247974, 0.929272738891765, 0.04559410778037398, 0.7779153950341203, 0.750486540515699, 0.7982378850215455, 0.22413366001665314, 0.5760757644291227
0.12143383888577908, 0.31258060194740733, 0.8398594144932313, 0.014125329853573954, 0.830765154308288, 0.7425666277667868, 0.6711549265654376, 0.8919868914212368, 0.2378216923840355, 0.7800263445581859, 0.20142112302717607, 0.09075740193257631, 0.06606374868772336, 0.8047537826585884, 0.5295487337844927, 0.47430598897602916, 0.5515605712952654, 0.49580195751605083, 0.2402348403355593, 0.8551029315536305
0.2038039222684216, 0.8466827563359508, 0.3893236133497511, 0.6508146229891063, 0.09804661017811167, 0.57576105060272, 0.42852513911755363, 0.5208417935845681, 0.6146863158016627, 0.9531724765257952, 0.6088816611998029, 0.43002981704573395, 0.016572359681630178, 0.337901349271473, 0.3712811945165001, 0.4011518817357319, 0.8588217954123762, 0.004484471520079136, 0.7206000599655851, 0.3923314761762101
0.3119948889822949, 0.654848731865625, 0.8876355212710796, 0.24097726312210022, 0.7962513498371643, 0.4203750062126882, 0.3296172217416994, 0.1077314559207101, 0.7232227628459171, 0.7589312086086201, 0.5909635990899801, 0.5586799254093733, 0.2837321949950754, 0.08848591934816219, 0.754995318902346, 0.39344784026851776, 0.5723005652255522, 0.07574853842991325, 0.07347946834882968, 0.15807695043936043
0.46793010129361257, 0.863129282878009, 0.1757559404960538, 0.8871866107034394, 0.8819650183163024, 0.5455254134202159, 0.7348401947561156, 0.16728293865818045, 0.3120798730985892, 0.9902165813644109, 0.32714181706607937, 0.27658124519033267, 0.09673970844940083, 0.025240966918473107, 0.4004416840828925, 0.20782135722153872, 0.2059555227925477, 0.5853440620117881, 0.7780819495744241, 0.5539746921884929
0.7186472056583106, 0.4436053981518908, 0.5232914800914235, 0.27671401991770683, 0.5867529618470291, 0.2665563871625697, 0.12352274794063722, 0.3570025146982724, 0.8070903373763406, 0.8479490368719058, 0.5061451929103236, 0.13676736926632616, 0.4273611613257904, 0.08614179423751112, 0.7195523471033918, 0.18183332063238156, 0.038999466716947984, 0.6518103618889632, 0.19989061865246804, 0.9340193156261084
0.2563277388983214, 0.2035840633169107, 0.4937562156088593, 0.7904435578416055, 0.3305781019364594, 0.3911097948084472, 0.4345082927899777, 0.4855383799050276, 0.7598065802538618, 0.6888317131397592, 0.2715904512491959, 0.9849977982934451, 0.019849904242132732, 0.7256169195169172, 0.8754877892151821, 0.8794879588771999, 0.39317999307908136, 0.42712851055360246, 0.1701745519564748, 0.09570849336083154
0.6670955635606152, 0.657406364518294, 0.6003110490255551, 0.023045108451728913, 0.9076277108790751, 0.11393941057977552, 0.8746222104313846, 0.09726758895141563, 0.13977405978962798, 0.2115243892814438, 0.08939132324606658, 0.39176440034161975, 0.44914047641954136, 0.851060440050863, 0.5556193092641973, 0.5072766461312849, 0.34262205976990134, 0.5198740655032019, 0.32469793679805403, 0.13563527351058113
0.630743189964107, 0.8708100053063013, 0.4730884992284803, 0.3828101801974092, 0.2637143804308488, 0.8076008867185772, 0.2989208800193317, 0.8284308733163216, 0.763914069190148, 0.4783114071931892, 0.8023264997134952, 0.9145291981245296, 0.4999992953443626, 0.7117350150878546, 0.21462917863343, 0.26350484634407245, 0.2132271973487142, 0.7919659829680428, 0.9335664714599397, 0.33838037932212284
0.17617750906850294, 0.8684133684356302, 0.8071580180481258, 0.8058509327180056, 0.7839449217948652, 0.7035443243095304, 0.6448068662757797, 0.6482036109112344, 0.9262857549924174, 0.08508535186117538, 0.2615318108116935, 0.8121769938228471, 0.7288783426414677, 0.2524270565031187, 0.8358538091840266, 0.16822619076794787, 0.2584883713615381, 0.7332341368671921, 0.6117797797943867, 0.9665991914962541
0.8085653503570165, 0.8526269292236257, 0.2676624047485292, 0.5436991051759821, 0.9150856177272273, 0.6495463717301128, 0.8626844312919464, 0.9221799455969711, 0.746193547250604, 0.701857624272075, 0.7641651343675471, 0.6427249752585457, 0.9876462172446056, 0.5697805417615855, 0.2363051861828046, 0.28444515548088023, 0.932770993731758, 0.09083579947832343, 0.494320314946308, 0.46168147288274763
0.8211274797008425, 0.47542816624742645, 0.5740802969671606, 0.7748256248329327, 0.8604695091984589, 0.6839574131630998, 0.47290349757316297, 0.17636109421411583, 0.9271239867556516, 0.5654308608242704, 0.06158746276569804, 0.024901015706469187, 0.5156119727327902, 0.2958155012902166, 0.1473100553676162, 0.48883315244438164, 0.1261451428516691, 0.41480954358122024, 0.14973886541142256, 0.28276382032691005
0.5369809494752891, 0.5631449872482361, 0.0324587294785903, 0.6673137938998397, 0.08054071887406722, 0.11252457623903467, 0.7579892412934942, 0.7151920683069332, 0.03230178629569336, 0.26433173346505123, 0.9248712647979275, 0.5583070961259406, 0.183587408038955, 0.8229236544576862, 0.1045310823722514, 0.3431149795232338, 0.9560184355219965, 0.5114314384414674, 0.8261077984911884, 0.6976036809930605
0.3859772941425734, 0.6724530559216885, 0.9720136307960664, 0.003645494519308956, 0.7529125854107777, 0.9394358918288106, 0.950150922557414, 0.8169311353399789, 0.7886443747425043, 0.7128756589547143, 0.1380345159021633, 0.6071741327493729, 0.03163880596141477, 0.5724078491316601, 0.5736362571124993, 0.6973908846255978, 0.24509486362089739, 0.7717034407588067, 0.9695367061759852, 0.06954667061855435
0.6233090123688202, 0.08921278969941349, 0.48719363086472456, 0.6801822177097033, 0.08228208041175633, 0.11442864171000833, 0.5177597461139931, 0.4393190896094611, 0.8706038296240904, 0.8574150916222686, 0.37276866665666464, 0.1413722169085755, 0.23953084138915182, 0.9499112281599453, 0.5272159096884692, 0.980802158677638, 0.3888529591801507, 0.1880331817446126, 0.4517068370035837, 0.39948759731488526
0.7366197267732544, 0.40500187862266934, 0.7439264053822138, 0.44159622819707656, 0.6856762417397066, 0.6737082886098286, 0.42615761425856236, 0.6010329745255837, 0.34213037372410915, 0.08827928007286456, 0.5327628346691864, 0.24825259913462527, 0.4194148023598544, 0.5441781464747667, 0.4236743131326308, 0.9131723245419215, 0.9163928441067397, 0.7251713863316883, 0.14175173222873605, 0.2232332447275599
0.7674943728150925, 0.027158240564361225, 0.9744342805311769, 0.9276631347649575, 0.7877857525384068, 0.22898522292115808, 0.9104140814547266, 0.39304690871001113, 0.4543954382082942, 0.05489292079195274, 0.2703932273589734, 0.5241155973566181, 0.2497010995131549, 0.8556609744039507, 0.03321343761101081, 0.3389468669829425, 0.7466760214429026, 0.23168236191514968, 0.0046055251012796505, 0.42088148141826487
0.9441381145583977, 0.7204273823976385, 0.5444254943468723, 0.7641790217949558, 0.019278302431468886, 0.043801664512627125, 0.448029592112283, 0.8571913771960231, 0.7014638097584539, 0.16919383537437382, 0.11487907811771336, 0.4067023064519628, 0.9527369859740176, 0.880612556945593, 0.7658786056954857, 0.7665536689856226, 0.08920438343023385, 0.86723797012554, 0.7902790911403685, 0.44788360484991774
0.7544632427872997, 0.23888561816935083, 0.943422120227615, 0.8991629385802689, 0.47946393946944055, 0.4057765681346991, 0.8450634613143576, 0.40413695857675436, 0.8227585023730932, 0.2794297177237993, 0.8666016416179806, 0.637910663739326, 0.4366905722571055, 0.9111525088385838, 0.9716874034346957, 0.2011518865526264, 0.798116295845169, 0.3431653388687266, 0.4618741146691372, 0.852984700703279
0.877447551568942, 0.2994115036863222, 0.6591350216797435, 0.3176428061552061, 0.7421180012925607, 0.3743707583355128, 0.28365924626800487, 0.1967968321388559, 0.4413896377431423, 0.7160286853247382, 0.5970614079857278, 0.548744771351011, 0.12817933071183152, 0.5361038446568736, 0.9510179930832371, 0.9382385856485176, 0.4923068187929662, 0.4268583295831968, 0.8440632674170494, 0.9185611324593149
0.23595592578195246, 0.9033142945594307, 0.3338901975559626, 0.1058606134278306, 0.5353337774346444, 0.3374870381235341, 0.30308182968216046, 0.32823028944587507, 0.12257028166258777, 0.0003157011905791096, 0.8214963658278495, 0.6663360516577784, 0.38794655821194723, 0.6553176839730215, 0.6243902683312573, 0.6198275894527966, 0.5735875065736005, 0.31901619077257803, 0.7776272464062226, 0.838490522970954
0.08832599427376742, 0.24290938490369163, 0.13849102794020696, 0.2914141532975921, 0.37198868625150927, 0.01491168045957536, 0.44340363870998023, 0.7616814176136567, 0.1662523073280343, 0.5071954219424263, 0.11909813350325682, 0.3428295011120692, 0.3045380471260316, 0.16153552461408993, 0.17538806133965223, 0.8462378970089814, 0.2034901259093792, 0.13309732242187278, 0.27058737133900534, 0.05307389795791928
0.0170118695070971, 0.30901564225630795, 0.156297738200736, 0.7730183822213222, 0.9441664556694453, 0.6777243254889411, 0.4397610052202764, 0.035634275866403886, 0.9875174079983127, 0.7303890318842141, 0.26873552525804145, 0.7704229147742894, 0.2809309855094845, 0.17578549593779524, 0.8791211523829872, 0.8356650195037968, 0.8885829479170092, 0.29470144913236207, 0.6399377958576193, 0.9640822955993246
0.9992687284762398, 0.5506773068115153, 0.8304586381683525, 0.8525206453181333, 0.17507869215753546, 0.05933821331156974, 0.46654588848492684, 0.4890772335178184, 0.8824593157523997, 0.7506775227630875, 0.9558728912236077, 0.5327998045552581, 0.8215468983204465, 0.2117817915290302, 0.8371959392378365, 0.8635301160836922, 0.20180098307431238, 0.651227202222046, 0.6506298551123688, 0.1467253298571154
0.08474052804201926, 0.21150161298980785, 0.8355014355031921, 0.7339901508894268, 0.993524610325684, 0.0968158521331497, 0.5363237928160746, 0.3776512277049514, 0.10153625782579112, 0.11632684128700599, 0.6906825240386237, 0.4506020662530478, 0.8911069659285775, 0.15976751834979674, 0.671365697581899, 0.6861166810879128, 0.7838959126463996, 0.4118041007569684, 0.4126981500952178, 0.9136307864348472
0.40189367416663835, 0.48323966318699696, 0.5194102341150999, 0.3652947739922683, 0.4248339440134158, 0.2736169302437421, 0.5868061870172611, 0.29672069621446207, 0.6350273165735739, 0.6025826664147341, 0.696518440622994, 0.5004844379944438, 0.17156737385144383, 0.7628439088989999, 0.26180011377128165, 0.3602589010315306, 0.11980998642754148, 0.11713147794353296, 0.4956799564994403, 0.7640030787325552
0.4175854242995979, 0.1222733796215989, 0.6818974468939617, 0.4891364645332754, 0.10621616326922445, 0.5592262331013446, 0.2563986494440108, 0.11166321891758868, 0.6571729441819152, 0.1112043905518263, 0.9714881686989554, 0.9891879338292056, 0.1998821053236829, 0.6957405402789039, 0.25131920391136575, 0.3753567068376512, 0.9059296256635692, 0.6363963756791338, 0.7602770738259481, 0.8806107675195414
0.5260797284983003, 0.37260565870646756, 0.7459497113538567, 0.28652090227069815, 0.6123935898999668, 0.514168706833102, 0.6156517777640494, 0.9198084110277543, 0.6441277913754545, 0.018038334371634046, 0.18653548745552806, 0.6462642588814169, 0.5734621567196383, 0.8203469272828952, 0.26967061984661655, 0.5058298990574946, 0.2655909584241851, 0.7678345156079217, 0.08426206062958674, 0.9844443350967236
0.31689572383254994, 0.10139371811323739, 0.24835483323385354, 0.8321029971949464, 0.5957308016135573, 0.52874201062245, 0.892082011066479, 0.7602147866445021, 0.34309949245928206, 0.7403721436193318, 0.7311217148641034, 0.3839299827777266, 0.27571437997454096, 0.6536479046161635, 0.539174898520273, 0.9543238489203292, 0.4913527577312454, 0.9580582628835737, 0.4090142769998456, 0.3886100362787577
0.1419152909450302, 0.7032063013780474, 0.520114696976511, 0.986706884984858, 0.6565700735988176, 0.634590906475803, 0.31350904925513823, 0.46140053627581834, 0.39831380265590033, 0.009815497998809652, 0.8553350841908234, 0.609844428184142, 0.5253567023827644, 0.7872798860750718, 0.2951787188472904, 0.8834023433586395, 0.6667243202710921, 0.24849824557694478, 0.9944443336335289, 0.03398958587853507
0.7782965882758129, 0.8376359866308292, 0.4358797852377977, 0.7333339592276091, 0.3293809293976725, 0.8187157256877118, 0.8214591603346167, 0.5629811822147653, 0.8399025423528581, 0.6780663807537115, 0.9232453673671082, 0.9977610079339924, 0.4197562584572174, 0.6480481590955091, 0.39973316898862976, 0.48765449924501114, 0.2382790291011605, 0.39663727240784163, 0.6371795277212129, 0.35241408249442174
0.689671676546736, 0.595537451444924, 0.2379420925491622, 0.48716452011584743, 0.4653800606283639, 0.17119829988134472, 0.36500324472818213, 0.7975165150752644, 0.3726745791988936, 0.42875160073798924, 0.804093088454404, 0.6758337096773807, 0.7067531702634237, 0.17282599556213685, 0.45461347387840967, 0.42765606882206175, 0.1775830421785577, 0.42718719683718176, 0.19049261545004847, 0.6774473295261451
0.8725239058956001, 0.8716527088618788, 0.4205939019290902, 0.07562748515696793, 0.6457004856284632, 0.23892072125029673, 0.9843745562018236, 0.13615526806972866, 0.4290648917569799, 0.7672301549076096, 0.3787813885390865, 0.7945507961397517, 0.06437964013731634, 0.0037289959056617805, 0.25275560498076755, 0.24418236737522658, 0.7084250090751372, 0.31806302384671703, 0.3938352142933774, 0.7937287177715708
0.3134656833601417, 0.006040949422538633, 0.8226931315997429, 0.3433187442116943, 0.6552584223160464, 0.5828423741075526, 0.7233712019138377, 0.642341066603433, 0.5330365008259034, 0.28559225806615485, 0.9984085853829257, 0.6129409937647945, 0.7015699165370276, 0.5222463792172356, 0.011661625984369706, 0.8186447498575272, 0.5468136988695426, 0.8499168051845483, 0.8955397381477495, 0.730373949711507
0.811653734991823, 0.6603714595168058, 0.6399362294898612, 0.22659533865432013, 0.970709587568234, 0.28039275518938656, 0.30095783119201847, 0.6609163148233235, 0.2743490253598536, 0.15265512904772927, 0.14701374088255847, 0.20838536567823285, 0.2870149126525967, 0.3520292551470443, 0.6844276039853985, 0.07145374110531977, 0.7612486820642742, 0.05814581838488897, 0.5748209918844841, 0.20438071870363717
0.5805126038126559, 0.5067749875824266, 0.8890186403429055, 0.441340055479741, 0.35404402848005345, 0.325115614170598, 0.8427326284904196, 0.34202196945230345, 0.6286153614834437, 0.9777778613333368, 0.23031593207052137, 0.4040152309375832, 0.3617366519810743, 0.8745599668483567, 0.24848980259302622, 0.37093248454674377, 0.2547385706474701, 0.047766483270038185, 0.7695568096366318, 0.10720888608033952
0.8531259333210637, 0.03589831070241911, 0.8226134683178563, 0.07283837108203772, 0.8571978833677201, 0.014038354470746972, 0.15509696697916342, 0.21263589693774632, 0.22649075594337842, 0.08055718350030872, 0.749541381651627, 0.10130145900677434, 0.7119430303737821, 0.8930404623163298, 0.8362707111229927, 0.1396631042615658, 0.6594124573367202, 0.24291263121762874, 0.0030805471485280123, 0.15573854171859614
0.6134854053562288, 0.47092131596220865, 0.795573426709207, 0.4185140359503895, 0.7503572576601425, 0.8271853846181325, 0.23792515842316442, 0.9313959298725247, 0.7381639594778197, 0.938337813355015, 0.49823044524290705, 0.09297601056203131, 0.04925597662468939, 0.861191787972628, 0.3318869042990934, 0.8301094052790545, 0.048998294157426514, 0.3122243246484484, 0.8290245522328168, 0.7999887487109856
0.23923440231298787, 0.4333507990129436, 0.7995229873286955, 0.7127972836415961, 0.01066221866911965, 0.1285025231160868, 0.015831457501237045, 0.04994357191611565, 0.3406644207884608, 0.06515344725052807, 0.4664054653932417, 0.3879350919910102, 0.5765623171636189, 0.004396970949655077, 0.030170736836997114, 0.09262142923534356, 0.6272361015572454, 0.5992315622812524, 0.46606529679884723, 0.21502441816375673
0.915952061793372, 0.9580311617852619, 0.4724863171755731, 0.3428782781365446, 0.04460451399047716, 0.058920597926792606, 0.857698940082199, 0.6538473787926563, 0.35054518110837085, 0.8021059549027829, 0.9304301210070857, 0.039180911907616744, 0.8227742609521, 0.9003445007446492, 0.37150913446768885, 0.1270860331749537, 0.16742898302952447, 0.35537340188124034, 0.17230856315254728, 0.8428806328045089
0.3101557311338544, 0.5928932168353035, 0.5211614790791661, 0.8310793525696525, 0.2751264276524841, 0.4695218518686377, 0.4553745829341399, 0.4997327868757716, 0.122279320512096, 0.6025613043761515, 0.30041935670216147, 0.525293550277694, 0.38077886453636056, 0.35436298961774915, 0.029143412023363346, 0.6845379743811207, 0.2924707456885697, 0.4478715252610558, 0.2781347910438967, 0.332438685924767
0.5753013382744968, 0.27458529755502314, 0.4863901124219884, 0.39891081809653317, 0.2263360687577739, 0.8489932300766205, 0.6367991130060568, 0.672233345570773, 0.23837811307862755, 0.46404241993741413, 0.7212431068929508, 0.5320248587534282, 0.7406453157973615, 0.2613792942583717, 0.1654604515769279, 0.9957279382108628, 0.27905228233432733, 0.5343862106999062, 0.9387442783627264, 0.5406152991044284
0.9488698890920719, 0.4261516235291105, 0.3406568065753397, 0.9517591656127804, 0.929245643668688, 0.42042538176053734, 0.14329487727023393, 0.7804362876358343, 0.586342757450344, 0.4978566709456014, 0.7807157249105617, 0.44820483521921406, 0.18008669145625633, 0.015629582300692668, 0.5886305401864518, 0.6110717419802969, 0.6555474190803825, 0.9555447203442112, 0.09291556987559002, 0.19023892127513675
0.49092717550866205, 0.5165051700494704, 0.6682777178262019, 0.5001378345432308, 0.1505608523239187, 0.07975143217672565, 0.8391069665266876, 0.28650768433411744, 0.6054762078498847, 0.08781424733407639, 0.44685708563445314, 0.0010435893750417868, 0.7786722876801837, 0.267510387848668, 0.09008931273938203, 0.3270886396309568, 0.5826105121565721, 0.5546879842207534, 0.009667675706319656, 0.7597910064532355
0.5740018442699348, 0.30722345100690784, 0.9194124664208774, 0.8486295074374345, 0.4834245485196029, 0.9891916413713818, 0.42804058021026514, 0.5494365283979132, 0.5455115882815664, 0.45962128997566787, 0.2750005317696109, 0.07608930591239382, 0.8848480029344217, 0.12056949107743897, 0.059271239552495136, 0.27611422916923256, 0.05510378359161039, 0.3385994796657872, 0.3131450500347833, 0.9123639790700925
0.1267182395089379, 0.38483748099457715, 0.39387462075811397, 0.6280784238227946, 0.1825623589960007, 0.7297018122681379, 0.8339807074176923, 0.8992810476420939, 0.19718032637910443, 0.738399335098104, 0.48668650133024993, 0.7920891353095709, 0.8621224353455864, 0.6274190694504641, 0.5297085776351258, 0.30655706368186786, 0.705262057305403, 0.22099810972778655, 0.21300227682903428, 0.5130424943232433
0.9623009815345603, 0.13217297850314713, 0.9680291216116083, 0.5430401682239872, 0.7735384962475538, 0.47138917934923463, 0.23904519477427044, 0.15662124702149283, 0.1039415435046468, 0.252028512383095, 0.3022536952540561, 0.375921138318388, 0.68372260232582, 0.40938798763545825, 0.14491676164343892, 0.7518615745807132, 0.48852189572391713, 0.49817379231420045, 0.2537725639471128, 0.7704239553308335
0.5099729814482166, 0.7033938726360844, 0.39440623222701254, 0.5319232486368974, 0.23725529244802357, 0.7733894734581431, 0.827001587392806, 0.6022287672359775, 0.001450708104470566, 0.23953302353738537, 0.06828503221109705, 0.7402881815068995, 0.7626327526550407, 0.4873540089245362, 0.5244973371445062, 0.5267941481015881, 0.8013834409549927, 0.5510109800586481, 0.5159344856560224, 0.17922980577086522
0.5399426960039699, 0.5203662979795287, 0.31677630626056397, 0.40765672149088616, 0.41593480839387076, 0.37003274934614083, 0.47120102243984396, 0.5858876293729067, 0.8452645153865487, 0.9701752342347862, 0.8874843014346323, 0.7077236603530934, 0.28118701211584496, 0.3438273853767636, 0.34701740271374504, 0.8938243777882929, 0.39425223263981324, 0.47660647367759845, 0.3704816179137099, 0.7515626128748844
0.26927177243484235, 0.8895763655563231, 0.04853796568817548, 0.12360010312397007, 0.15238991717033568, 0.8312832592757147, 0.5564253285324946, 0.40573477197463703, 0.28377799842754925, 0.8343637537597259, 0.8828471081468766, 0.7324319260622548, 0.6320511867205033, 0.24732111667488865, 0.5380428242483373, 0.8897753894136037, 0.7635321283222427, 0.4607576922365887, 0.06627457608455312, 0.3102030896770397
0.32281223521185454, 0.09512115395171483, 0.8303975190062314, 0.025096498113500898, 0.023298190523950324, 0.8641685862062538, 0.7090979787331019, 0.2109333080590684, 0.6471388716569972, 0.08997666796058068, 0.4279564897734218, 0.7023914082943229, 0.5052626151451967, 0.8828609992955903, 0.7988194611685953, 0.19069367985513597, 0.8040065681530855, 0.3953270132292326, 0.2500438238670907, 0.15173414873571145
0.4198145654828942, 0.8896734319647047, 0.8285965045883874, 0.31785221287397847, 0.6374527915852444, 0.6839733877000669, 0.7042576784462653, 0.986832351714234, 0.6924953563882187, 0.9150002868215491, 0.8979595521782903, 0.5221361093017886, 0.34509253528234485, 0.5877752867590615, 0.864592344466327, 0.9325258374892117, 0.6164600457130178, 0.9284426208877701, 0.638960790652857, 0.21530660703880022
0.6009545974238623, 0.22275665429573188, 0.1432547157269657, 0.0640441654650008, 0.9211057594231836, 0.4406711917362103, 0.8653800121388918, 0.13493223026072465, 0.9344298942910658, 0.9231613681706292, 0.4062834346046421, 0.8206735912001065, 0.5138356369573512, 0.8474427917346505, 0.2569914448619507, 0.4681485356592031, 0.32702940319969764, 0.816648506729242, 0.5889290695480006, 0.95638333169621
0.009269107431718604, 0.5462568513032873, 0.49822139085129613, 0.8305686232029726, 0.9589712080349486, 0.44940913893275314, 0.7198743215840832, 0.8908701871952803, 0.05003514663550701, 0.0505915521611322, 0.3094563136747015, 0.2632489374456666, 0.18004739451406482, 0.06554209087968565, 0.7652276202407239, 0.9966323513827001, 0.18131421893316313, 0.8164557290497502, 0.9061115035763407, 0.19035256035160575
0.13348663665531035, 0.9212418905868232, 0.3031133587747499, 0.5634879929883538, 0.7412125629346628, 0.6600958093682647, 0.7824705959356003, 0.013264669559922337, 0.07645684572803157, 0.9888015665999261, 0.9622282527930224, 0.7319409398144838, 0.7012427972298849, 0.19333672821790737, 0.015334596185589744, 0.7467892841818731, 0.5492299538865263, 0.10729443184255572, 0.43899520882555465, 0.3572790306195309
0.600030070359476, 0.6179855025386617, 0.524418856982625, 0.3613040031676191, 0.8146007901068988, 0.602697786957935, 0.01450618270616133, 0.5249581350385174, 0.2513510020570848, 0.9198566458160036, 0.39198364276386766, 0.8569845260378296, 0.18952800144215176, 0.15677845382981714, 0.21911352091390024, 0.33160743351793287, 0.05240702769974526, 0.14724424641490652, 0.33899816272727556, 0.6860151064642234
0.21885372543184323, 0.5624033188433512, 0.0014209438059482604, 0.8295449979936631, 0.6109268608125569, 0.24159647263670103, 0.017171915353600853, 0.7042248502483515, 0.754123568398634, 0.18265993774153688, 0.2560063329362271, 0.6366938205906664, 0.8149300809744755, 0.8670740522824077, 0.21278475583908985, 0.2968649732636337, 0.6995816625413787, 0.9546254965705073, 0.4341514262421414, 0.595081286078326
0.8008427491091255, 0.9396019963641468, 0.596554918498025, 0.23538761815344045, 0.3455744336370893, 0.44527360817411643, 0.43106311048246815, 0.4279602467430177, 0.814215340369748, 0.688466478485898, 0.39935208690326063, 0.2102794834357642, 0.06578154664595492, 0.13501802294352194, 0.8861082377009086, 0.542096249916351, 0.5382464152974988, 0.8913742722626286, 0.34003161098862533, 0.5146707889093723
0.9167933049482564, 0.820183405501646, 0.5822514207831249, 0.8698598214448412, 0.14442480552578751, 0.9135054617897488, 0.17924340972840835, 0.8781462555292021, 0.8397579295670574, 0.4677482026411338, 0.6276511848046524, 0.7207269802050279, 0.7995433699573062, 0.5928315910811224, 0.0929481167273658, 0.9574379180725318, 0.9871620186137778, 0.5572337370724295, 0.36055732961762765, 0.11292497349281705
0.4849102033357602, 0.8267040980541418, 0.9488871513669491, 0.637534669307227, 0.6208439015197963, 0.03214990259808215, 0.22727490037864106, 0.4635386933155723, 0.08191162513184858, 0.12384179251654504, 0.7498484170339983, 0.4029412907897142, 0.13022579575791837, 0.22346296423266776, 0.33955837060085137, 0.0012808065942192526, 0.029633335931366744, 0.6883757081627939, 0.04466547822199385, 0.4827429402932867
0.5945418725386211, 0.2621191022581545, 0.009009738217799601, 0.5774337927285788, 0.720101915804998, 0.27360496743267004, 0.8585944974851644, 0.11719570022397363, 0.2061119652042781, 0.2532904580835502, 0.48924753190480097, 0.7004634953534694, 0.25199984014836285, 0.25206796975268864, 0.8758573236889505, 0.8453774005439477, 0.25486677769830535, 0.6643966692229119, 0.22348760036805126, 0.6823361337027929
0.4757093799274382, 0.10110458786020704, 0.2966766431714465, 0.0682440369226529, 0.6725887334838785, 0.876095512940236, 0.1814208819124944, 0.4339770324289942, 0.05217865462042948, 0.9859691286553772, 0.887885895665436, 0.2812291944296559, 0.5173656322544647, 0.4656478574936812, 0.13642094982506392, 0.9481798386349193, 0.1936477687244983, 0.4380069185362916, 0.8580370772129623, 0.15594766265107796
0.04355721603706786, 0.11287357879459692, 0.4284509983413962, 0.6532029828247997, 0.7132991394416195, 0.5687568541963802, 0.9381296792657192, 0.03826853355964088, 0.8506099921613224, 0.7141458983426243, 0.4952219979779555, 0.28857576050443345, 0.5715383387233144, 0.6352995693159212, 0.5950590830552125, 0.33930871170801724, 0.7792038934942962, 0.42145138382530556, 0.8048363054610275, 0.9733511220184177
0.43193209259936893, 0.8196054891006767, 0.989822407169639, 0.5340488907661716, 0.457357781777017, 0.7879972849788809, 0.26402340597067675, 0.4175436394892439, 0.8543861737808711, 0.19116419361020998, 0.18429139497411828, 0.006090703348956117, 0.34752672586331623, 0.8568134489905928, 0.87089767790071, 0.9577560690293929, 0.6979486778951669, 0.0804535930758693, 0.01772603162841968, 0.7523410852903879
0.04340509298285189, 0.8373419513206998, 0.619794098756607, 0.5391786928026487, 0.9581842970159448, 0.4904881847175736, 0.488899326001781, 0.9935616999338436, 0.36275932734005756, 0.8247597986373766, 0.2944763757265281, 0.5834383145238871, 0.1374444033856298, 0.6358874576549933, 0.16962997246182265, 0.8686023750330598, 0.7559968323845855, 0.270028387493371, 0.9076667176207245, 0.6624878791595368
0.2860921458022516, 0.992212843010535, 0.9216905314561126, 0.45293752161675305, 0.5920964923515287, 0.5324750339624581, 0.2568499382909607, 0.468553617912593, 0.33760098649281167, 0.4517270480885931, 0.7930911827637095, 0.5824458788274627, 0.00778909916834758, 0.745540805661992, 0.8672466130050674, 0.6951217274811835, 0.22025365984885503, 0.18692415660824746, 0.7736938681814531, 0.4159556599071472
0.7064819942801402, 0.9498538494643824, 0.5981115584507486, 0.8714150503717619, 0.36468731337269167, 0.12885458885330225, 0.9864104333072777, 0.8380536463572218, 0.11216118825584054, 0.8041626836013605, 0.9187149159751576, 0.9288340663332143, 0.6829033100887124, 0.06306858953370065, 0.5922671120538401, 0.2645823440048659, 0.45077225368696994, 0.18209153323141014, 0.3348601424498008, 0.3389677125465088
0.569585168309666, 0.5221101088788078, 0.226450133117435, 0.7448302975351032, 0.176303784138783, 0.31233419609014335, 0.6997191825098863, 0.4122940721581817, 0.6103510741287035, 0.03645373733933355, 0.5869689372775815, 0.32721890391326103, 0.0646707519395322, 0.633689759421792, 0.980917266843922, 0.9506543247265529, 0.02987430701739857, 0.9828446383517108, 0.31513323023842477, 0.46506357652623764
0.735937590690128, 0.5426674372132069, 0.5417170342714887, 0.8144341655013227, 0.7186894762385256, 0.7734188268664667, 0.7467401076809572, 0.0310628321111871, 0.408957044998148, 0.8217226649719009, 0.3199611500266403, 0.8638028179892752, 0.982860431088774, 0.6089788604520809, 0.8934058433738472, 0.6936631456068518, 0.05573268023150646, 0.4274762375327562, 0.07059780047133823, 0.38262644238330024
0.6749809108698799, 0.30389255774586477, 0.6938376351598421, 0.618527106626383, 0.48041442629893316, 0.8209351116752464, 0.08001900455419886, 0.3577154153380758, 0.9866672784845475, 0.5884796365089795, 0.3329028128552177, 0.4243576560826654, 0.13695478974753295, 0.9431038788791822, 0.7517787706079778, 0.0633009140828964, 0.8933315314139655, 0.47553373065154014, 0.8053443871629117, 0.22992439942010945
0.9522020962251535, 0.09640816365409621, 0.1441023363938828, 0.7998090650098858, 0.09655155566129836, 0.5269426650403977, 0.31824154349402123, 0.1352473042739868, 0.9271604358025578, 0.7494289493505976, 0.9010596609960374, 0.3909150688623666, 0.9871887417371729, 0.7511274851112962, 0.7510321972125982, 0.45051187223831624, 0.02043468172830576, 0.7449089563342105, 0.906443246273751, 0.45224820973211843
0.6634267660181813, 0.7975028355683873, 0.8348470843082186, 0.1522157039646055, 0.8850865217708386, 0.7060344745472847, 0.8331201328920889, 0.6905114083299283, 0.07045469589332709, 0.12644009946555357, 0.39507758094975354, 0.16092472010945025, 0.08399937467581509, 0.8566337206415429, 0.21372159316978145, 0.3453163478107931, 0.7645977312677317, 0.5457540662838748, 0.012429173608352384, 0.5754317571768014
0.016383979998746745, 0.07995495413320386, 0.2985647639407085, 0.7751494522682189, 0.3479159857206491, 0.7422694259425268, 0.1073862903449796, 0.7643568600292252, 0.7762060022025437, 0.18262490104703255, 0.9664885376026318, 0.6013495785326075, 0.23069295490279673, 0.9957763259333818, 0.14023906665275832, 0.18478358457885047, 0.9991532783943524, 0.4760849313251716, 0.6891413485937714, 0.18089751364901052
0.8314386608820419, 0.9713535776215106, 0.34731256970584967, 0.049296631075064656, 0.2571599295314595, 0.6157505877175782, 0.08779440446206899, 0.2047239959514361, 0.14564805274572712, 0.8544794730079016, 0.2374193445413013, 0.20304124640684695, 0.8586986459885861, 0.03204907625505127, 0.33219585135717455, 0.8607117191958252, 0.5853856701309459, 0.5338472636710311, 0.6030298096466635, 0.49634686965045915
0.1981262060930019, 0.7913668457662161, 0.8499762584804887, 0.9241163745893649, 0.0028651835662086844, 0.07189868880170425, 0.6105668222142939, 0.6743459519235458, 0.17397222674966983, 0.18071754244593885, 0.5555153076058814, 0.5813374122026517, 0.39959559510303033, 0.22591084355137858, 0.06431490717790278, 0.3374429877715248, 0.4621939529113227, 0.16378782126231772, 0.8450098624417285, 0.11661140062087494
0.9935140294206342, 0.2285151436051055, 0.18538832877980282, 0.3657051124058629, 0.31780756369798535, 0.5420717915563352, 0.907716303712679, 0.8352626087123635, 0.6741027467871065, 0.782674026360862, 0.08871530768989278, 0.2210438272173164, 0.8024557133987502, 0.7131367556724234, 0.12842595423329106, 0.13663191936165853, 0.8480458535249272, 0.44072118256083115, 0.21368536197630572, 0.27161089730409405
0.5471306215522054, 0.3585747954906383, 0.24968328117290406, 0.7748564445522306, 0.17844615963540622, 0.6598418040170869, 0.39888516861593726, 0.4258021501888043, 0.8830470957433679, 0.9415860588077871, 0.9164695887029666, 0.6655255942505119, 0.46808690237743067, 0.796558789956043, 0.48504462366521384, 0.02355224407183465, 0.42627028445349024, 0.7658793741268337, 0.4992558989069176, 0.3085003608930509
0.9646992594335044, 0.5551586144439187, 0.44415105528906984, 0.46966243365551463, 0.9331419129119216, 0.9561408341605484, 0.3185486785125834, 0.44952908491861643, 0.5534192620573398, 0.4099109339471243, 0.3261549440026845, 0.9518643524594339, 0.23754324062262566, 0.3161751896956898, 0.9219809310378626, 0.1626104586700794, 0.33867317715512757, 0.548094626793079, 0.83884864419168, 0.02098112048407652
0.19622055520766724, 0.6754469127662679, 0.7482256671305795, 0.28404201837622856, 0.5347148462090549, 0.47987143968040646, 0.8528322157784965, 0.7647856046837526, 0.3355042060334019, 0.5472572379288706, 0.004644742413156933, 0.7035452197745016, 0.5420157580972099, 0.41634964142236197, 0.3804458201142855, 0.03737935328223485, 0.18177472833216768, 0.4488977618833656, 0.18295494951126112, 0.15060069450764457
0.9191880996719562, 0.3423539879209274, 0.2667790931933728, 0.43768541251980264, 0.5207337297373049, 0.04624619072509939, 0.17978231679648182, 0.8100108023414913, 0.971333191589775, 0.8554472936221797, 0.5229438737741656, 0.13941027155257646, 0.522956901142401, 0.4405885471128126, 0.9266665743210306, 0.6039083882860231, 0.8707121514355394, 0.6062748011898255, 0.41341313423539106, 0.7016429815468102
0.8704366691608629, 0.8589821415884341, 0.9137145110323847, 0.20937152736296838, 0.7221098212815943, 0.6070997268865712, 0.46140444845062023, 0.16545060690960622, 0.9504726066587178, 0.4486443821428767, 0.5938659408887413, 0.6281156769532964, 0.013680408186712678, 0.20266154752997823, 0.6913512063518711, 0.904558561977527, 0.1774365568578361, 0.5922299609572398, 0.13547757444286468, 0.08157813955052517
0.4456355098268211, 0.6617741778966304, 0.3368333176055488, 0.16899764521899852, 0.39475469271310126, 0.7280798624417969, 0.9319388452394316, 0.7560690290740363, 0.7142765887914407, 0.29017102932585415, 0.15012765676927609, 0.5902637426508024, 0.7982754593198509, 0.2500560020346202, 0.06902905313719065, 0.9483580096771098, 0.32351197795149267, 0.5283860807322289, 0.7351637271635614, 0.15006424295184873
0.2655073433133317, 0.043833855822993706, 0.796754730604244, 0.3316689695178573, 0.4671105120759066, 0.8255163408111682, 0.21801570154311123, 0.10457878704897239, 0.9916078002320209, 0.43154477080108433, 0.6274598326713554, 0.11416986469411072, 0.059544067347035434, 0.9981535346468275, 0.8695632835322078, 0.9784212794625388, 0.7432103730963098, 0.6875815184177543, 0.5534267491217708, 0.21644934694764795
0.7706876503062614, 0.10230040176057675, 0.7458808052195565, 0.20731542566972594, 0.2397692120988948, 0.10748079288249113, 0.07328855273489454, 0.1412169817678155, 0.7624495072766518, 0.5009036023043452, 0.6736721259283461, 0.575584672870236, 0.2420568316206032, 0.8405842203014656, 0.7972489860730915, 0.25661466592761273, 0.4214915662677251, 0.6781960208029072, 0.36104328850457945, 0.2747408032726806
0.9951290835666385, 0.09952016112623585, 0.18288052820088352, 0.8822723411102992, 0.5112274828679871, 0.6225933802993745, 0.4383741309338648, 0.23863002451911086, 0.5544571347978807, 0.2221654928050285, 0.2432318702907572, 0.30678796638388106, 0.0824094302455336, 0.9771831475561374, 0.754054738440113, 0.4966173020487421, 0.25755820718668443, 0.4859639986806715, 0.3154810672580788, 0.4074080265932426
0.9871326089775623, 0.8745692703280953, 0.046979682697895764, 0.6718310875635136, 0.6875089968700995, 0.7718431585318756, 0.9808278512020894, 0.11763712327614051, 0.8899920122929795, 0.07346447432565262, 0.4276362860815268, 0.8963661560621188, 0.17684056318628272, 0.3233375764706654, 0.05311237285419168, 0.6658325164319375, 0.8475383691138629, 0.1580620649962502, 0.6363434435827893, 0.11895585458196467
0.6683170236124998, 0.9974401703210238, 0.5966412261085937, 0.15825988018898252, 0.8354278374618798, 0.672627601062667, 0.7555701942542193, 0.24988904258305888, 0.21011351897988695, 0.5631844819598738, 0.7196595266221139, 0.14200566111179835, 0.1437746080550657, 0.8051232566315676, 0.5667916362183267, 0.9934023825375635, 0.5843982824406643, 0.7628142025562628, 0.8654823057811803, 0.27575284113884013
0.14573932432897319, 0.9216477630788156, 0.43443897448396385, 0.649847340344686, 0.3603964966868751, 0.9229696250590624, 0.6566765184815304, 0.47995011874913485, 0.12048462313913422, 0.7092291800139683, 0.46799511312496755, 0.3570780467186322, 0.5108697578773931, 0.9431730143205606, 0.4373566318929091, 0.386824448675969, 0.06183300409808434, 0.7829138123055056, 0.40961545134112887, 0.8232854507542287
0.5810947232512118, 0.9606652413582827, 0.6480239129563046, 0.03775118763177654, 0.8806018592369779, 0.07364036500875559, 0.05972581435847624, 0.3261502891675314, 0.6903540239450456, 0.1815638006901964, 0.9050792863827574, 0.029218304292659925, 0.9229498715694104, 0.7226821139449108, 0.006376960943190735, 0.36593777706651365, 0.6335015136818356, 0.48711029944892403, 0.7973027840697414, 0.4486542778179301
0.16400299436401145, 0.36351458802608727, 0.1855706251489576, 0.17952274794506085, 0.29996723078548493, 0.3935031956775634, 0.015919528442276953, 0.18759941578781092, 0.9624483594466797, 0.9691012543323371, 0.025728588876687164, 0.8972211495516474, 0.7271607008474225, 0.33485646351159937, 0.0931579851563975, 0.33416700169927493, 0.4804194162209172, 0.8396988112276873, 0.8627810641456216, 0.7399966971533812
0.23970468650043275, 0.4532275027044713, 0.3699925588524138, 0.8327477707025207, 0.2573485616777087, 0.561707390851105, 0.5499249844420003, 0.1508630703170193, 0.1285084758162628, 0.799949392068707, 0.21120793984838093, 0.8737803059752888, 0.6950672671665307, 0.4595395589151502, 0.6448711287339826, 0.2671763903282395, 0.8992711408941709, 0.683650325450741, 0.3870485709437328, 0.2599741551206681
0.15124455148039395, 0.18811707121025167, 0.5499139230308301, 0.7699855218250963, 0.2012023825157485, 0.5865495591052148, 0.3716209285875314, 0.398351992724563, 0.9792320452046916, 0.8082046890226946, 0.36544714208393947, 0.37822621725255956, 0.2881566352576921, 0.2613453333350696, 0.9986790262863353, 0.43571210789967263, 0.06280826736988487, 0.12433479792109725, 0.39134886159620874, 0.8031809439485422
0.7403090874766504, 0.006459138887738081, 0.029491366628795146, 0.2440147328248662, 0.12983248359172772, 0.09558432044912302, 0.913035999171096, 0.14998358761353603, 0.944369932908326, 0.5798025061237618, 0.9212321341603714, 0.875526062854242, 0.037854037558660236, 0.8496681095482578, 0.806469660378971, 0.7427948154061909, 0.6824666560380155, 0.2586403369053243, 0.7249127269030207, 0.40136473169628495
0.5828221908597927, 0.1859158194945153, 0.5086174422397345, 0.8774361172911455, 0.9270342524296988, 0.10708439639451639, 0.21461247012186346, 0.8029909523182789, 0.9202702807000398, 0.842679909057262, 0.9188695990732062, 0.7915476296182514, 0.7313403571416375, 0.511068873156576, 0.0750638749037228, 0.6266292348461103, 0.45653252282948065, 0.062273647694237044, 0.8887099791718527, 0.5961235672640006
0.00529040717954,6.54196203632,319.241807857
3.15769568028e-09,0.452590989698,204.542815218
3.36812349349e-07,4.05805497323,471.898172544
1.28482099654e-05,18.4456904085,554.290276643
0.201977094529,159.612712896,877.595977684
356.04702257,817.329685333,1211.42967334
