$x1,$x2,$x3,$x4,$x5,$x6,$x7,$x8,$x9,$x10,$x11,$x12,$x13,$x14,$x15,$x16,$x17,$x18,$x19,>>f1,>>f2,>>f3,>>f4,>>f5,>>f6,>>f7,>>f8,>>f9,>>f10
0.04718091261459412, 0.6425245813786272, 0.8197277656264687, 0.8731531684118692, 0.9329950419813643, 0.27147276541853627, 0.9846858798167188, 0.27822211389618945, 0.6039151834977, 0.0916658462176203, 0.3216585658406208, 0.43102850671348725, 0.8443930025710142, 0.09128732821458085, 0.3050278394552527, 0.7774782956872648, 0.24312523591993385, 0.8963147882949742, 0.885610305168324
0.86905982813291, 0.8031693696295782, 0.16547110931157916, 0.9751837169230195, 0.6155245481362126, 0.4540878999829946, 0.46176219956667286, 0.8147338126702228, 0.8673489209368428, 0.1705656491012344, 0.7510463934182543, 0.12219672715703389, 0.6304804217046648, 0.45797826570532674, 0.05412371180762432, 0.567577378921427, 0.3520078263295153, 0.69170232411519, 0.9413221918065272
0.40718973660791324, 0.2927037337996208, 0.034924306944890016, 0.13915518024773643, 0.15022584302386244, 0.8443569155719755, 0.8219739811613219, 0.5601656437864609, 0.6896752553177887, 0.44692960371117874, 0.9134713815432242, 0.785080699797193, 0.46434344879491907, 0.0034968043469636445, 0.15600387160641094, 0.9985089660471204, 0.932274212057091, 0.3038847758083434, 0.130434486848244
0.8216943443687258, 0.8409714476635878, 0.6386449272327213, 0.8582555505154782, 0.9714798711235799, 0.9010612546630727, 0.5677835567988899, 0.8665578469721495, 0.4977936581379989, 0.8781134436230079, 0.3567205707119582, 0.1315882194390896, 0.17447744846398794, 0.237591051601041, 0.07822050534834823, 0.1406958878366109, 0.7741962541978833, 0.5168533959884986, 0.09439378629873629
0.24632028842346487, 0.8104972823758188, 0.5487542817546882, 0.6341178047879251, 0.06576243174691165, 0.8246579931939974, 0.378398673636429, 0.9109137097958879, 0.9459779773038208, 0.02567324804664861, 0.5862802345171827, 0.24131644076621983, 0.5917102141430173, 0.9043936982964768, 0.08607342441047916, 0.8896798517640289, 0.8567574580447802, 0.13415938381334203, 0.7638878025728836
0.7955674647131953, 0.20964749156895257, 0.5704735022128621, 0.3444094139232772, 0.5973296596694728, 0.07191928488773558, 0.3460020145308117, 0.022780984024639572, 0.990716702712404, 0.07214059076884005, 0.7312027656869682, 0.596346372045352, 0.5818991477337294, 0.6313879522152636, 0.7090051431573258, 0.9614452348456303, 0.03026497261169392, 0.6986159446348617, 0.5109302951611492
0.6419807638489734, 0.10041440347222685, 0.43048132402291306, 0.4444972313537927, 0.33870930004359523, 0.22325536473513985, 0.6924721004555702, 0.8905382327301292, 0.8408923872112197, 0.13750149481047702, 0.2918630802442447, 0.20624003888299147, 0.31185965310795605, 0.9914368923921973, 0.3466255779652808, 0.04940571324756404, 0.39485211910706497, 0.12365553420296804, 0.8032343880311145
0.9025288357799252, 0.20603037474584163, 0.1106305536560751, 0.21156436261578226, 0.6437023275447548, 0.08835804509092227, 0.4624625782292384, 0.21202510557305299, 0.9497875716464875, 0.5165288539401255, 0.0411961712130956, 0.8621735567890698, 0.28621609629172784, 0.6394375992062178, 0.3561764205778326, 0.7842516571117102, 0.08097018714443127, 0.2890403688434665, 0.28636243743434586
0.26009587919848676, 0.07757226785262883, 0.7822237996922574, 0.4333609348683679, 0.6726296057640121, 0.3120927592906666, 0.5021388888609936, 0.8286774142459841, 0.4957268552011759, 0.5178947331714475, 0.5130163704623159, 0.25167478730745463, 0.3330421474758497, 0.9290415214901305, 0.49361792918891145, 0.31417035628177126, 0.178976061948116, 0.9415873485854434, 0.5997375462688327
0.22594800416012473, 0.24106147233320474, 0.4351184929312858, 0.522132597907288, 0.8367785611236848, 0.38879133702677904, 0.0340419430818667, 0.5032120778249292, 0.022930853464334544, 0.9815189227701748, 0.831055321566714, 0.5041525201787569, 0.5179282851592679, 0.6346843922499684, 0.5557583530234464, 0.6708126492645734, 0.5694800017537723, 0.7762037937980472, 0.44272819046671175
0.6826056855427178, 0.5773362495062093, 0.958981807041837, 0.297311418150494, 0.5824850352543917, 0.46523813067915964, 0.5805924803753372, 0.4800845907365183, 0.9765164116872241, 0.9912523473310354, 0.047536589794370476, 0.014407968490896206, 0.8270486903347972, 0.28706237524936484, 0.8619826640738582, 0.5273466164208006, 0.013095049204784104, 0.11083192721606305, 0.6783733639583079
0.20327170845921327, 0.013861112254931252, 0.8850330285199188, 0.8104236413579441, 0.8256285623896684, 0.7541269179440737, 0.09956090525019645, 0.4534195991037089, 0.3450459932109199, 0.014705422234063126, 0.9487711789184162, 0.4944254665876685, 0.9958621021318993, 0.009430033231694335, 0.6829873894199603, 0.8309248486170668, 0.8996925288280495, 0.89740117847843, 0.41151494059926885
0.05739240127232559, 0.09767908479275134, 0.6671997188313579, 0.4620632421177182, 0.21969850720702955, 0.6386320166738321, 0.9295723982541362, 0.9319510399071347, 0.837757842170836, 0.5430170852038899, 0.9072860857501425, 0.9747177684864301, 0.41378190443279883, 0.6819963417076093, 0.6968466449670326, 0.035688290418958823, 0.2465327426977597, 0.5351300204014695, 0.7931112917751372
0.17971177875018862, 0.40421139752840374, 0.45614468831738864, 0.9382351504118324, 0.4070257433952563, 0.9099620627895535, 0.6471439427938767, 0.6633716767751823, 0.4103437875080225, 0.7340650046773973, 0.18200751966587192, 0.6995439185102637, 0.8059682544839651, 0.5295725833394319, 0.18409702259737393, 0.7832711567619949, 0.7836583849467849, 0.2828005646487186, 0.6770031783472577
0.8438746678420119, 0.8559348081831186, 0.5214918322159117, 0.4861076942869559, 0.37616478838101797, 0.03882000896818616, 0.9651734979849915, 0.3562098850287785, 0.3984344502018279, 0.4750974461253431, 0.19128447160833373, 0.19917345620999938, 0.6692209522757929, 0.1690568810751243, 0.526056123796648, 0.19945415611427275, 0.3523864080550202, 0.36372906941454086, 0.7806852266925378
0.2948158957376842, 0.5839897095885767, 0.5309149644908528, 0.6116390567965987, 0.3481279094154257, 0.4461343325339683, 0.5102328826406411, 0.5928863578627965, 0.7677074605331845, 0.6866195177019119, 0.829555941889831, 0.6866172856376378, 0.4728856459792671, 0.698488282280909, 0.579528631126011, 0.9631591069398532, 0.4487585447066802, 0.45802259318036, 0.4463785642530238
0.8046233661961112, 0.8033956475246041, 0.17543057461530454, 0.9712259012585855, 0.393315398045023, 0.06332293445746395, 0.4852176818245142, 0.08847190317118381, 0.03902892938919034, 0.4853885451536841, 0.5491490890323857, 0.5565065074563128, 0.7303333284079953, 0.020257969848531676, 0.8219037350849345, 0.42855406029225895, 0.046151354288680224, 0.036934094036239484, 0.9258917461988779
0.5440367409088565, 0.5129121365887105, 0.2412901450352648, 0.3318159747732561, 0.2872534085355891, 0.42832410997234616, 0.7155517127817744, 0.46550273622984817, 0.6844031216618377, 0.5875891103595033, 0.09278703712629344, 0.3881397144273345, 0.5466690864578712, 0.7138367677510049, 0.9075834585932046, 0.3623508219117083, 0.22314443663900518, 0.01706582763665221, 0.055685116749477626
0.968882606733728, 0.5123158094512414, 0.8055717083096104, 0.7162788996200365, 0.35402939267811817, 0.8285247442471184, 0.12481521916983274, 0.4718945556907528, 0.9407265045889726, 0.4602509400398994, 0.7600559958861843, 0.4365058577668717, 0.03890901556443682, 0.726587873580284, 0.9715626123115891, 0.9374638403423539, 0.8805186983599508, 0.7262849013227626, 0.17464353054604853
0.2775361558662245, 0.8276921734613567, 0.1112823825804592, 0.5689441719917299, 0.8997760779565537, 0.9812288268913202, 0.14483285581944638, 0.38194525613009056, 0.756671988540083, 0.6237222182598302, 0.7018663874152848, 0.9848284074551846, 0.7387284748782849, 0.010220760721232569, 0.9053605113149819, 0.01362923316542397, 0.9899578297698278, 0.15500189517090857, 0.8761462054280204
0.4077937086343456, 0.23257841694683712, 0.25061728089154967, 0.6471860106230538, 0.4477225625047506, 0.9528368332842017, 0.4838231207328959, 0.13530873326099446, 0.9807977959370195, 0.6679960497277186, 0.7537584287205843, 0.5351502376698979, 0.6134655201469456, 0.26006541490632207, 0.4962330614180923, 0.8240415575502318, 0.5824968172152127, 0.11956040423449477, 0.6852970444507447
0.3091655920179416, 0.7939117450259264, 0.8462648201924967, 0.7329811549946661, 0.6603883757884579, 0.3544888524231271, 0.46200029737523696, 0.2206209228301088, 0.8508735288376312, 0.07553394801004143, 0.45668433841242495, 0.7338757627944231, 0.8244125711230545, 0.8798578076711219, 0.41495105998263304, 0.7663477560798143, 0.7035757128519665, 0.8555306146175934, 0.53838669308783
0.33627344374575285, 0.9943084023993105, 0.7913733245648763, 0.6994945092092506, 0.5180163267860671, 0.07438175290361715, 0.3086172494885925, 0.3371205222166138, 0.6812712340585061, 0.5069017145504662, 0.7626835623360022, 0.7875661940246514, 0.417996442490865, 0.9327477183519005, 0.6439074409417647, 0.14381982642159574, 0.5152474130035051, 0.8830688678764644, 0.4073001659638763
0.7114930389476132, 0.05156189398641975, 0.6574359785437464, 0.04915465391068086, 0.24673050727859402, 0.6098003466762888, 0.8613137824553688, 0.2161220142819269, 0.1846166025770063, 0.7516232425221788, 0.28127212198099016, 0.4880937539209338, 0.8317420592270364, 0.3253087159268, 0.4689591129854037, 0.008553118310462127, 0.6355627617031928, 0.42745136972609044, 0.8313978623534463
0.9520656302857895, 0.9105523799847828, 0.7954002138599372, 0.627102434685928, 0.41140783272848147, 0.44961490511244473, 0.6230507638661348, 0.4326593719728591, 0.7329311050661858, 0.00805296234791697, 0.20650237757442425, 0.052406123384794, 0.31020906811047244, 0.73970933569221, 0.07438881986415957, 0.8456350139876813, 0.5052411117202816, 0.7867520329234602, 0.7581720804406179
0.20683909265105593, 0.8161460038590683, 0.3897819104165773, 0.2744392042600706, 0.2596827917307174, 0.9190706163250243, 0.19006760957042923, 0.6107093412987998, 0.041427566215457845, 0.7391467927946225, 0.732500740050505, 0.5210834257251838, 0.4154529851024056, 0.7477569998429461, 0.38620927131708316, 0.6114386568327033, 0.9866406446378275, 0.7362489112073882, 0.3751280817023538
0.5458950371354687, 0.11546221398825085, 0.007230807148415841, 0.6706738026196083, 0.7444558752801689, 0.04673433562913465, 0.9402770529014892, 0.06212618556835581, 0.5865157829305282, 0.08642492637907562, 0.6407655026314372, 0.7024986489760736, 0.10479683044535626, 0.9286684320244474, 0.27578388621532746, 0.3300011939114671, 0.051130324354556334, 0.41804687166938215, 0.7566870892158266
0.7186894958212673, 0.9246606746066879, 0.3441529326817232, 0.5810484351434817, 0.2941551574086979, 0.022745126587324305, 0.7805313662844574, 0.6425594497484165, 0.24827883180157884, 0.7293894595336196, 0.5269191158437341, 0.5356515518620247, 0.5072735780609453, 0.39556473898195743, 0.9432791500385531, 0.5688830890300937, 0.6333081729285366, 0.8649848712948722, 0.9952258341279511
0.25160961199473153, 0.3434901161301792, 0.5696754102937471, 0.3763106515230247, 0.5689752435353671, 0.6573109351755082, 0.35184468256768875, 0.48273176415786234, 0.4572237954286402, 0.9147304567564474, 0.8050263531494568, 0.6973743767976435, 0.9980164502502182, 0.1999077004911327, 0.10959503966655404, 0.2891152769264731, 0.09741769271275491, 0.4786383598832159, 0.21550982924294282
0.48769591317123073, 0.6474610889873489, 0.3246307767861977, 0.39648398684537967, 0.0787740812831339, 0.5692849600136756, 0.08422608466595427, 0.9494476493527056, 0.0987962875751155, 0.36256889172917783, 0.9027765375222078, 0.5537372777677713, 0.32341017080468204, 0.5282091725007098, 0.514733180862815, 0.44487073830997403, 0.43206203649050157, 0.9737259942696145, 0.6820022182303843
0.13624405923999594, 0.025358503229281015, 0.760461281210333, 0.9922616782354919, 0.07175877279977538, 0.7368996932381684, 0.9705748493014896, 0.7995541866714562, 0.733487165703102, 0.9718283055724757, 0.5009856728007962, 0.17096498994051001, 0.8206199904467718, 0.44977071556895476, 0.04259348911364269, 0.05825111086970902, 0.971059043588017, 0.42154559737544195, 0.33778351223624026
0.6963807198527369, 0.7215267034679677, 0.7804364552808363, 0.1814871321187953, 0.8206747558636183, 0.7278777567677142, 0.009025792242989716, 0.577345512098414, 0.36522673954351914, 0.6778457499343729, 0.1675510933520189, 0.8139259930378461, 0.2398797853210224, 0.6862284620882104, 0.19715629435960136, 0.011003641927617602, 0.530397341523668, 0.4180555900830174, 0.39775825010626964
0.6539295820733431, 0.32863339991171603, 0.5072473966552549, 0.4667968559257474, 0.4923093692802244, 0.588437174811292, 0.3403474868435873, 0.28019508970867835, 0.9205680467009463, 0.39339863266241126, 0.41955046004771834, 0.5357778783443561, 0.3131829345259005, 0.25002713062466464, 0.13047385333840356, 0.49963265382312205, 0.28914391654354576, 0.7187431098363851, 0.569162701666155
0.7019152143009073, 0.8463217695136899, 0.04567820640549958, 0.9830299198358388, 0.05010720852107542, 0.1494583688430401, 0.3976758269954681, 0.3923425737910603, 0.9869621322652746, 0.9734127209502608, 0.18629266881144868, 0.5030562560423351, 0.7763676042786458, 0.664736917697765, 0.575528375018606, 0.9961885820542722, 0.8644704473617352, 0.8430806155848791, 0.9532290751831549
0.3688905946487183, 0.9220463206615062, 0.6824572748096366, 0.8009514003523893, 0.3400131413360147, 0.5830980916766029, 0.5940943442500666, 0.41770790570034755, 0.26593616929283326, 0.40670129369294916, 0.5412706821795392, 0.7148058471164271, 0.4689170389615058, 0.496543477066857, 0.8809675649465053, 0.9350949515104022, 0.07067921992433446, 0.28686017169495714, 0.6385585962367534
0.030607655592894023, 0.46025446754249866, 0.9886238817282801, 0.9626935709766875, 0.49187015220997354, 0.4180000115429887, 0.6249872026781949, 0.5116762311686751, 0.9947013757478677, 0.13566491525459368, 0.9670593887429758, 0.15625697600104138, 0.07414035521925977, 0.6818279524716312, 0.9926184037779509, 0.8486909621015365, 0.7548250287991017, 0.845633388547053, 0.13472891522421926
0.5931630994862666, 0.267338153064976, 0.7430128045392306, 0.10581863099498545, 0.5025494443145972, 0.9468816475305395, 0.007702943958769803, 0.41886147700708953, 0.1316362739432131, 0.6281473149434226, 0.8889504640798616, 0.09142897389003624, 0.8713907719689027, 0.7854801382229601, 0.4226644955867699, 0.8297623758057433, 0.8984145465714862, 0.2911936433587806, 0.271065406867787
0.08614219258938949, 0.350064658041334, 0.9387927431033927, 0.046240125237759555, 0.8495144803263124, 0.07637295372636332, 0.348100401339411, 0.8502375659641159, 0.3307315961788322, 0.668928897625784, 0.19730734608632994, 0.20149576154603277, 0.34865028048038604, 0.10182983799237377, 0.7762637274923235, 0.4906627687219891, 0.6192984043253641, 0.3434613383531355, 0.675252717539432
0.746195876004009, 0.08381548275267081, 0.4479572183090883, 0.5635646851364146, 0.02684614489772441, 0.488364733273972, 0.2578395465915707, 0.6352614086150771, 0.6173759297093055, 0.04843878990717465, 0.6314771775245923, 0.5056802336006874, 0.10378360709654, 0.9420432202164427, 0.3632841803173613, 0.2122813776607968, 0.9146546106458207, 0.7671910167178082, 0.3489688407149343
0.07233846336093586, 0.7222261340773731, 0.36748583735924156, 0.39310571175669284, 0.8914926810493647, 0.8946632890109647, 0.24775743526117577, 0.9711230865662914, 0.13977413080248524, 0.5528114233364124, 0.07303649938244361, 0.7138074540087161, 0.8532306780562877, 0.2024410007471078, 0.48031744120292563, 0.8245238454316162, 0.45179891137782746, 0.5583202312225437, 0.4805775557536941
0.5784255920076603, 0.7038775833362965, 0.5584742367640239, 0.37970259633265346, 0.5914435468321769, 0.7874811128232047, 0.9978647032251902, 0.5994440690466137, 0.7566694283839099, 0.30574941790094656, 0.6067028744082595, 0.557467213465404, 0.0664277750359723, 0.0725252044637762, 0.18459535843261, 0.29045855172407553, 0.3314734121077374, 0.44503562506539096, 0.16429955866198376
0.9742179232450326, 0.39871690587001574, 0.7198151965590032, 0.5704559284556063, 0.9285776599863086, 0.017596800275064606, 0.08222458436181723, 0.43270977748337225, 0.31889383165323404, 0.011230524058211344, 0.7651870594806628, 0.07424603974736921, 0.5234898303907202, 0.7082627054343957, 0.15539228244003522, 0.5440603078080823, 0.31705310550864185, 0.8458262627199612, 0.7183426746505156
0.6207790129395762, 0.4651347803306972, 0.9436830756356401, 0.8731615645729298, 0.6296393975774378, 0.6284174477082747, 0.3987044514902547, 0.6425221339180662, 0.9846134077759251, 0.45457889125812256, 0.37069408734728515, 0.8050334242465101, 0.009436073290249314, 0.5942960763442282, 0.44546838623602547, 0.573507042923933, 0.157782339715561, 0.052491568617736406, 0.22981657376172449
0.585193663201771, 0.8836419169375062, 0.9600857871169391, 0.5044074949084383, 0.5301522635984318, 0.5721823266538514, 0.23865205708762993, 0.2341714590730518, 0.30810917028085205, 0.7119122368897464, 0.9855921384778658, 0.3978282552644987, 0.5774710204708358, 0.381130879339865, 0.35148276879669127, 0.017976257996787037, 0.7562035521392838, 0.9522013195278618, 0.9473242005748531
0.2961440981886947, 0.3068086642006874, 0.26397129549232734, 0.095507272754348, 0.43946850792876635, 0.9616665274813302, 0.16922727920831715, 0.9714644078644542, 0.20871280930348757, 0.6996784124571798, 0.41089799365387636, 0.2701722694302421, 0.04887413836014898, 0.6894358974569721, 0.1243158195612365, 0.5809577569818823, 0.7708944327168511, 0.6339916926876584, 0.3873858374390273
0.37290844996654526, 0.30977054503762413, 0.11470399687963506, 0.22771134715732777, 0.3907953828676348, 0.4871333897620572, 0.7096689923773954, 0.7445991455150318, 0.3110865614224264, 0.3255537529313298, 0.17106433364564433, 0.06256517722486676, 0.14366032291836373, 0.6602869327050258, 0.5647082139737916, 0.43496692556422323, 0.9940982709489294, 0.7181955405267685, 0.2214369787678433
0.7977004437459773, 0.8157773025783741, 0.863136176885016, 0.5405779853186271, 0.2079827266372699, 0.11621282599052707, 0.7332961142685366, 0.3394032266039154, 0.5350703210640867, 0.990562332968964, 0.8016914673139769, 0.04263543324428243, 0.2988029954726029, 0.3060115000830309, 0.575800592608433, 0.529611826321741, 0.04650266616061838, 0.17309115956388332, 0.08416036431302554
0.36108629029600303, 0.5153027188044972, 0.8739721492833091, 0.17111657836441185, 0.2681419814777902, 0.885041557222636, 0.719237989688725, 0.0011191683387745677, 0.9449769585275666, 0.6426383597974248, 0.3964358372552995, 0.9887610043732336, 0.9377540807065041, 0.9198024099054803, 0.6985534516120687, 0.4240342369281557, 0.9453228688725956, 0.1759531570119297, 0.273412926472158
0.8112768187187154, 0.47185659389042456, 0.8752439107854119, 0.006037066760268273, 0.7474644527025777, 0.5534689641262206, 0.48315759908481914, 0.5088629876730207, 0.1719155916724665, 0.936501785695098, 0.7114973343051919, 0.38649209052821465, 0.24957482666023678, 0.3958223234932834, 0.7266451089351402, 0.2812525798327986, 0.7768420823753253, 0.28965873758323346, 0.9352739491635604
0.8037213540222531, 0.29459660207696614, 0.4792471750298961, 0.43349416304879784, 0.5389969967401702, 0.10855943484695785, 0.7064511145624234, 0.13292486645250023, 0.9289390590957745, 0.21262790810041232, 0.4722210564168928, 0.045342917600715515, 0.9561356705345729, 0.8295255698641462, 0.5784628467449798, 0.806722737449602, 0.7923233647577733, 0.9893195390501154, 0.18411632496664465
0.8013317984504521, 0.4023122277099328, 0.13859487145173988, 0.8981019599224352, 0.23810010848583651, 0.4847123035774821, 0.5491486041888678, 0.5143900096683299, 0.2635088234183305, 0.14184588473840243, 0.44986701096238146, 0.001130576327991184, 0.6961496973032776, 0.038321040409870166, 0.1856728699414789, 0.28316156894037947, 0.12894601725438226, 0.9649854314890667, 0.5402144403643245
0.9936967405998877, 0.8184351764769714, 0.8374987071183058, 0.2958020537163517, 0.6473418229052004, 0.2632755198632758, 0.9536914454988846, 0.1955767861957468, 0.5382414463751419, 0.6382540919012666, 0.2744242155675788, 0.5236239575422935, 0.8379390125022986, 0.5406229617368302, 0.8786464871513164, 0.8139888026562998, 0.3808037646593587, 0.21071610994933954, 0.8344343706908636
0.7028337871616434, 0.08870611355700353, 0.06903126586306452, 0.21614296859535687, 0.8583338531668845, 0.18681987052285753, 0.2557782847944494, 0.6835858594516121, 0.6131880263940886, 0.589944507157711, 0.8161898572261017, 0.6244563099770777, 0.7314196906395388, 0.3179737488060873, 0.37986999586059766, 0.21263868200944636, 0.6394332491386209, 0.3772330146459987, 0.69259487597914
0.5831229546261676, 0.23272943653313638, 0.3769529649092326, 0.8289862709174449, 0.8826928540511798, 0.9732664742667684, 0.7194464095505816, 0.44650598005104114, 0.3419125818181722, 0.8538275277469929, 0.10707206281889403, 0.6663651124014306, 0.8791660760081087, 0.2003129914495978, 0.44836054664656955, 0.23527771977105383, 0.9748495083237237, 0.9907223638899411, 0.2830128891042709
0.6505193402332038, 0.1582100492973234, 0.4154858340388735, 0.2788089140465341, 0.45730039063515193, 0.2915676079856394, 0.09186001611067596, 0.37288475878799354, 0.1433752642112075, 0.507543689296948, 0.5947834843162576, 0.622380939924664, 0.4173182902792011, 0.18105901488788356, 0.5312495909314224, 0.13519147554256838, 0.9873480713507962, 0.474995426663284, 0.7004779807788971
0.466111175230276, 0.3932262984220827, 0.605342503549595, 0.704577631333665, 0.8055526178471059, 0.7603668995381528, 0.15666088381432075, 0.8910012644289824, 0.47390575076413965, 0.957228142382342, 0.23966645217942617, 0.4430736235414161, 0.6410289915636794, 0.31678661588673596, 0.6859749144814594, 0.9409228767016693, 0.5910300281527658, 0.28929192710914, 0.9543287573661874
0.9896103774862185, 0.2737263909914056, 0.5215264742508297, 0.024245245691276507, 0.7714010597876737, 0.388880016438067, 0.7663024700032307, 0.834758481297483, 0.5628788969988932, 0.29239060398914407, 0.07940925492606754, 0.7911267742846558, 0.8577171930934723, 0.36935320701553487, 0.2989973765190743, 0.005931942070696694, 0.7001674171238829, 0.7322466371592186, 0.7797157109579177
0.9965584496766514, 0.2732852373827104, 0.481995998004659, 0.09363558794714466, 0.1322533069700942, 0.8022377052875429, 0.0833687992589921, 0.9007644495533392, 0.7813936320961096, 0.2574270726120077, 0.929144876141974, 0.883978333804103, 0.17401030821784236, 0.5711559316026432, 0.4655116399199647, 0.4858910632990493, 0.07792139482166538, 0.8111779369864688, 0.3918397757444906
0.2126546424110698, 0.2756654822782296, 0.4865905500651161, 0.8908865361682552, 0.7561735371516177, 0.26312698122215694, 0.7891933339687319, 0.06306867016454876, 0.016480253800606248, 0.01994047483461603, 0.07000892993071528, 0.3307660067997952, 0.7373412965735953, 0.3630097197283293, 0.46503484520213545, 0.07837153367938277, 0.0863307249594849, 0.6614386324951486, 0.8498133797608286
0.39930917148027056, 0.10494442670203252, 0.1460949006734592, 0.9125164189252658, 0.29696282677752683, 0.5664558862279049, 0.9519838136494925, 0.7253104500379661, 0.42068734724238466, 0.30708774887019075, 0.16879908487067374, 0.8516973520292792, 0.5456591585314216, 0.71248163319491, 0.028112156158940027, 0.4170430288089739, 0.6170924983103858, 0.19075361188672302, 0.5873394048034019
0.7151610510804699, 0.40480395311694417, 0.34327352545204537, 0.43658959402781017, 0.2166142380988776, 0.14873322726895177, 0.6219384988453701, 0.07259248000198781, 0.14079325620832206, 0.9083533365137806, 0.3714373182484868, 0.6952563127057625, 0.3750197801506391, 0.7476006361779217, 0.2709992654903254, 0.9618764718647774, 0.5318501911781498, 0.4790941440992078, 0.6441385957273903
0.0887907313889369, 0.4198995337867705, 0.5713847823165455, 0.7641181543118022, 0.36306621353464874, 0.7875912194765623, 0.4802370834940075, 0.6687419556714483, 0.734549272283368, 0.18601527837344622, 0.6256522533918742, 0.8780636290386391, 0.8310093607980115, 0.025140594714748277, 0.10968265679297884, 0.6768049945514473, 0.16742527286182562, 0.0953281714513391, 0.5399420600821824
0.5004879927754557, 0.03625665311718529, 0.7730367218742884, 0.9229257105054047, 0.9380813663593546, 0.0945467595440399, 0.5312926734590837, 0.23160025440191345, 0.9791295838735378, 0.5710327933837485, 0.8651662459950112, 0.4507891971607507, 0.09244309436461462, 0.550768040342637, 0.3159087066833006, 0.5921478274784521, 0.7323487085855745, 0.2636017103213957, 0.8975157137666568
0.847439313061907, 0.825512576565039, 0.6757842064513953, 0.17676095010634707, 0.48110786197228284, 0.7132901067000432, 0.15068791857799946, 0.9949413820296628, 0.5413150581466342, 0.9282381083727178, 0.3307504565799665, 0.9304929019212299, 0.20226205759595572, 0.4220931333134551, 0.5400299089221732, 0.2041476990311013, 0.7170179300484547, 0.4894782525193698, 0.33621908595825334
0.7576392323185756, 0.36490799638617455, 0.98407264561093, 0.35237195020528644, 0.003069940335948318, 0.5285495434802338, 0.5490546590647731, 0.865191293443489, 0.7640220250455416, 0.5383597933274673, 0.9879219527517453, 0.08648148196845074, 0.22552380724637222, 0.04283543832251613, 0.2265883199188089, 0.4129281363845536, 0.5310694778009019, 0.5625161023563503, 0.5740081428848764
0.3782123980252241, 0.39499436498150364, 0.9675322365510862, 0.08687208450539263, 0.9492820981112113, 0.4212108116566703, 0.039074506928937325, 0.1839542619372624, 0.3596330082525475, 0.9161758605022173, 0.6040820829536372, 0.27543329968397146, 0.18583232096043478, 0.7814729651826128, 0.7409857781440841, 0.8356836857471689, 0.5225962505476002, 0.9605574742673275, 0.3545020358138077
0.2456365853918081, 0.20100704113676326, 0.7635648587387481, 0.9030556511764443, 0.6784725467044075, 0.32888926648361516, 0.31208592547457836, 0.09109719870169974, 0.47636526443157257, 0.4089630478466667, 0.4585383412829578, 0.9902378312726626, 0.495091876070758, 0.9652437251221716, 0.37853751382611067, 0.9961269163611839, 0.6724999787347754, 0.6731490669711044, 0.8860203455377186
0.7081192619620328, 0.39770462815738283, 0.9176309185012349, 0.21562409880872302, 0.8015919797021899, 0.7082582878504835, 0.863980857950876, 0.3861364336650718, 0.8913740956347399, 0.19912397587460162, 0.9221064669219211, 0.9113870475070133, 0.08734491942966605, 0.061375052567690824, 0.3948945828246013, 0.18163902252579545, 0.8160727596603908, 0.4727866540586857, 0.4548934719324921
0.5329826797260804, 0.8406721735946593, 0.8372155975217848, 0.394522771190133, 0.739321254304102, 0.5038811397264814, 0.972541742751076, 0.9167874217551503, 0.9940731061548838, 0.14313429278885614, 0.3568866375101505, 0.9114595293262571, 0.10449852060840137, 0.295636537219756, 0.5174800416838581, 0.9367346974768263, 0.6780859031107, 0.6979389678227677, 0.7578393319462747
0.4883212171382546, 0.9533591353420314, 0.8924453257056234, 0.0584316344746203, 0.011546800921165112, 0.18051075174265474, 0.008321133902227551, 0.9336751322608335, 0.22361615020166625, 0.02117635327836065, 0.4001797420021289, 0.4662731852807147, 0.4625354264223932, 0.501179482307626, 0.08726795067295179, 0.3128804320312353, 0.24718186974810352, 0.6870702230108299, 0.583785481888236
0.5489250387468348, 0.7789535527424759, 0.7976066766544244, 0.3397516242140042, 0.7832196870965421, 0.3213275434522723, 0.4072713691394957, 0.20607912078925317, 0.8053352982846956, 0.7362072071874253, 0.8113885376494062, 0.2082500236870234, 0.27923913946696466, 0.5524972756808587, 0.3883550357682721, 0.9935922528104385, 0.7377506450276166, 0.7012764992780565, 0.9834898055213018
0.02070594287481131, 0.23458741494136237, 0.5300187633140733, 0.12746565237307705, 0.8931512570676295, 0.07659575561985421, 0.6799724231311581, 0.2153387464536206, 0.6433067839656108, 0.29591865023276265, 0.29939464074842836, 0.3869930650924489, 0.42535978080574477, 0.3129525081099147, 0.31619708744639174, 0.19500383655594866, 0.4582307945762044, 0.5179565859503071, 0.6910856630971921
0.9500570415492396, 0.6419802798949348, 0.55563175057677, 0.8404508201810208, 0.663539895943063, 0.7894491191432081, 0.9646376633941818, 0.9995421222205838, 0.5842481477032949, 0.12373075403061584, 0.9101452110180313, 0.7768869889664073, 0.13936980492949114, 0.6752562022932431, 0.9415033901077209, 0.1430175555277986, 0.24841945596193893, 0.2888257659417771, 0.04920054775041394
0.46054067176831937, 0.3564327955331835, 0.6605872866238736, 0.26372497332421463, 0.8099306333899555, 0.8384675831619014, 0.5832371148426564, 0.5868675802366328, 0.8965425005690127, 0.914332188891321, 0.41754654983351747, 0.023817390166124386, 0.46729357412903205, 0.7314743803531956, 0.06186484589532093, 0.4387922226177562, 0.6397561990222934, 0.9093835678651725, 0.5514361858275937
0.9497481950948914, 0.6914590512451936, 0.4337809596224349, 0.49725305314320545, 0.930425294144834, 0.4338300550888058, 0.7151810189316269, 0.7463343918198531, 0.052662669820466745, 0.507136274722394, 0.46434421660295033, 0.5589652481228436, 0.2598839081323221, 0.7103539864105382, 0.4798504997867836, 0.3563998422097616, 0.41343237814696754, 0.2237962573157143, 0.20029248953477108
0.3840175752774172, 0.14663559012340333, 0.6530392856783067, 0.14746340621435927, 0.30788372171580014, 0.7682198241088295, 0.3185600564148582, 0.43650198507660287, 0.5149548067449192, 0.7722095333932384, 0.6851239227892483, 0.009440886186696362, 0.06752175480471556, 0.5771849383373248, 0.32710286926691223, 0.2460522397736291, 0.3907185977441874, 0.1668351372205712, 0.4926792431464522
0.23880395136553456, 0.9612012019049417, 0.8391745783936677, 0.47423728344343985, 0.43532908342123766, 0.9798496307659306, 0.956311526218201, 0.013848663408199569, 0.39766865658856476, 0.7145507585741022, 0.3183720146827368, 0.23779279953455335, 0.6505367485906604, 0.736314247282164, 0.43067338293874025, 0.7527265013598973, 0.25706732559023293, 0.02667815362745074, 0.19947566866579447
0.32479658272416156, 0.9222200662916423, 0.051734094872180725, 0.18529883929937796, 0.6006220318145252, 0.2938958844820334, 0.5978999269364218, 0.5588772980115247, 0.4398901915386023, 0.979804434624445, 0.32103148688233796, 0.7676228389582054, 0.09488529488582098, 0.965604977140017, 0.5386028495118281, 0.445866630244126, 0.4743838033803268, 0.5217295849858291, 0.058929506025029665
0.8011635741255186, 0.042876816878991586, 0.861039694190952, 0.7727799639421373, 0.9333105256564382, 0.4924052517109623, 0.28560295716658257, 0.303956016125293, 0.024839472306703803, 0.061229098302190255, 0.6133661429486638, 0.11054570116052187, 0.5422926788613633, 0.8511171093649312, 0.7243716803006223, 0.7292397433348341, 0.33648674562221614, 0.6070126465538047, 0.06088254107373825
0.30974032562244913, 0.09377893925388026, 0.4101546541435529, 0.3214764424039117, 0.29787163784085235, 0.3552725483232678, 0.10500280721598132, 0.7055630364414779, 0.9977560095798259, 0.162665740465459, 0.2910149901972975, 0.5490299118126001, 0.9739702891062747, 0.7303175537752858, 0.6993847610052731, 0.6848431940158806, 0.965145912786728, 0.1178793348595012, 0.21070699672126203
0.4167216775114432, 0.9779562848700213, 0.4226612918482422, 0.26542023393614833, 0.28887919378349747, 0.28871903460475634, 0.5023217069319361, 0.37729513410063586, 0.7801694003945143, 0.8943301389466404, 0.17451648616976778, 0.19892558281399908, 0.28705975174392107, 0.9935954096105911, 0.07220356403006445, 0.3440284772342428, 0.7345275998283947, 0.0678181904017443, 0.21468272422380597
0.9346574200394202, 0.25709125685506473, 0.898273935624233, 0.5766179344656523, 0.43219161958231833, 0.4432482172874562, 0.9373731654142679, 0.5136423930910283, 0.2747241894857385, 0.6126242356189421, 0.9116150586611184, 0.5626725652931375, 0.2795404258622056, 0.39002956092711605, 0.69053705168722, 0.2812381022826992, 0.0023467296247199343, 0.050147828694895535, 0.6455161122433835
0.9798608791867887, 0.10561362891332404, 0.45028875587632655, 0.2744478812443276, 0.6216745702772167, 0.3957026766718177, 0.8914027454798462, 0.8977440438618657, 0.7571726960909828, 0.7850427496017277, 0.264331897923363, 0.23403803824019132, 0.13878164827948913, 0.7619718904549719, 0.13808255623387278, 0.7160631475380214, 0.07804110059022817, 0.8713740462035116, 0.38866643802636813
0.8151055322864084, 0.24371154599144107, 0.3394897008052985, 0.02656886601278574, 0.6231684759276854, 0.5921662802030163, 0.8904741735862612, 0.7033195511205722, 0.9946182118982231, 0.32208994792303636, 0.5308270441132662, 0.901668728678135, 0.7755571718976997, 0.6180217209422478, 0.20084447331026656, 0.4757712086676864, 0.5863445181243297, 0.40337024300507673, 0.3997936616669747
0.7859664503431164, 0.5064536267501184, 0.43036985387914983, 0.7167478306883642, 0.004546855453016474, 0.09696035439568407, 0.8323142667454233, 0.5882684843136784, 0.9922785528605381, 0.18591239420616035, 0.5607286192247223, 0.17750184516297873, 0.791669748625741, 0.9387639471143885, 0.43068790243159816, 0.3431449912627359, 0.2534326526474048, 0.6489461023703055, 0.8731478351526408
0.8601439037691889, 0.43364339885655545, 0.703821890922655, 0.3708031585383872, 0.0714734205341423, 0.8459988984665525, 0.5663921970924746, 0.6266418620399344, 0.9316894193972809, 0.8856256702906115, 0.0550178851799632, 0.8545605739034152, 0.3800846653906538, 0.5267596255768878, 0.9050211174906764, 0.28259384775373186, 0.5235673896160931, 0.7556127203895261, 0.5545882680227965
0.6454677988693154, 0.8883606498644414, 0.8469648599542354, 0.7418524933657115, 0.299440019611549, 0.21232518303716386, 0.9235657590991062, 0.5141192471519402, 0.20329827331723138, 0.9551163731970053, 0.7921889616212142, 0.5642191234819997, 0.48669855400662165, 0.24182261073520794, 0.3228337202359932, 0.22269309826315786, 0.0308975716519293, 0.15740731586112022, 0.547688119801099
0.4342512445021528, 0.47843380682843883, 0.15452473927424681, 0.8199921286525017, 0.9647459788883495, 0.6973915705569048, 0.7622695396923806, 0.9028024773956013, 0.35115674183295875, 0.9696380355431753, 0.5206790464742715, 0.2577473348529916, 0.9250083205228801, 0.4231962286883376, 0.61768445131523, 0.07649057315671781, 0.7528877935646549, 0.7582313919399835, 0.14215547744265833
0.5455240670503543, 0.11581930193817203, 0.18404611176085584, 0.5973355443468642, 0.16564555844792406, 0.09556593321718942, 0.6188599864626355, 0.30437239416044837, 0.18972982322235177, 0.8863184890951039, 0.5503747270737935, 0.5991793072554678, 0.030507243418038454, 0.354074125280599, 0.03755110919025284, 0.9141467417351541, 0.9441930108435783, 0.13376540860791408, 0.24742032761473642
0.03739586229478964, 0.2811715462850113, 0.43021219302174396, 0.16898776621327716, 0.9370057038327415, 0.48839726701603914, 0.41482853859002455, 0.9079371554331463, 0.8975599419897878, 0.940110422010436, 0.9572328374083862, 0.07257847008190155, 0.9227217798917927, 0.7870981035912518, 0.5000304890574938, 0.4849012472376778, 0.6641049353982849, 0.7788069458758763, 0.9946272245843291
0.11426079388121668, 0.11875103867193904, 0.9412004913554143, 0.4993410568737493, 0.681261667716694, 0.4625805375935538, 0.9888789425313452, 0.2061648222200715, 0.09612744364735759, 0.3022752724076069, 0.21952087530313902, 0.2617075504258133, 0.12624434416056685, 0.5495900608779987, 0.5085349661777259, 0.4587755032591905, 0.4609266902920952, 0.48310350967529947, 0.9921730340206579
0.11496514659911439, 0.25060163626758125, 0.9678159380398716, 0.5189119653582285, 0.7474943997910924, 0.3551485864436915, 0.1321104994548572, 0.7757949362580974, 0.1654775265089976, 0.42131765215495676, 0.8828894936871963, 0.33405227238491886, 0.35719029387730683, 0.6207995819147779, 0.8724622932284273, 0.20321195201889186, 0.4418632349656383, 0.4866020368618643, 0.48478945774664506
0.0297764501592,1.78293705462,2.63167849411
2.02566914795e-322,2.5442888426e-32,1.79152155223
3.64663666669e-288,3.53006715305e-30,1.635616087
0.0,1.33958644031e-33,1.90615150739
0.0,1.87742705954e-30,2.13762252924
0.0,6.820806028e-31,1.88827345148
6.29861242307e-268,4.40395204355e-28,1.90477499264
1.86038969272e-282,7.698755521e-33,1.07755133342
0.0,8.40559062897e-34,1.80589920243
0.0,5.00529693874e-32,1.79642481862
