$x1,$x2,$x3,$x4,$x5,$x6,$x7,$x8,$x9,$x10,$x11,$x12,$x13,$x14,$x15,$x16,$x17,$x18,$x19,>>f1,>>f2,>>f3,>>f4,>>f5,>>f6,>>f7,>>f8,>>f9,>>f10
0.6539960374479236, 0.47871335253427505, 0.14077467488406326, 0.42075625958918306, 0.11215210646023877, 0.568897511500438, 0.3981944383245716, 0.0579119258472226, 0.7120309977801295, 0.8882087992870435, 0.7017546992431408, 0.4471947763283163, 0.9600290274850963, 0.04241128059484034, 0.40652970360593754, 0.8776712704877135, 0.463759181899575, 0.0231750429673393, 0.6910993661445589
0.18502218873681087, 0.4237733368259149, 0.34949761097740706, 0.7136897796476896, 0.9563005509959476, 0.8758448078920629, 0.41229132098288124, 0.2107657868976679, 0.8518747101016043, 0.7694249617587476, 0.29428048450934674, 0.2702022679488548, 0.8995759388864941, 0.8371770938975555, 0.8935910664348763, 0.17629963294420947, 0.31705984867386994, 0.6353893150615526, 0.764817603991631
0.4363350745458209, 0.5382730885147146, 0.8467098803114486, 0.5010981607155882, 0.27941062548464246, 0.40386100784265566, 0.7913499578790592, 0.05486881475666949, 0.572423469117319, 0.4094316801112323, 0.11638184882159874, 0.9185167489602784, 0.31416608667663715, 0.3643319279878411, 0.5862822669045932, 0.5968324463775456, 0.4680500549187795, 0.5343418625250859, 0.5142176272059603
0.9416866225889235, 0.7595850749878891, 0.9650705831544757, 0.1602750693354692, 0.048686992438761845, 0.39194944124857767, 0.837500058074144, 0.7412855119086738, 0.15450418742993932, 0.7963615940476388, 0.10346538516127834, 0.053942642645802175, 0.6153922896239864, 0.5613068404490817, 0.4744732105979126, 0.8687549866565218, 0.5007071074269542, 0.2047972193711155, 0.3652549832924564
0.7840734257690786, 0.6134455211967729, 0.5492047790095147, 0.5989550849339792, 0.6746971669304107, 0.656463887269203, 0.6439770645828995, 0.953530473588374, 0.7909679866319309, 0.1297991161830131, 0.8459274813588908, 0.5815811463641092, 0.4278847329287502, 0.5219114078968153, 0.731406666866545, 0.9111473314789739, 0.691183087265726, 0.3773811237511352, 0.19074613935632667
0.86945141633075, 0.5098027968166859, 0.09160182176166931, 0.7189022122437974, 0.9234991384959141, 0.5421797242787777, 0.6628663861548175, 0.11561533651105849, 0.5019470758492542, 0.6133689696470128, 0.5410259640158309, 0.9882288100777064, 0.33663642635375746, 0.5739572887175695, 0.7685174975774012, 0.968566764781729, 0.1387418612735366, 0.6533096540209966, 0.9584857024443902
0.5724171402754823, 0.10857382270011895, 0.8026766695425129, 0.03068405172486033, 0.9910792954368943, 0.0004517035735407404, 0.6534255636791887, 0.7548473050711285, 0.3535819029053643, 0.7368515916888628, 0.7093923811826637, 0.3322480094826432, 0.728553678206639, 0.28819591617754303, 0.7568596654701213, 0.6894966704435908, 0.6526461498668752, 0.4967697793601602, 0.11869617280282296
0.10068723243773592, 0.4081913683569537, 0.32603511053633205, 0.6824366661144431, 0.8983312079549859, 0.4704219785676852, 0.4894422732572983, 0.5136990083171035, 0.5878941863939695, 0.08738056519032478, 0.8589845988762285, 0.5768063325818289, 0.013899134204271801, 0.6178215940386748, 0.0687286310610089, 0.0523878111286914, 0.6625530240828764, 0.8202143262685653, 0.17688408964669766
0.04158417387774427, 0.9476148759780735, 0.15555127953149106, 0.6386314489582998, 0.9170329404374029, 0.8882624123647695, 0.13405967850790113, 0.022793836186736027, 0.8111911656575265, 0.393145861092264, 0.19089604796521087, 0.03159168548168001, 0.031132294218405354, 0.26956463992826085, 0.4573797915861145, 0.11545483307832827, 0.08818468928641732, 0.7399504476727806, 0.902994860028902
0.8231810706544803, 0.11712390315651622, 0.27137748588783217, 0.5637152216759189, 0.26009626886607407, 0.07672454981010135, 0.6133221243195345, 0.44855592639796005, 0.27343748764302933, 0.018969534749461503, 0.4429560084624047, 0.9013764285510047, 0.4054018974689547, 0.4898513688324424, 0.49209406336496553, 0.1291788068825226, 0.51979219621909, 0.3401802795966561, 0.9755249693694765
0.2222417881640194, 0.24280748839239852, 0.7640765291199351, 0.2035538121820455, 0.80502953135471, 0.5974042383267851, 0.6514893736847357, 0.4794853451381679, 0.5587582738779647, 0.1782477679293244, 0.5272100927990959, 0.5743213823864933, 0.6589754764056831, 0.8086324084232744, 0.08091430329306959, 0.8912765567983161, 0.2781348500128288, 0.7160543495557787, 0.34771525081833643
0.3016976236004495, 0.38343086128989656, 0.7367677529343738, 0.6493821138842747, 0.4573527917087993, 0.2099900860642291, 0.4048393183821678, 0.08692912397495323, 0.5894390887926233, 0.36941036378546155, 0.34318184985323885, 0.8087546772400974, 0.32399750683900264, 0.732849935455275, 0.8767620700319642, 0.08160383396460003, 0.4948803088053997, 0.5963957855899648, 0.2184355149810907
0.6001787862087049, 0.6811712555217788, 0.822747038903584, 0.7033712587288432, 0.6569844420696305, 0.8989808808851468, 0.8087353156084783, 0.8952861293925857, 0.6065633524340202, 0.7305587114641755, 0.8235776358923168, 0.3317396958731125, 0.47157125173394765, 0.44236189591890984, 0.44445368851483025, 0.2994537786552627, 0.03717323738695644, 0.29566665414297044, 0.09955567613975036
0.7612434232444814, 0.2156346152656109, 0.33281366689171465, 0.7942192349395127, 0.7343622660044941, 0.7483832764569073, 0.9408513268239067, 0.8105006394341182, 0.5041739187602163, 0.1741063433513561, 0.5993812780156208, 0.23583056529666713, 0.6768153283746816, 0.2556327497893438, 0.24177408697481761, 0.6371289564407558, 0.21689425011016394, 0.820412085648762, 0.44829581004402674
0.04822403017656851, 0.06568593544993062, 0.5341408622821592, 0.9011930105041536, 0.11509090182763926, 0.028011969417926053, 0.12522562090215383, 0.91181414065921, 0.26714197262450345, 0.3029715522269767, 0.2923265890301028, 0.5544023800735857, 0.6355333069261357, 0.40597980578627524, 0.0009201261963464047, 0.510911623472545, 0.8545437353019152, 0.1132973513749378, 0.6346561870838443
0.8162118242607346, 0.7354891153217893, 0.3302630728273923, 0.29850604174474804, 0.3536496949241662, 0.9106226764502123, 0.6904346578668363, 0.5584073949661156, 0.5422031217190936, 0.8225009170909133, 0.9863409455124629, 0.955358114772269, 0.9510734326778133, 0.7813136510349994, 0.9981600286060376, 0.5451171569612011, 0.9518506890689737, 0.9221072268700238, 0.31084179525444455
0.06470517679328203, 0.05342924147469019, 0.8982479615421296, 0.16495287318177176, 0.6864937534741751, 0.2085161271152165, 0.3925310332640848, 0.5448569324652692, 0.15405236518207965, 0.7200866119396736, 0.4002628577217354, 0.4454293418794949, 0.3963770091366039, 0.7841976217837977, 0.3717302906668838, 0.8594268952121142, 0.8631640611086209, 0.7195846449941483, 0.4613370264685166
0.6726859453657409, 0.21613464128675097, 0.718956075123976, 0.2666452897645265, 0.5609953638176491, 0.9363442797197834, 0.4957662813411039, 0.5484229533567033, 0.5778847066991496, 0.546989988882538, 0.452654784931125, 0.2481973297374409, 0.9953986974138646, 0.9739516558671872, 0.16248923247402391, 0.021773342582762978, 0.7604094139384519, 0.2865282357895741, 0.4917911499862134
0.9940899650887711, 0.19261021548257673, 0.7485874058162071, 0.3315565219476283, 0.3503347347480712, 0.8183177349674617, 0.8727981746820758, 0.3012342891635531, 0.9965590162393444, 0.7085332957689372, 0.8099539491301082, 0.818771710344111, 0.26808679022109516, 0.3088715277780284, 0.8776573550092068, 0.15626282094706323, 0.7896604193402055, 0.10348943960879997, 0.5212424174465355
0.026864984758789734, 0.8612545635522894, 0.14320535225238307, 0.0657077026154399, 0.12845844585448796, 0.7207237782031446, 0.7559597756258017, 0.0865140526195769, 0.6689814447574955, 0.006970315823591533, 0.08911594834100378, 0.9158973225079565, 0.4705676481161183, 0.5818654891841332, 0.3083734936594247, 0.5558337038547849, 0.7420660728699207, 0.7327064653482755, 0.47913999794289397
0.4234383681709948, 0.6822407736809777, 0.04206225618331527, 0.3107152146708795, 0.40412901871258466, 0.9392720511053975, 0.23820890812304352, 0.7708809415963324, 0.9612084836467707, 0.8060854873671446, 0.9077944864673115, 0.4728153759648709, 0.5799724680603333, 0.007462976031190394, 0.26290029653590863, 0.4707205291361122, 0.8747696969166026, 0.1740509026890813, 0.5456286999782738
0.15248549259086375, 0.932807299262252, 0.05426024598888202, 0.1707216458080445, 0.3321095406364136, 0.19635216455578852, 0.35608098232896723, 0.43341772482173324, 0.4127615699844771, 0.737861500199449, 0.18397307813664776, 0.842696016238277, 0.20633644723770683, 0.5428097063809529, 0.14750169666384694, 0.5743733403685779, 0.42890122328615976, 0.025385218098513795, 0.10973387343431418
0.731259731552637, 0.5011803630787154, 0.2266843085748219, 0.1225526382087525, 0.19327918449423842, 0.5316407042589916, 0.3679329278281901, 0.1534643576137723, 0.4242789459314059, 0.7254284863798328, 0.39293703532513125, 0.9485643877325818, 0.3034894971048997, 0.16519119749764766, 0.4627579636995086, 0.9691446512043643, 0.9905868335473588, 0.5022263908829684, 0.9054435691891044
0.03416521193541611, 0.9748110945144682, 0.26012251555311927, 0.15170195625330374, 0.12506355498756316, 0.027810701480040945, 0.39752280817695385, 0.22995836550133975, 0.8931884896896685, 0.3231955599401537, 0.9228758387103172, 0.43807080635056694, 0.3789557296493783, 0.8576358447279954, 0.33407322419297647, 0.3215134831625389, 0.7054858725685943, 0.37059648732645245, 0.6239974903474286
0.019664344020299707, 0.3232143951355314, 0.20855584187430765, 0.10640504419066565, 0.9561395972164632, 0.2668228747504048, 0.5449513095245465, 0.23793184324642558, 0.9867651566363944, 0.7089624821122897, 0.4636341923729591, 0.555727401573516, 0.5383289883776151, 0.41052152210236525, 0.9475407386423745, 0.08214804732595671, 0.7186864886669866, 0.26905385187906017, 0.22897347480040497
0.536581505009935, 0.8413540600342077, 0.9036899607186275, 0.586934424569112, 0.8349758691869249, 0.24121099323785267, 0.8569556615568371, 0.06819271603198473, 0.6121745144881674, 0.33475477261520203, 0.7964459300464918, 0.38787914311618255, 0.0889482760127367, 0.06369474969492106, 0.04564682959927835, 0.9408914445770127, 0.706331394659512, 0.7996035221173283, 0.18736466331233426
0.8823830797529741, 0.13323336155061827, 0.724428881840314, 0.6747840454528455, 0.34522779900776546, 0.6349069171641356, 0.9980248987948012, 0.5398819959175094, 0.42428602393854165, 0.0817551239674218, 0.11784973785110697, 0.5324468586503277, 0.705585309920581, 0.22314683900613375, 0.8075831063938052, 0.7236761297604003, 0.12972198088058717, 0.8778933501908148, 0.47679092578531956
0.882506611119461, 0.5910118039994301, 0.8543063458975355, 0.7995431819037596, 0.9440068437498209, 0.5409039148351187, 0.5993170209330649, 0.08844611327744933, 0.7050743936381277, 0.7437412420712841, 0.028164667013484856, 0.4533622045389032, 0.7214264168647302, 0.5168705527745333, 0.41138689939783, 0.017427855822733873, 0.9400206415429618, 0.559630407289163, 0.8299622232091523
0.7808263854645405, 0.09195194770399884, 0.15686730307128105, 0.4509561679804688, 0.35651277267089143, 0.5916758969637352, 0.38818138433815097, 0.25500077242968633, 0.9507360563057039, 0.3339794926766474, 0.0745367555835198, 0.6639547169353105, 0.34884156526318477, 0.37511172211179333, 0.15275366179368055, 0.6905763246246585, 0.8974957578414673, 0.6302814752668249, 0.522450962140727
0.8929779551938607, 0.20865273743246404, 0.019513787715321196, 0.830102799117158, 0.1628036233250858, 0.15220646290472784, 0.5231901866424179, 0.5677273500774486, 0.9066910591366487, 0.7203974120617969, 0.7164801173538805, 0.18118003185435438, 0.22395885035907093, 0.8429595807953673, 0.6103473475058722, 0.1390365054120063, 0.7429283740563674, 0.6551919606726246, 0.8477063810564988
0.5636643096455283, 0.13301471052978886, 0.06555790909277548, 0.20608601586084607, 0.684399647304566, 0.043737418052244625, 0.9313346609164433, 0.6853076345301112, 0.21160582337844047, 0.5079964713326092, 0.3114302960642227, 0.9456544378541869, 0.22743409050277197, 0.23551984599712572, 0.15052745606941187, 0.2725982950928214, 0.007998236770199063, 0.3294677774441426, 0.07738164544340442
0.12566365115146938, 0.05830216812064726, 0.8718194097551932, 0.28484227919937455, 0.2322756267357493, 0.8341054413388874, 0.5185962106109209, 0.5874843897328469, 0.45829322400800143, 0.10784312420885744, 0.6372801802240399, 0.5385317902190905, 0.4049570825153923, 0.50658953965036, 0.32631051273275646, 0.414566948764559, 0.004303129978689424, 0.8747371972226072, 0.6003149054518075
0.9452135016105913, 0.967227975992206, 0.4832006466099692, 0.11676078539000179, 0.9186531173342786, 0.3424182576189454, 0.397184323568456, 0.2982143054275118, 0.7729112246343166, 0.5076020851699695, 0.9163115926504353, 0.5022509941041906, 0.9570597219655193, 0.41644315297315426, 0.5864872188167064, 0.06429375132332416, 0.5441899620215868, 0.4629876805762151, 0.6213313194789409
0.2102293266988967, 0.3462210033523432, 0.9002807809873787, 0.014277838252526043, 0.7399743202821006, 0.8911186036137021, 0.1177704690894733, 0.6499346507907086, 0.16287292550219556, 0.05789678007733501, 0.23757242964975145, 0.7391322637143188, 0.9607034405237057, 0.18385394702826874, 0.8482296825840455, 0.6919160484782447, 0.06806098853676523, 0.014368243063869635, 0.35262536779073506
0.35610940111513634, 0.7749109438794555, 0.037792020847360996, 0.05396714498050781, 0.4395249338166243, 0.08659421815716883, 0.7144578934736586, 0.8568888188530626, 0.9002917676375862, 0.5698232523754747, 0.23804803556804266, 0.4245150998993905, 0.6616782388510543, 0.043929092087629185, 0.2367461742116933, 0.624267202294671, 0.6502324131936942, 0.3156506177155791, 0.08114601328862325
0.4791729811771349, 0.5175820056133185, 0.6832107063244238, 0.3022311401147927, 0.9977756811821057, 0.5779662341310479, 0.753603296502225, 0.3983385561740165, 0.8337836219714833, 0.258141389923521, 0.6072486567222962, 0.8040171084730235, 0.09099864384805789, 0.4095107823325226, 0.1269572252330594, 0.2831007467743025, 0.6280527888271761, 0.20197848845286703, 0.2901283428660717
0.37986166275110056, 0.8901010587369822, 0.5802749812792701, 0.4273462668637813, 0.06153831066320514, 0.813830297274948, 0.09984965828330583, 0.3883943599404899, 0.6099706206330415, 0.5819468217273257, 0.3636593457241275, 0.25323773525106796, 0.7740183131446567, 0.8495368094847812, 0.4999687880955952, 0.9709299214608389, 0.8844793574171095, 0.1039343778733236, 0.5521193148913316
0.938408895039684, 0.17700198464119232, 0.48205348195865216, 0.3625411189799963, 0.45548469199753305, 0.11362274184032217, 0.9742205665801744, 0.17663932188380682, 0.9090032377395503, 0.09720582305626879, 0.7699226447031831, 0.5469529779926229, 0.49925335330133624, 0.33659543786117674, 0.8656227326211361, 0.950515608948458, 0.7165495370787585, 0.2464256110895402, 0.4751565461824516
0.5340528199055502, 0.9389904161708668, 0.549043290399874, 0.6486823890199216, 0.4435312695285273, 0.9807471175591771, 0.04335748764621372, 0.32603710399547114, 0.8428715405398088, 0.16907592159769647, 0.5392702174269576, 0.8832628361022277, 0.6383959652826047, 0.9072698716615956, 0.8843094957192686, 0.46478680776238623, 0.9077505009471754, 0.9533965998371647, 0.6455202683616382
0.6031655216886458, 0.3224641635124681, 0.8995081538436926, 0.3034731762112898, 0.026414104487114676, 0.824280147358176, 0.403622312126668, 0.8496944497590865, 0.17866851798613104, 0.22616303792171322, 0.03601269166490528, 0.7381555746241698, 0.5747314697364568, 0.08786709852799413, 0.9661286450896935, 0.3156584330688268, 0.6614148660963444, 0.6613341512641553, 0.3249741860790243
0.5881352447594052, 0.8789774312434524, 0.613105560100783, 0.09620027083205107, 0.6138931473158225, 0.2837251420411301, 0.3863396002058713, 0.24692047687544527, 0.6675209687121552, 0.6537250891314964, 0.1828627838504543, 0.25479773267634376, 0.21774475102339086, 0.3164054884747244, 0.18834639197374647, 0.5385259667247675, 0.35963818678846493, 0.10493763952272794, 0.1566361843393157
0.33642020815681517, 0.38285936449517766, 0.20584282381771313, 0.36689382332154385, 0.8232069950337086, 0.7985316853602212, 0.8419109636681944, 0.12502742840209036, 0.6704212300573611, 0.19739279872163862, 0.533486442922897, 0.2977077737299799, 0.3552482849514952, 0.5592565150675328, 0.9542408205952059, 0.46309285325990546, 0.6908315360028793, 0.557310475807008, 0.5710063715720844
0.16142215832478235, 0.695962246117579, 0.41535923350085713, 0.7847509205405487, 0.0979693423863186, 0.026749487213676204, 0.11253419693779543, 0.18321572531070895, 0.4209013883753019, 0.7748172365847118, 0.5507602619287875, 0.44954584898902916, 0.8009181416147848, 0.5370308574515197, 0.9888034689124435, 0.5184208469495935, 0.31299044053736746, 0.8809548483945296, 0.13031291551683732
0.7742936347277256, 0.9055253661143803, 0.009414396482283482, 0.6202567758424311, 0.996980516833491, 0.1647168680021035, 0.44642353679721447, 0.4350853462880717, 0.20355857077519035, 0.9406729459910513, 0.035468889505422374, 0.33054968926161643, 0.8955153754136431, 0.08198299401627251, 0.8153926365735122, 0.8556593035953205, 0.6467124983375209, 0.9701670186804391, 0.18305244589115954
0.6940732661205163, 0.60205899826363, 0.686333636569819, 0.14012287305512627, 0.6450518338416675, 0.48484314574136156, 0.7070671697003785, 0.6386174465511381, 0.662770250036679, 0.9698942718444582, 0.6250964039690942, 0.27989587861719656, 0.4892590812455069, 0.8257304014384778, 0.8969865302420696, 0.7125709265279616, 0.15015194512730834, 0.2117325738907765, 0.7836760547105435
0.8395517123951594, 0.2865793123793834, 0.2415299371972307, 0.6093358936506171, 0.78319885196556, 0.8848946587234022, 0.9276336354948084, 0.8381274007017805, 0.3698115593801654, 0.8629117461601102, 0.6852897645852578, 0.419956709332297, 0.4123663143046139, 0.43038328772510304, 0.2821627986147246, 0.29032635152142283, 0.17731647811674356, 0.5647088638397674, 0.34863282664079376
0.3777377956628418, 0.20714144988665495, 0.7748797602988186, 0.10436700756378292, 0.30455681617794117, 0.9917357644076887, 0.8669638178099404, 0.07574289538661005, 0.6426742720453863, 0.3573170214278274, 0.10298508483246471, 0.3820030527802075, 0.21759224362448182, 0.510916945778481, 0.8981832074080739, 0.8003758978301624, 0.5781276901399242, 0.07633961561356417, 0.22925765652397678
0.7337477527562958, 0.18574428031142687, 0.7336390248318065, 0.9178323261741412, 0.7843683814378003, 0.176695661989835, 0.9394508946047979, 0.4786816786707706, 0.16046987689222925, 0.20838666510664616, 0.9979409264368465, 0.9414337698663431, 0.6161587646714177, 0.30317745607794855, 0.7911808517514548, 0.5699586387875928, 0.11272218420986602, 0.21313900605076352, 0.271903913169636
0.8392183995197581, 0.5926949252501348, 0.17416798316552795, 0.4436728833441812, 0.6211778083221708, 0.3376758724428993, 0.4742541010939668, 0.6988640249128929, 0.37552899827561037, 0.17956211886902462, 0.42866489198877233, 0.40945818845373116, 0.567373531361165, 0.6711128975081097, 0.2782697305255163, 0.821035188233019, 0.41837084679891945, 0.33492250480364916, 0.32292373552244935
0.20444629072182385, 0.41528425412231573, 0.3218247875070708, 0.8754462533085088, 0.44807927667738434, 0.3573806462069732, 0.46326240218444803, 0.5361571800235386, 0.4856881306124985, 0.09784331091726672, 0.6336477265079814, 0.4303024965339697, 0.5379484058211339, 0.31674856667482065, 0.8513332522638886, 0.14201697299356597, 0.5494718396657245, 0.4250753651031497, 0.6994227704707482
0.9902214576179866, 0.9053311371495519, 0.43256839073739994, 0.4316029976416421, 0.6460753433937303, 0.5089338177666753, 0.31231265537327224, 0.37259562710739713, 0.9950781277201454, 0.6416843047634426, 0.73709072076539, 0.8312388893926478, 0.5479406875136169, 0.9577626666028666, 0.6214554366481082, 0.18848081612774858, 0.5609840175689751, 0.07955747453609152, 0.7242731375019328
0.6135375587830776, 0.9464630930282498, 0.6334824601972264, 0.7273758652489106, 0.44365170127575804, 0.40846363171752476, 0.8900804188262841, 0.45078250104810347, 0.3298431224098023, 0.9983522035088855, 0.6272179273213502, 0.510668253521042, 0.008566045568085934, 0.8762506203454845, 0.6524902528156998, 0.49406403601666804, 0.2188841635983899, 0.7072325078272397, 0.9682169454075349
0.8106135754002199, 0.07952212312992868, 0.42636835755844915, 0.5087542597927996, 0.023542567083515875, 0.8146771016932651, 0.9818741334382012, 0.7387498447780346, 0.4000537978031098, 0.6615047897592089, 0.9087257256169422, 0.12078946488061526, 0.2788225976261207, 0.3470764160336852, 0.295429433791661, 0.41211925328879784, 0.9447028994422679, 0.6585482431549984, 0.5760956125576535
0.10902357658761852, 0.7357666892951995, 0.2234850104384135, 0.846826578010138, 0.498024029735778, 0.5088579731420942, 0.9279089821242085, 0.16386201086632957, 0.5103856563896966, 0.6987351442450526, 0.5546378038881384, 0.20012799781441093, 0.9437299158099481, 0.7137732168475464, 0.017303490261458943, 0.6460700988155864, 0.7154115618607009, 0.33259152897777366, 0.7447360080408204
0.6097986804378954, 0.4170942401318999, 0.690399130134091, 0.7132015336248212, 0.2652800031580157, 0.10150976368466713, 0.5549529877030106, 0.043633094745264556, 0.31843278474824754, 0.7033270448239304, 0.005425312107721791, 0.8594536412017002, 0.01641019279157263, 0.8299917299299726, 0.03372927293308858, 0.6222075557131491, 0.5304919993080306, 0.703340570888172, 0.6516455825409261
0.5288387964865543, 0.748014567328633, 0.5992547984154414, 0.9317301833164925, 0.7473332258186136, 0.12060856737091408, 0.7405744541533354, 0.2636931164016346, 0.3010500336182582, 0.9481275910730957, 0.12010164109059718, 0.24026018907598723, 0.7372088383271587, 0.9995447100282457, 0.5308407553600711, 0.14510450108329642, 0.9282278866047223, 0.1097307103261006, 0.9607835282901107
0.20085388783718394, 0.7326771676212159, 0.9262651603305854, 0.11444925114804039, 0.23020931969000002, 0.8391071000947642, 0.3947748106932828, 0.2734679005677816, 0.8966661439607378, 0.07529368913212597, 0.668297313578185, 0.702511019281253, 0.8521024014441382, 0.9984626341222443, 0.5477418573134548, 0.20882014586462283, 0.22819918395403416, 0.658722178981333, 0.6261713021559893
0.006235165706154566, 0.5631742729453082, 0.17710409325686283, 0.281853416907369, 0.9592706960583753, 0.8472335017950458, 0.3879673811595036, 0.354643781145475, 0.0596054172394066, 0.9699916434673965, 0.8104115843675765, 0.9343953621372283, 0.8190356201867021, 0.3218027959274429, 0.7936312294922436, 0.23489069523056494, 0.2165992809172287, 0.6945216885792618, 0.6778566224271485
0.5429673447409791, 0.7174733976301026, 0.03345295618310584, 0.7449391073251781, 0.595930790393694, 0.22931558176417355, 0.06272254940033128, 0.5978320427817989, 0.47692471402728953, 0.0006276409007767159, 0.3486223273032747, 0.2352204147370459, 0.2685066740222476, 0.9212909331879077, 0.43740989758023185, 0.38305889396615334, 0.05426213879501596, 0.13360969282956647, 0.7466281104417326
0.5666644148317207, 0.4386631479963843, 0.6531133941203541, 0.7226867605020821, 0.33585298163481425, 0.6376477866617815, 0.9515847353808712, 0.39259740645997365, 0.9639504927591377, 0.22287631589547396, 0.47398809436036415, 0.7378723999332132, 0.25584181687550955, 0.41732417302620317, 0.5866883581013858, 0.4292741387164707, 0.6245921927831004, 0.3657852079248084, 0.4008334856336796
0.3371275184840907, 0.8790177492524213, 0.23108506853620125, 0.5549243838730218, 0.2501078573287564, 0.15550027941852063, 0.5649676543328778, 0.730517152577695, 0.6321022987795977, 0.8090501663052337, 0.49241254148809055, 0.6120587776617038, 0.3011965955400544, 0.7446738274187612, 0.03748167911395839, 0.17554886112844337, 0.13019080078573875, 0.8162936269541885, 0.539971390873864
0.2488220831757051, 0.5030765935339325, 0.1514304970198881, 0.5426791962764532, 0.9006415694998114, 0.42871412292592115, 0.3462532906088539, 0.48015516304265815, 0.5722358542079277, 0.25747060870394733, 0.4014085152857163, 0.9631653355145637, 0.2430785435108448, 0.4933171822685536, 0.453977903392778, 0.7007848126155578, 0.26446824726724494, 0.7214724720875119, 0.48092862225417254
0.2428810873785887, 0.924434021269612, 0.005126827029764969, 0.7731218818557798, 0.7980626774273409, 0.6832309487894831, 0.6413552280645314, 0.650364282683943, 0.4947183079392863, 0.3689931127337507, 0.37995912892511563, 0.7700830178952303, 0.6955582464794476, 0.014095105937442565, 0.16251811912306524, 0.6092296414856925, 0.7233940727542587, 0.07887694062856154, 0.9966775645928657
0.4966771007179387, 0.7929674815598355, 0.2000357719928142, 0.5368658352087529, 0.37160698941379244, 0.7238277333337073, 0.2966696488674383, 0.3071186029809714, 0.15919863216359342, 0.650451831841552, 0.9396297928972722, 0.4991488752779982, 0.3265040170895591, 0.9246301347976331, 0.5974239088189851, 0.41633696914368645, 0.861610844733971, 0.8808537015437463, 0.2509533003953214
0.009302134137145757, 0.7192531791487452, 0.5916459014018595, 0.6019377619598083, 0.8506360192049753, 0.25938131246715457, 0.9021767236746887, 0.7273844160596845, 0.9849912826273088, 0.5717441626138076, 0.8181487791442278, 0.8959026333536009, 0.08601487527465945, 0.1015991563659947, 0.287792164514751, 0.7111268327663774, 0.03483819840534175, 0.9439363764105808, 0.5239114840857167
0.6522909893107388, 0.8776219397735426, 0.3578551674656312, 0.9941032294564407, 0.3690725278445399, 0.29313448961344213, 0.5805115642780915, 0.4189033427507234, 0.9282329158418016, 0.8826557616599411, 0.9742986237184109, 0.43876676531098247, 0.1434886562513622, 0.4140628118710654, 0.5923444900330436, 0.8266162276251857, 0.16628714096341646, 0.558565301650836, 0.8123199233530226
0.8450532598527553, 0.575235559566851, 0.2282615607520645, 0.39199374052956937, 0.6478598196316647, 0.7788806466122274, 0.7390605901340837, 0.8933463353071397, 0.28073863085588213, 0.12459969883800781, 0.6782992344651121, 0.6445893054119212, 0.13174702618182765, 0.9301934024192585, 0.24962182435319147, 0.19679756901395984, 0.6255654551237708, 0.5750662767347785, 0.004892765515978725
0.5562989916882638, 0.5085836814878497, 0.8224022539558634, 0.11034851218233899, 0.31313827884311296, 0.6891469610574692, 0.9016262754159394, 0.9388676795459645, 0.5379465401588863, 0.4772949661435679, 0.09195276993606383, 0.7115326389313225, 0.5739114479571981, 0.7734817861911115, 0.8485953264240578, 0.8607992253207141, 0.913405564573731, 0.947297782852108, 0.317905171648877
0.06715505250178333, 0.8059817798053149, 0.3717930119318741, 0.5019786762701037, 0.039859296717214, 0.6775350383347704, 0.9533385627099218, 0.3287213899682001, 0.06049900591012469, 0.3266428309223457, 0.025610367371529108, 0.9061223077711588, 0.7422963614450748, 0.2388702474289851, 0.45597888993893876, 0.3549375062699329, 0.8350014789445586, 0.6349279939333747, 0.39161822536261903
0.480334253952047, 0.9936003831189081, 0.7324577703218398, 0.9901840400194034, 0.48851618162984944, 0.2936990491100242, 0.64237466142308, 0.6211117129767474, 0.6698278494300106, 0.7342780734641731, 0.7262597174302671, 0.23015698912823113, 0.39498384019803834, 0.04604765415532641, 0.38274961138953867, 0.9444441458404141, 0.8008143516099545, 0.30445140960857875, 0.010818865734030014
0.42307757942331714, 0.049741516222286175, 0.6686006179287391, 0.3591348427207679, 0.19027224493847972, 0.753550661084057, 0.2582906634485338, 0.5870608244033386, 0.045496190526054914, 0.3155599400663216, 0.43296316556214687, 0.05272626796693347, 0.6512991519070296, 0.4618403868985709, 0.8834872742851579, 0.7084209809656927, 0.3006184231061615, 0.5170253192309819, 0.6843861641458734
0.8974349427632764, 0.6726859773635855, 0.033387149041445685, 0.08153144077068097, 0.33482018756084986, 0.8654897546921575, 0.5919195921101719, 0.5213792582995647, 0.30837718195030717, 0.6986237919986243, 0.9440415967805234, 0.44748461390619787, 0.009175638054653157, 0.6286396759639862, 0.6427901385884128, 0.11635099012108296, 0.13611302803001124, 0.09661542399936984, 0.09200547261358905
0.9333994663250728, 0.34963212812025857, 0.7396697684758079, 0.6387306986466664, 0.2049370203486034, 0.16031931133687904, 0.409340329978258, 0.30058558847137073, 0.17866385934475926, 0.36190323639284727, 0.7525135006109451, 0.8233710959111824, 0.5044858845151519, 0.7156347951763888, 0.4004508948397846, 0.5548523990931065, 0.47158532769234174, 0.023494643626310374, 0.5850260135438186
0.4158525100017345, 0.7750794459107349, 0.33469254306775864, 0.07179291986187253, 0.158108283668415, 0.013354497316875213, 0.4075582750610339, 0.5363434989179194, 0.419591216542904, 0.03494019786486724, 0.861714285992051, 0.7855140913939749, 0.4022259690070058, 0.3053194724174616, 0.7911295761705122, 0.9001674667639866, 0.8261029931068323, 0.9652526371257966, 0.5301396031434293
0.18873545338935105, 0.6604108855061082, 0.22018410830978963, 0.441975218082564, 0.06558100515747267, 0.9618385136773295, 0.5475533026789772, 0.9258892270181345, 0.9949609102232275, 0.9375264346690283, 0.7733562749136954, 0.20918094615707072, 0.9611669068561937, 0.7885369284984746, 0.5986058040781009, 0.8215590031149508, 0.29827353594350503, 0.43749662180284754, 0.5732093870033701
0.45215223074538546, 0.821742805699215, 0.9154673567447624, 0.3267247336658623, 0.43962721910747693, 0.2824991624271128, 0.4435080520097112, 0.7216421074081131, 0.3616917927284361, 0.7711140136841046, 0.2726586719788695, 0.026355958183812755, 0.6519549878124041, 0.3398244578340468, 0.20739433466250767, 0.5635648075167757, 0.7211660110242045, 0.24925320127072703, 0.36558636339283446
0.7007316887458094, 0.005527833228595402, 0.5473660142089328, 0.7934336812333309, 0.5977401324473223, 0.7211492867242719, 0.06255700195710912, 0.1330782509712961, 0.3966705679985282, 0.7073221600921139, 0.8206821512860883, 0.643279431790648, 0.038993948102814535, 0.8316571199043213, 0.6650628544659073, 0.921790132027138, 0.16000004377767285, 0.33159649453200135, 0.7487987137097641
0.9977461964773711, 0.468758422924041, 0.2083086836947704, 0.3658272532907768, 0.6963570209971883, 0.439079012215581, 0.29933016213931074, 0.6573171971714963, 0.839961035596734, 0.09872506899810263, 0.33155270858811836, 0.40011040808143084, 0.6621089945987756, 0.6879724745242625, 0.8462482309372135, 0.3155360703277985, 0.9860915664226275, 0.9870382314443478, 0.039436535543258544
0.5163089151377925, 0.8021793459890046, 0.48717695820060125, 0.17890075707857755, 0.17276580281265574, 0.00311796687004684, 0.3776157781397269, 0.3554301360137736, 0.6659431819211483, 0.9182467422088084, 0.017708579365438126, 0.3860680837762962, 0.5034334146754579, 0.7064122030901814, 0.591990533053089, 0.7580768196523685, 0.6505901700530394, 0.7739316705899446, 0.8536297102970638
0.5577972336291472, 0.0406191176179278, 0.18957549764205872, 0.42621430325963383, 0.5376759089124122, 0.0023690739781394576, 0.022824404312750124, 0.8530294970860606, 0.39885344110201537, 0.7564928106885525, 0.10658891598390252, 0.8459626441401904, 0.47113205051436835, 0.8160846252016988, 0.4662132801314568, 0.44903477926395796, 0.1384851151383032, 0.25281638441520016, 0.9065725144110413
0.3990315275298656, 0.6348011702120339, 0.08392186435533056, 0.35520980431885385, 0.42287422428072885, 0.6587796730774064, 0.24044573795246682, 0.4770927409446917, 0.6679733226922524, 0.9575357731701357, 0.9742397285933933, 0.6129129277097406, 0.7941267921601345, 0.7749165052465037, 0.49491378967914346, 0.5095168170500313, 0.04684812713317954, 0.3357244318160352, 0.8859883404927582
0.6828910776879934, 0.1350488033212759, 0.7084293096795579, 0.2235917132191858, 0.08896093762008117, 0.19049433749598343, 0.6402755623088756, 0.28973981753621547, 0.5975975266910193, 0.38334728420735875, 0.6803139058449449, 0.32841334202206207, 0.0025345764318002173, 0.3870640522837735, 0.32186725875598987, 0.9086886614365671, 0.547385125335139, 0.06465652170446046, 0.2484169174177311
0.09779771594456255, 0.2724461718991712, 0.6119382251162875, 0.7246506270419286, 0.5347861966235686, 0.35559602363773046, 0.34032990370156724, 0.71002600667974, 0.6397827671004176, 0.8252231783232221, 0.5709985318032822, 0.12565600055971948, 0.17338404063722324, 0.3215736594072758, 0.5254600191972348, 0.2772998337605397, 0.6992259186031344, 0.6218231772965701, 0.6702414777060711
0.5228638955990709, 0.226682266033865, 0.2418765477846726, 0.889499105003825, 0.5072194714118822, 0.15523030759144862, 0.10131959733526585, 0.8428187926315392, 0.3425952472683421, 0.48791097134326555, 0.7322591206029496, 0.3217785022494408, 0.512229578789554, 0.7264837772717753, 0.13535061111637336, 0.09963536995287714, 0.487443851253763, 0.1159103205716655, 0.9443257543281468
0.4265776320162713, 0.7207412225767962, 0.012035098899217389, 0.025436503891284823, 0.7751950449993624, 0.4421210254337179, 0.8589948439528382, 0.16937889758311853, 0.962754914339264, 0.6030596126479983, 0.6923342966261177, 0.2867501146409749, 0.6295148769027927, 0.5878421513867695, 0.23623146333330602, 0.575316499708488, 0.04385442511923976, 0.25174305696648347, 0.9445656381092313
0.6499615485099778, 0.9750135946341356, 0.29012314250660054, 0.030032204061074985, 0.08961935463851611, 0.11771390949471827, 0.8776680889097086, 0.7523940268874193, 0.31506187901910165, 0.4435002543031813, 0.8364698333801587, 0.23172676268833448, 0.8729217818606637, 0.15196048210262214, 0.7822668341482629, 0.04611407191079131, 0.688530489254641, 0.7057680846902405, 0.9560498840869974
0.8448459697879791, 0.288403217793335, 0.9795437600056215, 0.18322401441907354, 0.36964606903983643, 0.33361054585219696, 0.914201812445767, 0.8545146564190322, 0.6767767837031569, 0.9921003969397332, 0.6726764977537367, 0.20484232573985062, 0.8468979563893335, 0.5693670946431225, 0.15596121671900076, 0.7815740328843033, 0.08573410657740743, 0.9290190128680401, 0.9165538584210637
0.5451649324425308, 0.9503931156657384, 0.7917984370042953, 0.16298407118419822, 0.4798385151212946, 0.569164304990661, 0.02988549219469583, 0.06614041816124727, 0.5288684419141989, 0.47145023946328746, 0.7476676028039848, 0.4649250430643266, 0.14300839254466657, 0.10249849931900012, 0.5527628814199059, 0.5659820981435346, 0.8305789749219993, 0.03515500357949497, 0.5253275921848299
0.3166703031479343, 0.4107907551983815, 0.6246104202583529, 0.921019239413587, 0.8670353679167455, 0.8890315836768753, 0.9297864698158205, 0.9568437124042957, 0.19201733619854633, 0.08060930329892191, 0.6038655614859353, 0.7374426496680895, 0.17251304697398495, 0.9702358170331318, 0.2703316300547295, 0.29206265274623167, 0.8773013725584273, 0.7109023575939182, 0.787311497514944
0.3479641764599857, 0.7466884122655223, 0.0039546983082311415, 0.18339843863825922, 0.7336149836677235, 0.5902329736576952, 0.15251858883200786, 0.7132799374059328, 0.7208324158087162, 0.8133316206703433, 0.4483608283677393, 0.44859479583290185, 0.29540785533629066, 0.5083310964530643, 0.9328022006725823, 0.588063034230547, 0.23457172122128345, 0.1608109793558382, 0.518297263239694
0.24968530053324156, 0.15550537889938565, 0.07864162612794323, 0.31660219300760506, 0.14570629573093352, 0.8793382440654456, 0.7560399788366566, 0.696714956637735, 0.701822299491104, 0.30805424848061036, 0.43469246584589016, 0.5932536102004727, 0.610739828972195, 0.23841614062951944, 0.8686300345720324, 0.14027182843376462, 0.09886976356070454, 0.49580178418153176, 0.5564237649719304
0.08571554258578362, 0.18123006606918302, 0.37448531473104507, 0.6842422887472855, 0.1771046095329205, 0.3555070365911043, 0.8284551180523072, 0.47586173103860285, 0.8995724036733579, 0.4576548885095897, 0.9982623147222719, 0.961901719595715, 0.10966583832356369, 0.1494950298844775, 0.7031331335848077, 0.24240686535489542, 0.9369773257784964, 0.894946769860692, 0.5229182406637514
0.15497019535606338, 0.04040578050553978, 0.05901824701718261, 0.35238889189691824, 0.45120433581270303, 0.535613710052648, 0.38541344952774614, 0.3524266771708705, 0.30662674813001645, 0.8489223441820837, 0.6611825047385353, 0.37195127173667686, 0.021180986594204088, 0.15595173778533566, 0.7029599344252423, 0.7914995198303191, 0.870473878258973, 0.8979625973653635, 0.5221448161556568
0.5692623811168575, 0.05691968009657711, 0.6154990580706805, 0.4535849789928701, 0.18725536627455253, 0.936285383203196, 0.3562752311837639, 0.7062651374492562, 0.40332211864289547, 0.020749163429060635, 0.8909955806835081, 0.37122595431868366, 0.45471090448796103, 0.9260923748155615, 0.09862536633100638, 0.7725112757215082, 0.8114554893684992, 0.4511491935539572, 0.7098795743821816
0.8400291092073041, 0.7430592872600662, 0.9952731267820432, 0.18436142164890978, 0.04214665190779299, 0.5844361581216628, 0.2833032120390091, 0.3459241990351769, 0.5518957343009955, 0.06822635486433604, 0.7944393689279773, 0.19007499433689556, 0.5691774069327283, 0.9741752202446966, 0.5304052307184317, 0.2452441211627775, 0.2465368443567998, 0.9443978983275819, 0.5800736859079073
0.15271628656855163, 0.23822542664518165, 0.8527911566996784, 0.3713620305237174, 0.00797805755476011, 0.0340386109170302, 0.24189091577851052, 0.011478486814787137, 0.0512031156721493, 0.5970903303410253, 0.596853108199631, 0.614607251392788, 0.4045782305037898, 0.26871665582179394, 0.46396877971066286, 0.3321920586288136, 0.35403042588841527, 0.7169188089667223, 0.3675761437167685
0.5465587646399509, 0.9313996846072338, 0.2550502906555353, 0.04214992123599115, 0.2518707401857887, 0.28400310869541745, 0.789270534322638, 0.6978391216009238, 0.9791205592543374, 0.5491782117341112, 0.09384941652244483, 0.29264564607573407, 0.9758215011827308, 0.781362839033272, 0.111290603893754, 0.7736247453158811, 0.8853758641969336, 0.04772477033703981, 0.7421763233465952
0.9609815403798642, 0.039695400899735, 0.7332232994922283, 0.9507797297287548, 0.42801169328187927, 0.10982252720457164, 0.03620919626606389, 0.75613287361129, 0.8031474569799764, 0.2923403784220474, 0.5954729022699137, 0.5416002675097488, 0.005064146341676845, 0.06418557681903336, 0.579483628995137, 0.7763122436905889, 0.26994955895911676, 0.15775707945220285, 0.21601970297928585
0.4958870460574515, 0.1512132328430006, 0.7094184496347903, 0.30124079143586424, 0.6203050516280865, 0.09606911655999095, 0.615135974115358, 0.32481049400442197, 0.8613662652595825, 0.33005831085215587, 0.1542956758074, 0.732097892821726, 0.10709452950198006, 0.8055215513952135, 0.16629140641527695, 0.6531909529607556, 0.4232889967439938, 0.7377871703650442, 0.3578260401247709
0.209297621527612, 0.28446346085605323, 0.521952916170808, 0.7297065497397767, 0.30527381931613407, 0.44351942606758166, 0.7170518755386172, 0.6903732652304494, 0.24079712456527158, 0.504424493013359, 0.8376918461743096, 0.2254100367497035, 0.003770159474863255, 0.653804720828857, 0.35425928573007426, 0.4237941167846443, 0.9133829757288681, 0.3797393521370448, 0.5981648701418125
4.6575404817e-06,2.91056660445,358.45014013
2.67020868204e-06,3.06100165777,487.622403886
1.5159626973e-05,4.855366571,447.439264953
8.90750858974e-06,11.2248065776,582.197861741
0.00182646590428,26.1151489339,720.928674213
0.00353351451027,50.530011638,1013.32280518
0.0261005762607,98.7814691841,933.435175287
0.202157207241,184.757655035,1375.11847336
0.374343822919,396.9330146,1472.25322112
1.56952540313,725.043374023,1581.87148811
