$x1,$x2,$x3,$x4,$x5,$x6,$x7,$x8,$x9,$x10,$x11,$x12,$x13,$x14,$x15,$x16,$x17,$x18,$x19,$x20,$x21,$x22,$x23,$x24,>>f1,>>f2,>>f3,>>f4,>>f5,>>f6,>>f7,>>f8,>>f9,>>f10,>>f11,>>f12,>>f13,>>f14,>>f15
0.8168466573786699, 0.24005724678732743, 0.6074437008031782, 0.9433257268192491, 0.5658687829509947, 0.42459538369656635, 0.5203238592120756, 0.09618613759952854, 0.5422322156123426, 0.5186595198316107, 0.009736518188605547, 0.47862443204000926, 0.10639477709207612, 0.46121340709136494, 0.3068969651079686, 0.5841934020969304, 0.14801857679917596, 0.8439881402046538, 0.09034613780921907, 0.3443011830563276, 0.17168552477050802, 0.007052396662064475, 0.7114203716717987, 0.31845425837835784
0.955240570195858, 0.3745237780277021, 0.6380560910251583, 0.3469023624204721, 0.5061572382031587, 0.12821099817071602, 0.6057768044931857, 0.6118409682105351, 0.7397821545737734, 0.4988968411181852, 0.5027076858886474, 0.2944058296458686, 0.5212338153901633, 0.2484738448878545, 0.821948880039905, 0.6573519686252964, 0.1272626158589798, 0.5006987260852486, 0.5820206491905576, 0.018772035888228955, 0.1569383334337373, 0.6624012527727975, 0.16674592023026324, 0.7514507910776832
0.9297455082870589, 0.5864326177796558, 0.06805459093577504, 0.40642425774382174, 0.04898632871084119, 0.2625893719761332, 0.34566697873961283, 0.9090097727459754, 0.0744516146784251, 0.9429962535818978, 0.4606698885578594, 0.4184796318536611, 0.32338498492907375, 0.8166111930596697, 0.6715417875540989, 0.6545438985948537, 0.7997495709670425, 0.9274508450022104, 0.7188248948018131, 0.770455660701668, 0.7198393715361154, 0.5538490352857389, 0.36590841162381627, 0.6186298971288993
0.19114843350383837, 0.6787261897165097, 0.8667067253626984, 0.3369659782036528, 0.04070092412235782, 0.6990731202963072, 0.33859891922297336, 0.5774979006952804, 0.0224232737882063, 0.043895145174628336, 0.8788905073387061, 0.7932349543572585, 0.28925084499797016, 0.9388510935263557, 0.1660030430906344, 0.5567381785658085, 0.7975462517242281, 0.1640560361413812, 0.3703428455344192, 0.4135075911308105, 0.2923762838320835, 0.9995025360909146, 0.8141062271912919, 0.7473828404697757
0.05768693032876271, 0.04496031684526536, 0.9110064502383829, 0.7182391691522557, 0.25581240955561557, 0.49929960874055157, 0.6835110222181959, 0.24563473823258053, 0.12846148182925365, 0.6242185476978933, 0.9691489416572047, 0.49467940728586, 0.6176085237882105, 0.8458624686652433, 0.9724305829070382, 0.844144078087303, 0.5686910029776518, 0.7738215952716115, 0.582989120975302, 0.484961163505088, 0.4231817361281732, 0.9126170746906149, 0.09036079031715527, 0.545001684375081
0.7588621265681422, 0.3230677018147625, 0.7435687993669141, 0.5082134699894917, 0.948611984531458, 0.9256909396815863, 0.42755316192007253, 0.972634242643075, 0.3272188202446943, 0.019605319828366108, 0.7575390702765142, 0.546868194146793, 0.267721971841968, 0.7152581138882365, 0.9306819967094602, 0.02122539613502461, 0.5555567797352317, 0.05064728643673999, 0.04858723408577448, 0.33897488619748006, 0.4890723302390828, 0.9828910856824739, 0.7298489705032774, 0.12267352904018924
0.21853286928558013, 0.908605422208792, 0.6438445852776775, 0.7025290363263286, 0.15560406432937246, 0.8160157935110521, 0.3897282520461177, 0.9676500781311487, 0.24168025841591112, 0.18581359160137112, 0.3960689035060888, 0.530239549428934, 0.5206873781974815, 0.02056680896095775, 0.2684142116066368, 0.6582673389329337, 0.9895673495326215, 0.7364216189622482, 0.24160623097822753, 0.6590942834995122, 0.9144318423200296, 0.9996825935386621, 0.5887271497584813, 0.7113842046442869
0.04780370633344866, 0.7473246032654732, 0.24943180608203352, 0.8464006335602295, 0.8724047561434916, 0.8795703162591815, 0.7950413524128521, 0.8536712499185191, 0.0935987528025446, 0.9204654738129775, 0.03817318672319614, 0.2007731800966881, 0.3090414649283568, 0.1093216008889708, 0.7914102484139828, 0.2481577445456402, 0.9102117224273217, 0.0020800125751809784, 0.10954678274742924, 0.6594260549440892, 0.41217882116186033, 0.9764824108625433, 0.5010870562210586, 0.7938229487286871
0.11252018185229806, 0.1257705456822409, 0.7295886548519579, 0.01187057785287493, 0.8714891999730243, 0.01893195067383835, 0.9661980848512317, 0.4689605228400684, 0.06802737032520312, 0.9362851679144977, 0.8986094689671938, 0.8677048945057134, 0.9268684084463436, 0.9204594192162683, 0.034656538823890415, 0.06413826321012361, 0.01683884993031992, 0.32569843955569433, 0.32651528812408426, 0.07269149623136473, 0.7409244104058701, 0.6430601065093879, 0.2745390814450207, 0.14811817530333848
0.9232688646516619, 0.7255322873185209, 0.07178217603243153, 0.1980319481647339, 0.1320709227958854, 0.18174439991069502, 0.6867207572132994, 0.23501380504845437, 0.004724985364898071, 0.06669966368601365, 0.04671497644336042, 0.05625499876597451, 0.5624206732918412, 0.36234026639961936, 0.9977571574634245, 0.7876761423227377, 0.8352971912809962, 0.3688359971617592, 0.41087550614301915, 0.6048291287154944, 0.5623034938469071, 0.829719512477224, 0.6509571584664852, 0.2437556360269736
0.1637895249444823, 0.8257644913682578, 0.6929527984724394, 0.5092324532890471, 0.15470814089920815, 0.2457936241747748, 0.7954278378570027, 0.34946059057269097, 0.2137202536016497, 0.930250104312926, 0.9841137375437088, 0.22498777437914297, 0.4477401917250984, 0.6529805372499107, 0.6328687736398053, 0.8871839758053984, 0.4462683798206516, 0.27025443893320134, 0.9462250705798049, 0.1809823027527232, 0.6438353364206223, 0.835339331139587, 0.10554469686672496, 0.41959243421047965
0.7309040838560669, 0.0887148149691398, 0.7619213057003432, 0.025106042166960996, 0.8729377158613228, 0.7635382807875458, 0.7206996696196891, 0.5425958794442385, 0.4591761526842788, 0.9455398758070469, 0.8897993543517262, 0.5713097778037445, 0.4353597083021843, 0.3958651569913454, 0.6586753842447027, 0.32491957021337314, 0.3098817767741112, 0.6513659654891714, 0.542616621769817, 0.5079135394843518, 0.9921851613851714, 0.6507993407697396, 0.8822508306423098, 0.5495225162109463
0.09378734824353929, 0.518999593199692, 0.2927151264219451, 0.08725167876182649, 0.6027544398601096, 0.6362565760231513, 0.27833808937389504, 0.5131835684374912, 0.6655972714311731, 0.3600403877320566, 0.282904844988778, 0.07520445671433595, 0.8581837115638659, 0.8639809238338039, 0.5741186772326622, 0.7718578312786577, 0.8395230524836386, 0.6324616572283799, 0.6078740001463545, 0.5335182265588683, 0.2903815666699495, 0.6182051143848156, 0.6650319184728798, 0.4610331121248916
0.9416572752490595, 0.5253001967505952, 0.02873068883867025, 0.692739121810379, 0.20003862172378728, 0.7449655340172905, 0.29386850525459274, 0.16507034238613305, 0.8254827961666709, 0.7710997857256001, 0.5375543039867886, 0.7419399789142481, 0.44961168616411784, 0.14972692603690385, 0.3303621027539554, 0.13214063355320227, 0.6534992414270447, 0.2438471813269084, 0.3154991047399375, 0.8622822712518617, 0.7218613655856605, 0.6667501689973139, 0.2529791424428509, 0.7227160622563313
0.3664347389204764, 0.979315029608812, 0.025209487776917783, 0.31005667793577507, 0.8153985301873865, 0.49736601166908867, 0.2209548409134483, 0.33210379525189015, 0.3099371845644775, 0.4209699394155001, 0.33363646475197406, 0.4221104265573572, 0.854344797881835, 0.4739418502797377, 0.8054039789469782, 0.44458060088643503, 0.15730344289332, 0.03900023771745309, 0.9948637691317039, 0.8843815245557877, 0.17148245291542064, 0.018497008782114355, 0.9012899789842228, 0.9875465422588697
0.8967953652088823, 0.010188370628539833, 0.8046323075715313, 0.52111308684581, 0.27465202351906604, 0.11907913190218655, 0.5527224027261233, 0.549414493226642, 0.2697242163053599, 0.7296497305174143, 0.6318991030290522, 0.7104208281753082, 0.16511015840163712, 0.7234435810822817, 0.9020341488840625, 0.28684650639572395, 0.8121696660488127, 0.5139703311301943, 0.7003515924664709, 0.1508750446759045, 0.5411229771613503, 0.7391424300292657, 0.9307173840660133, 0.012833162137045884
0.5881555027462939, 0.2728815204683812, 0.9182793645961208, 0.3167665077876889, 0.9315255765445439, 0.956342745223688, 0.9701302932864289, 0.21877460547666017, 0.8657927938966735, 0.5114581324433428, 0.5203744996405788, 0.3791036766835185, 0.3288035293223126, 0.6242150644640544, 0.1463965779477716, 0.3168742732966371, 0.135969939157216, 0.9249247627333262, 0.5529852688367608, 0.3088807529689853, 0.9236580995680411, 0.5111592970347076, 0.719992336428874, 0.07627728469945672
0.3405995238486399, 0.41327583469407836, 0.7853857807107016, 0.7056948473737058, 0.9004593460580759, 0.2083022883022113, 0.3291713661333213, 0.013447098221135323, 0.9013033279601294, 0.1321152637388575, 0.8852028374824683, 0.12938080844374322, 0.8070449577441948, 0.9295393554723831, 0.22210832235814426, 0.6530385030612225, 0.006719340641848537, 0.9033677092144895, 0.49616531650084095, 0.803601165202277, 0.8214378809538314, 0.006489471837990313, 0.6678836869505715, 0.048360658485771646
0.11122931524727508, 0.21559071041633937, 0.04956970245487535, 0.936291618594045, 0.2650450120480946, 0.791229648233779, 0.4458017525893161, 0.1427268000434201, 0.9522765274978332, 0.625234017142164, 0.16325118210686185, 0.04808527860687317, 0.37380148642556954, 0.40162646248027467, 0.2555730395719791, 0.9271414663117156, 0.7504841178366564, 0.28042472197662294, 0.08241459489700775, 0.5524795670459653, 0.5525324136573917, 0.14751915536271232, 0.9646001246557044, 0.8227548076314101
0.22937776640519658, 0.572383046556448, 0.9060539026461975, 0.8020669501708341, 0.9054343823203457, 0.3689704056721058, 0.23091365121442997, 0.559305120319948, 0.7297340456141482, 0.09548840679422843, 0.19695096294710557, 0.053460448661560744, 0.2063842915623777, 0.2518193598691679, 0.02509732529511588, 0.017194054114385682, 0.05276354836663266, 0.9221138645566989, 0.1273081812768404, 0.613019354769393, 0.06778284189525319, 0.9767310372749974, 0.8367512030561295, 0.5899085897768291
0.2524734061537782, 0.8087841630754057, 0.567166946027374, 0.5844841761780866, 0.18193446194944118, 0.0948246529911494, 0.2605895707373105, 0.1985105129694924, 0.2484465864745029, 0.04990858115641561, 0.5894112337678168, 0.15193295224143855, 0.4328392956797461, 0.11778424831356427, 0.08702331631067106, 0.8223705123418108, 0.19388759665786126, 0.7586515056697778, 0.7454011489460229, 0.2670367319286049, 0.2994675812249298, 0.9713978804127782, 0.25781296578606927, 0.1336089030650428
0.3283187728854795, 0.18764763837661524, 0.6823617770349374, 0.11719755945773758, 0.7767982459717531, 0.636456847931286, 0.5837834381111154, 0.5274287276007811, 0.10316304885440541, 0.2555966236150715, 0.09721635036445875, 0.05879085557899677, 0.7143004642620397, 0.15053361217354666, 0.8297485718636083, 0.6221960919813528, 0.006862886639374177, 0.7160170407679992, 0.7770160588157017, 0.04424675639109521, 0.8474406322658244, 0.16608031074649376, 0.579076933130355, 0.7657115173833607
0.38716347149943364, 0.18687390057751685, 0.1674611677893103, 0.8662901052995295, 0.7670400566653754, 0.06571598420847824, 0.3080320259271767, 0.7780975157649934, 0.9296293927871172, 0.8958611014858058, 0.5542108418871046, 0.7805437104378681, 0.041393768812729825, 0.5595612369526567, 0.16267036789517675, 0.1750969674422579, 0.5374252581600176, 0.5660107008140465, 0.4678457664281366, 0.8643593474670448, 0.022916689254999012, 0.14925702496336868, 0.02385011328544695, 0.41541980962276515
0.9117238671622827, 0.32043273706494546, 0.18373589736936902, 0.7962987002805878, 0.8778688885839857, 0.9683687114070632, 0.1713487014577204, 0.25497808954760426, 0.5216054576001364, 0.08073543710859021, 0.018772525413427887, 0.4522047938907896, 0.10920795852367748, 0.8769460975501311, 0.06892419778087733, 0.649236224998617, 0.327743804902336, 0.13419059276151535, 0.6301571639388501, 0.24302490232179752, 0.4878824059709711, 0.27325026814059683, 0.36869147143454084, 0.44637048798675005
0.9229848420508626, 0.30802237854203085, 0.9084252992965414, 0.271142397066493, 0.5142857026167882, 0.7196634290616573, 0.06349104286595286, 0.2990663686962809, 0.4450905391948572, 0.6289449885258233, 0.9788109124116674, 0.501945214632845, 0.5788185441779555, 0.5300019063496476, 0.6735852765191013, 0.1809497473164433, 0.13379222297363336, 0.7108736773817863, 0.7361921720976553, 0.6555982225264266, 0.16756954833506577, 0.8645032059611415, 0.7337435741963261, 0.3331291450825936
0.6909216154376367, 0.6504258148822485, 0.33561776305913604, 0.6324466431365282, 0.29247333070348736, 0.8518630000482181, 0.06390311227647116, 0.08939955246671427, 0.911816764961692, 0.6097236680489952, 0.8423528843581116, 0.7073320202267827, 0.8049156642895025, 0.1361846397903721, 0.39513952217446235, 0.08514413915136843, 0.5032374626002623, 0.5798001182645245, 0.501105913019602, 0.5525385502378819, 0.4426852029233149, 0.6392396263853193, 0.4201341309459833, 0.6325020661416505
0.2938824963604124, 0.8711859811417119, 0.274094567849833, 0.5176261604999187, 0.6819732498362348, 0.0747319403628226, 0.4528528128644541, 0.1451951242567604, 0.34024991717555175, 0.2239953193402764, 0.22718022121412362, 0.3356970940044006, 0.1338420295960715, 0.047379764561671256, 0.4453188069445173, 0.9442740542772714, 0.2776143306123834, 0.5831605135744614, 0.8915999340099879, 0.37284487067874983, 0.6327359838700649, 0.3108388691793412, 0.34985054644897096, 0.17843563622431613
0.07827461902083166, 0.16670524072822823, 0.7715096530741657, 0.3259772629469918, 0.29711783050949525, 0.6955569616127714, 0.2569249866796789, 0.0848801919240666, 0.7426950806270627, 0.7987857644680126, 0.7776898433466356, 0.8193512507392824, 0.17523608025265114, 0.004632632530170877, 0.33041222124021197, 0.2741391231992478, 0.3241401984079848, 0.6524760480999222, 0.9842193031510128, 0.5982167021373632, 0.18627130554062443, 0.1886206799686989, 0.6720617791950105, 0.8644396954826249
0.8261187884072381, 0.3805954861957672, 0.5431805480354108, 0.6006154116949033, 0.5815903131351582, 0.9771198536647492, 0.8917611399887985, 0.40805349683231995, 0.031976405702854205, 0.48667523196155316, 0.667141310443465, 0.4053997889509874, 0.030845876777392256, 0.6461786211796108, 0.5633373172538065, 0.9858104198581764, 0.037149005084296416, 0.7156214247510476, 0.03231523948764525, 0.5831428790541354, 0.5183000426035126, 0.6078572782586104, 0.013102616011968604, 0.09244699551500468
0.18397648013589718, 0.3784498488095983, 0.53988491753254, 0.08397887096228462, 0.5176910609822499, 0.07449114680875446, 0.9579645991152609, 0.9757557924676586, 0.6492868267614851, 0.7739515396036203, 0.9428960690009581, 0.6382090293804853, 0.813515393532301, 0.2953253437810712, 0.9624791428121308, 0.5221267188015183, 0.6205925260111722, 0.9008211090903027, 0.5129292435093333, 0.7435283633809013, 0.9634271618284442, 0.4531988124688038, 0.566843428629322, 0.27913175700566806
0.4868733424300038, 0.9878920153810701, 0.18832868386203638, 0.9945684148151087, 0.18637652464366927, 0.14057614244856398, 0.806480736600005, 0.6611137003964812, 0.8551732225290342, 0.8290091140302215, 0.3957164569730949, 0.10200524285055812, 0.4895892259120751, 0.8424075668945398, 0.34627227100116353, 0.7620482393385409, 0.8227936128954749, 0.7983660561232164, 0.4516219699644288, 0.23120280300314733, 0.7995370528758365, 0.6937313659767844, 0.3866305486302748, 0.042162699286706684
0.29440564212811293, 0.9880273733389225, 0.22756195816931302, 0.45942053486520207, 0.31029573246612985, 0.2719599139564327, 0.5742116085894572, 0.002602712926732753, 0.029676036958534047, 0.18932123165858727, 0.36607576657552976, 0.8618446225763335, 0.732606821962078, 0.7818619453039009, 0.4450774540490823, 0.8211188630806678, 0.2737707327564164, 0.8675935484662471, 0.39381578069997836, 0.04270060781640872, 0.9365204815562111, 0.46834008794833437, 0.3778784675585316, 0.38227283559550973
0.9631687852739166, 0.8491190215497084, 0.031384324796299046, 0.2491290619619161, 0.9527670197471452, 0.6951990899670062, 0.39622378214021314, 0.7850818009347602, 0.45465773761685635, 0.6644871553895064, 0.7455430635305614, 0.6768503165742641, 0.8621503589820001, 0.8483482564077949, 0.018803446483084296, 0.6935093306209335, 0.04173540785097607, 0.8640028850380577, 0.4529865496076084, 0.5115644706954225, 0.7580704202049424, 0.07439795418402062, 0.4922139815533305, 0.7933781639990597
0.53156581496913, 0.8594439205717584, 0.33232685854442, 0.2849460718140975, 0.6213885924389789, 0.12361080299477656, 0.5264068934452216, 0.8522484154895462, 0.9522615204568211, 0.28379252112808906, 0.520863082238332, 0.9594375281363917, 0.5636838940713886, 0.2631459514163388, 0.4854869511102162, 0.2673716110271155, 0.2441351883740268, 0.530392131619591, 0.5373981906410804, 0.6470175116411009, 0.41408986687867066, 0.05954330817794984, 0.2374877801837969, 0.2062384405637835
0.9536012632165616, 0.2827453146870337, 0.9045212442825072, 0.8394148689405581, 0.4825448232881182, 0.8576111894209654, 0.41884243891360284, 0.7490920758993321, 0.45059583650695956, 0.7050680499320345, 0.056027633363534224, 0.5125489331061611, 0.8949678266451546, 0.17478223794969194, 0.01423927519560697, 0.19552897183442164, 0.5622652548235006, 0.549319961989062, 0.8176223409615233, 0.43047613070965207, 0.35986805389101173, 0.36068863394972583, 0.6499958218599615, 0.48142278340840916
0.6122937421726934, 0.831102732717998, 0.7108718028111, 0.4311122291011896, 0.9652585723997397, 0.8806781512087138, 0.9250003836803018, 0.7595418538940609, 0.826392332789034, 0.24378383298529926, 0.6513791900388162, 0.5462786981250998, 0.6740573934288904, 0.5949165988262488, 0.5394269688148176, 0.755107923184489, 0.8808823293163003, 0.22331552000518995, 0.6103511901446865, 0.4047145513715198, 0.5211319646658147, 0.3016000160343173, 0.28887211648667777, 0.20635798363183366
0.42600681061490553, 0.23116518267815522, 0.6293827392140623, 0.8031347013412173, 0.30181446214469865, 0.8871989875957493, 0.7695385511989395, 0.6810256682106796, 0.460751892831752, 0.9586948624442341, 0.25454749483694805, 0.930296956253859, 0.5752141019381343, 0.9453011837431877, 0.20326933244513923, 0.8967152560907266, 0.9027951300131026, 0.48655561765145816, 0.8045723736001246, 0.4395977239689285, 0.47452152177716866, 0.3497690507078267, 0.8652464199235226, 0.3772146840847299
0.42382508295683674, 0.7827281664580625, 0.5104031387584631, 0.5606779798102027, 0.9006152100920622, 0.687129802896191, 0.2568237798365709, 0.9643739015441588, 0.6143864996425799, 0.697498399934859, 0.1321532480009946, 0.7864644956810674, 0.42583068237668453, 0.4114949602668627, 0.29693075411644143, 0.7182975617186893, 0.025623737552589843, 0.6161965674451856, 0.005020561435288395, 0.2429600357091184, 0.879763859878277, 0.0006364402120385693, 0.913834989973311, 0.0871326972459171
0.7947075540172677, 0.7674028413849779, 0.08258748940692484, 0.9834777407803129, 0.39601048636463354, 0.2978984779701611, 0.7710564936362624, 0.4195175296089736, 0.5107708106948984, 0.3550171930432058, 0.7134408303089369, 0.6510736741441083, 0.6232917118849349, 0.9271913953165278, 0.3817616846984955, 0.4745890040001719, 0.8970904766534986, 0.19609763619975384, 0.936249817931995, 0.9118036011892651, 0.28356483180075065, 0.6263406786547918, 0.5942496408742952, 0.6567546648138304
0.6815844088542143, 0.1548429123467181, 0.0028564235138647254, 0.7402496830812567, 0.9780255936285732, 0.8981494963768568, 0.8653109471627564, 0.12203052743108689, 0.18546221334648827, 0.5863449288210363, 0.7498206272793306, 0.6082372092536165, 0.3563375332467432, 0.6991395210048013, 0.35500404436625377, 0.8787806238791759, 0.23278330659155277, 0.019105776792927354, 0.04187721873505623, 0.38741930482898235, 0.4909798492616718, 0.45371064357426183, 0.4554886866473853, 0.5044465040969872
0.1842067803939178, 0.12275060929758219, 0.5798399676085686, 0.3303191626594819, 0.9173426449244116, 0.47941938765558967, 0.26819067747327796, 0.6405142156592606, 0.6795467158878531, 0.24429539062412986, 0.36170956045502933, 0.5767801247684728, 0.49362797104054745, 0.9681405429316535, 0.24928068799450565, 0.33126582359886425, 0.3596122742308868, 0.10625750583388804, 0.2097472613866087, 0.36161841586199783, 0.42825838810803873, 0.8422116075214818, 0.1353853546841597, 0.23864291605897536
0.5312332074282927, 0.924853471396059, 0.8216992335218052, 0.9284260028977062, 0.10839147430684615, 0.03520744793672903, 0.1906806485037832, 0.4596073472764739, 0.13453284922073783, 0.8424204576080246, 0.3719739173380777, 0.6092839024630216, 0.43702422273905417, 0.5143929677479695, 0.4107483248190996, 0.7741251274658952, 0.5568384225925129, 0.5663152417121609, 0.665533647893745, 0.5166292582031786, 0.6567472066374208, 0.5267048624588672, 0.01587280057502638, 0.0578815455742987
0.17942488965344183, 0.2658555963113266, 0.19786186312201803, 0.35724902735615205, 0.28205569678896003, 0.049738864443154895, 0.18742965541874468, 0.6960582342746119, 0.955615649907498, 0.7634906693014125, 0.3497905185713599, 0.5690109906791928, 0.025640172833721775, 0.6733050866599586, 0.9143242559158856, 0.7194164104598529, 0.6933883307063115, 0.7110228691415477, 0.7842264036722264, 0.7852979271396103, 0.4845030587293705, 0.9678731824498528, 0.6550717544301146, 0.9295917615990127
0.4739244059523591, 0.7645567455479358, 0.6474803834145566, 0.6779768379720791, 0.03977160450810224, 0.35575007573367334, 0.4172602528467849, 0.7289473362979967, 0.4722202049085783, 0.4836508599604371, 0.14929693443874792, 0.4559979000098845, 0.1919668389741711, 0.8629295389659033, 0.7170684499924824, 0.07947163030380222, 0.5955946555917696, 0.20493167620039965, 0.7495400406005065, 0.6257839848141371, 0.6798795937546849, 0.2513788361279682, 0.03142341404765392, 0.839656625839366
0.9472320853216586, 0.06261590080447821, 0.24957705998563395, 0.4222695890470386, 0.5410837039351335, 0.48049249613664247, 0.15737181909313225, 0.09646313921714444, 0.1845834190839648, 0.24624489478623446, 0.9401040448814088, 0.5205892874716389, 0.11477619486001867, 0.9097207986595095, 0.9052603003900803, 0.5691884523441109, 0.4943820768373135, 0.6907280117472723, 0.2166365938288537, 0.9877141139063416, 0.764264104333147, 0.6917420493296373, 0.42505334960435204, 0.7972738841017963
0.583405590337746, 0.45637139529547555, 0.6999372269457598, 0.9253039315072541, 0.17236488473166722, 0.6110787713373862, 0.9980826706383109, 0.9263122637115726, 0.8214565545106275, 0.32744295648814614, 0.2877821457848, 0.9053390506581268, 0.014994398854948243, 0.20889212865862017, 0.7273331627541633, 0.3148402551490408, 0.702148711426051, 0.6567839102065383, 0.4319444742089108, 0.8067010783925337, 0.6428423180936552, 0.03262476684063065, 0.7939591292655677, 0.628534475471589
0.44969862698235263, 0.2798703432330417, 0.1033164406163034, 0.8970075538353054, 0.6884014649032711, 0.8141903559885638, 0.9007779887406673, 0.011034137130514377, 0.2985089935713552, 0.6655422943799751, 0.20901816657401961, 0.4854299440475739, 0.16700566086863533, 0.5025345784204023, 0.32941518826306226, 0.5852966389869929, 0.8526819261231514, 0.7390922231463816, 0.6215381044113514, 0.4786215303668806, 0.8241916506374349, 0.007622202752344265, 0.6173437703803524, 0.7068426555103419
0.23604992608233633, 0.9876994288712008, 0.8075008655993714, 0.9459523025071878, 0.6882840249319848, 0.9720464705001204, 0.19059902970032672, 0.3579465329936993, 0.8064307172369052, 0.33226240767624704, 0.18307779748958675, 0.19091562715799482, 0.4086074686980512, 0.03807668028840361, 0.5912838284290216, 0.032144136352209585, 0.46198089621888205, 0.14610121656379382, 0.960290606399671, 0.9277200272194851, 0.36509931708063115, 0.46743219390849045, 0.6845054420217642, 0.8442506125138912
0.8269775315836355, 0.03346388708059178, 0.2774909910873089, 0.29730825637603986, 0.08829880959011904, 0.7751743834885346, 0.4728438058115283, 0.8013624287282527, 0.19727928687601437, 0.8407295149537065, 0.9549051961337882, 0.389664830945208, 0.9906001173911422, 0.8267511424486946, 0.5039524961315444, 0.7200127924578541, 0.23029782886626926, 0.1285564214393744, 0.4420600673540809, 0.0822186962940098, 0.27161703053846753, 0.41013005975194083, 0.5445676261327991, 0.2801339631543377
0.04409064110950478, 0.35789594824071824, 0.06578271629765098, 0.92937168160256, 0.07608435000914215, 0.13861258668855136, 0.8581856430297634, 0.7789507337944935, 0.5529977267403047, 0.181223020928454, 0.7546656372477647, 0.2767366370886174, 0.11178935511160615, 0.749637231693836, 0.47278316432282186, 0.11068501735681158, 0.09931507246969562, 0.13079117000980434, 0.696363167274875, 0.8482154186642731, 0.6134184836795686, 0.43503258903527264, 0.19314068667122453, 0.4661031481799859
0.310287752655404, 0.08240491836866826, 0.751099677144098, 0.9824931624410175, 0.2089469282267079, 0.8957547126862241, 0.43196746160202304, 0.16531791168407717, 0.5710232357086369, 0.8447413119698614, 0.2404813802873934, 0.8299319581596284, 0.9922889334405408, 0.5182336105054378, 0.298119964406636, 0.13609750240231666, 0.793405023156921, 0.41872405235850807, 0.5543858559037008, 0.015645556631074586, 0.33157931920700157, 0.6719346886974407, 0.021211098207986945, 0.08363523091694303
0.6399657095060467, 0.4481902956219338, 0.8111854945797563, 0.3957631797244906, 0.8806222989364182, 0.958955406745973, 0.03155999268633802, 0.40061979005183324, 0.01751236517462118, 0.5973711508074787, 0.48407584589009933, 0.31785837319486865, 0.2694423521150243, 0.9971780952531929, 0.4304500663408668, 0.6717140967619192, 0.8630710163052061, 0.9909985964551398, 0.27914239467619906, 0.008605348515682065, 0.4053450594885978, 0.0011669541546671658, 0.2812520823994785, 0.32951352004994183
0.445354666735966, 0.37428024513899794, 0.6208297855685226, 0.42676454528567487, 0.5747739409674886, 0.20752179654554703, 0.14945772501896404, 0.22468724657661576, 0.3580098375917753, 0.597032181370286, 0.25733651606720676, 0.13659290488218956, 0.48993044319357393, 0.21288548761814907, 0.8190438745559246, 0.19625967628419727, 0.14800594829204583, 0.3993365559383105, 0.5138192816616028, 0.6319156504195403, 0.18956142183919733, 0.8058902777092894, 0.13156854839600696, 0.5590391157129224
0.46748815270298205, 0.7861515910620206, 0.06820846509014378, 0.579106736053025, 0.7215424892584329, 0.9971539634183941, 0.026164912765228587, 0.750653594332811, 0.8595411365111532, 0.05293598606882732, 0.9072677251855442, 0.9577609648822721, 0.8223039465321407, 0.9672742866101667, 0.3519652901803858, 0.7350659418864942, 0.7736511605158674, 0.7992034311504008, 0.11305597512862653, 0.041310925445935176, 0.22259473626289272, 0.03820221131680279, 0.9192029038280313, 0.5662952414577511
0.7269366641203696, 0.07563232645366225, 0.608152688513072, 0.6587905265761739, 0.9978625250584412, 0.0944854282315889, 0.06331097680830144, 0.8956218338645464, 0.4138277166902884, 0.8788837352057106, 0.6991840757349256, 0.11334325167368364, 0.41541518905133124, 0.7234718587110428, 0.4645131657130942, 0.1516456575230618, 0.8055654614415799, 0.9698777903125082, 0.10649639237035191, 0.8331368092989623, 0.40836565210659725, 0.05728056058973696, 0.19295171486957774, 0.3495127627689597
0.8491027861069225, 0.25489425673887145, 0.13941833518726054, 0.6266558721801199, 0.17497630944711307, 0.662233213898645, 0.20815788569267257, 0.59046152299564, 0.460636027213, 0.3912260711578952, 0.20878962719203153, 0.6711418516536362, 0.3806047477978828, 0.07812102130984788, 0.41347502629125943, 0.02380267899258337, 0.02517236002071077, 0.5397132011233943, 0.9289804371248678, 0.7677865752813728, 0.8258790751686852, 0.055614612203015334, 0.9016390720012272, 0.30610689096339927
0.07847559088149492, 0.19337147063291615, 0.9364054486474683, 0.20511996315933745, 0.9613612386695648, 0.4246345767855153, 0.7888707570406432, 0.22180551241929636, 0.6075026579893649, 0.29391456537772864, 0.7301209223127415, 0.8204704168474523, 0.616459975824034, 0.5221008076286939, 0.8583199904987584, 0.07058284452256036, 0.8801251836727402, 0.9741538726732152, 0.5636064856388697, 0.22990070049474787, 0.1560845817437232, 0.9936909446455122, 0.6680674466620533, 0.4518299127734893
0.03579252936445598, 0.5904897619896204, 0.9795153502094162, 0.4528510551418963, 0.45074671660960774, 0.30032451187938924, 0.7840991247985032, 0.21836193650044367, 0.5179834368199452, 0.11896556583647033, 0.5571730091819276, 0.8035945838873247, 0.21301385119083294, 0.5247683937345196, 0.581214760223057, 0.5051434103380792, 0.6085649443130853, 0.33564899120739267, 0.41668931406644616, 0.6588884403332621, 0.3485020626093215, 0.9763951587873447, 0.04838159103440465, 0.11135989008897407
0.8175964724645898, 0.5815643170042704, 0.11632966854058713, 0.22472323862154897, 0.5377617841678134, 0.7243016689423246, 0.8094172937734702, 0.20679376197644805, 0.5426103571359695, 0.48667582284890665, 0.4508714278845374, 0.00873095785407696, 0.04388921710404714, 0.9607675526674235, 0.6113274196813911, 0.20688031701731047, 0.3086061003616144, 0.4408875431009024, 0.3872226371255608, 0.9493628722898155, 0.5160856666152968, 0.33955438808255356, 0.34972949844258905, 0.0864343645793384
0.9259111072199671, 0.2038729747656356, 0.6967844176248738, 0.45046992305128586, 0.18080484614867853, 0.2594692305311471, 0.18479016639765034, 0.7521576687478373, 0.5268636997441571, 0.29172794213912734, 0.05693389002060123, 0.3244771411914341, 0.2844011729266468, 0.7640056829306079, 0.10761046190915957, 0.6702199756064183, 0.39791427678072566, 0.8433254397069412, 0.9922031866631761, 0.9839923557572492, 0.6562805032917854, 0.8377026363414035, 0.22101662669581146, 0.6863326885838296
0.6185312275785897, 0.7167743535689304, 0.6922806492918135, 0.7296753229617119, 0.8776179177396654, 0.264264252373725, 0.2838789003755535, 0.6582262210797628, 0.7174821797335856, 0.6534250287371234, 0.47889783024715893, 0.04619635267248279, 0.754135362946641, 0.09783842070606796, 0.861154186192385, 0.33625611873922223, 0.44022286896340823, 0.42660392459725205, 0.09541512951326536, 0.49176714045795944, 0.017566015104097166, 0.36401947891615727, 0.2081082241109603, 0.4785527404315846
0.9012844460926951, 0.5232528058993199, 0.43282011736343007, 0.7605152732130848, 0.7126476973779496, 0.4591077497653616, 0.5780276371248172, 0.3645917916944401, 0.06014040786580166, 0.8950682021211264, 0.9284014990383868, 0.5124835973108571, 0.16886625308963155, 0.06682913291502779, 0.5886648135264095, 0.14441964535139196, 0.9219251057142344, 0.14085222179874812, 0.24260771653074398, 0.9191216923369298, 0.8957048277361364, 0.7336502946757827, 0.5463260392268439, 0.09853688606435118
0.24304282517318232, 0.35709983709979964, 0.4060367017740194, 0.6225306284937092, 0.8794265465619402, 0.776469433325408, 0.8725823888712559, 0.09363388584776278, 0.6499688813355894, 0.7894749669474243, 0.9180690826164564, 0.3637398074557038, 0.2072076674820681, 0.3829847922679479, 0.3298489592096173, 0.40064644927476956, 0.27703692486791687, 0.10361404881055059, 0.33334991064038744, 0.4066814418881436, 0.0939048248231521, 0.9160241067336716, 0.7486199162406829, 0.6931554904465685
0.4811632963672374, 0.3326650240994765, 0.6326589557523172, 0.49817399600608125, 0.9855522719304208, 0.5231326575534269, 0.514922803192232, 0.283637432750391, 0.9271834663583062, 0.18222324138692247, 0.8347292259229304, 0.6484037661171486, 0.07004974330325786, 0.509168339603988, 0.19253573982644578, 0.12850956066606378, 0.19056995126944454, 0.8411194255012749, 0.032244714933448604, 0.42695346328325945, 0.05276940008253972, 0.9734409727224346, 0.4284569266476701, 0.5820488113404004
0.46801319153936793, 0.7734436304157275, 0.21782588580360596, 0.6883961232037856, 0.3447465048693714, 0.9259621965236804, 0.143983916431222, 0.843199636332992, 0.5907329447950415, 0.8875295867649003, 0.1928220240422065, 0.21303472153039682, 0.5219535553599026, 0.201353825778958, 0.3934761223850721, 0.5861167403936446, 0.06245297772162395, 0.824083717683462, 0.09317993572393168, 0.8587637959844913, 0.7295789621339529, 0.5445588262023505, 0.5360329321299917, 0.793063343478287
0.0457278298642545, 0.28208098600695186, 0.7287829505824318, 0.7351822299120773, 0.5070679854357929, 0.20136701912428867, 0.4421084691639894, 0.3276239847820064, 0.09466369629276639, 0.3834943709066404, 0.7390554305816083, 0.25710351592628333, 0.322176499042104, 0.879478057822097, 0.7251919653858216, 0.43823013764601126, 0.4024206815850141, 0.24884573285542855, 0.32624144576414515, 0.8572722063887604, 0.924908071439223, 0.4420582563068879, 0.039321819606158215, 0.028665935256204644
0.04714091500386597, 0.3911397838407199, 0.9161833012238118, 0.6055390106975258, 0.4305895839848567, 0.0520730995837041, 0.8527648858499165, 0.6796783926915634, 0.06951804615363433, 0.019324501231485547, 0.28661519642212774, 0.43593566796153227, 0.7757279147940672, 0.1274767217070799, 0.8562705490646199, 0.5772392338422601, 0.6037257874384838, 0.7777576308472112, 0.13771934311960898, 0.18688488787583002, 0.8573111210271223, 0.11762591436822578, 0.7408899733270268, 0.01664997236270338
0.3321318600255222, 0.05749413194780395, 0.23716627382872613, 0.5242738486047362, 0.12101033394118255, 0.1525686442465114, 0.7652138050920586, 0.8182404403735621, 0.5510891377205472, 0.009746960606071386, 0.6680969670942252, 0.7807605518155647, 0.9197720317071792, 0.025614690920841898, 0.5844281973543676, 0.05442443558460097, 0.07551465063327034, 0.8467321298478605, 0.2931404435305279, 0.8381337821610534, 0.4338963266067237, 0.19092283046670333, 0.28808942171525, 0.11542880014647539
0.011054037971461206, 0.5261836607961758, 0.9441418068490038, 0.2558087719888523, 0.6138387379861108, 0.15795661954655849, 0.20994929185094613, 0.34946478350804555, 0.4753734831374481, 0.8792352419637812, 0.798219132084558, 0.8342750218335763, 0.9914786013746071, 0.12325295234784484, 0.3704544473253255, 0.39327314142563685, 0.01266761760705537, 0.7605330918987208, 0.7502015614585715, 0.5503166762954917, 0.6732356835988825, 0.850233879113763, 0.5603429937638637, 0.008529940127732005
0.4924156533017222, 0.7681181223101439, 0.8431311926536447, 0.7738533933542175, 0.283067412373205, 0.08693737676987723, 0.7356140003921651, 0.9448697322975218, 0.738590642368243, 0.6000995850596067, 0.14776289004961496, 0.5475147124657448, 0.1764532539692122, 0.3444864420222614, 0.03324357737581063, 0.7799567280864609, 0.3648580170226131, 0.779473281153305, 0.45043020737326667, 0.2796810671849985, 0.21654509105115138, 0.33711658720292903, 0.5226419705626694, 0.10499302924848186
0.9501529767437094, 0.04700390430619106, 0.18490684341063335, 0.1656174817222995, 0.9539322198381459, 0.39763749009084026, 0.44472285935214184, 0.3020686036848934, 0.11589461005155832, 0.37032162199117025, 0.6841258374700379, 0.9873605290251168, 0.8491123901723096, 0.39651548447202134, 0.2882387796228134, 0.3503802443592733, 0.15035882131951916, 0.8765315186274635, 0.7152812859325788, 0.1700927957970677, 0.07216059437370692, 0.5001024146310091, 0.3652613872967718, 0.04911885376690306
0.6342991029678616, 0.8233014367484929, 0.6247861125952769, 0.1023170643041581, 0.24206239343733815, 0.0027317827227127944, 0.39912831303679897, 0.5040590089149298, 0.6780821361897446, 0.21955028667667387, 0.17500300716750894, 0.4876474325868274, 0.6098625255597725, 0.431048326635161, 0.6677968245238249, 0.9156589185848041, 0.3542283744190283, 0.6131166817654535, 0.6332766751138489, 0.9627014245146975, 0.2914304576818558, 0.8176565450802646, 0.7906192287945942, 0.08325678110052626
0.4950670865250878, 0.6267963672651425, 0.9338857366772676, 0.8377877926684615, 0.6144428704571875, 0.5463420144760214, 0.8931370078706274, 0.18083110286180681, 0.261753457388334, 0.37599537084077406, 0.3606264225174207, 0.5457772760549495, 0.3060273679979898, 0.2757478947192219, 0.8294710006561261, 0.7344570939646834, 0.26650140047760196, 0.8048400647215778, 0.5925517720827769, 0.4841896589896406, 0.7960300627757823, 0.8225183006108501, 0.3124781319172928, 0.980114920615335
0.5788374293482218, 0.9513315908140108, 0.9840629389145102, 0.4046472077241954, 0.6858525644520788, 0.7831271832153668, 0.27567853649053453, 0.19909777004618034, 0.23620706682217185, 0.3645151525807261, 0.6443682551695744, 0.026640980676927106, 0.5206905481992723, 0.16240524149547775, 0.43606793564190893, 0.12500837507632268, 0.9443801288086552, 0.06141677438886595, 0.7365791802560049, 0.3949771694268851, 0.6645183045204348, 0.3278638923764219, 0.8441384437926783, 0.6562617621812771
0.1664074637514119, 0.23782165099675212, 0.23339513359290742, 0.18448663956379308, 0.7694145114243423, 0.5006528978687864, 0.959120316757473, 0.2090092386390916, 0.7994873098656317, 0.28332451701317696, 0.16252547422441121, 0.9736373192199217, 0.06406129280584405, 0.8641754546115824, 0.3413072447551604, 0.963856651614805, 0.32895422199489677, 0.3250151285963606, 0.6828250690807917, 0.13089026427309147, 0.9607362869214935, 0.13834956887315253, 0.8339167220574982, 0.7428892877654489
0.7957229421853826, 0.8202425104601928, 0.2026183690951754, 0.2395375388864177, 0.8716303302631762, 0.8597977387302547, 0.21790745206795292, 0.3416694172944278, 0.6109923319830824, 0.6796212954260279, 0.5426064491685424, 0.2817259525140372, 0.9225858192971499, 0.3977026196876715, 0.19911761149881868, 0.956135522275842, 0.763991878161915, 0.46536785941364966, 0.6081595236619342, 0.9110288819089934, 0.8330313435285275, 0.20348345624037212, 0.7266120170369244, 0.44576098462875025
0.22455772117319717, 0.39514360549624905, 0.01591360551470755, 0.8825222572973525, 0.2692334522025305, 0.890029731261788, 0.3881673824154085, 0.0946496902443631, 0.8906696090048043, 0.5439244520650236, 0.17671945452954063, 0.2708379062805464, 0.584066925265495, 0.8350595662946386, 0.5477069449705095, 0.9886979728120469, 0.8173459382160159, 0.22265126411046365, 0.8274677280838489, 0.3374377945141245, 0.7366844947971937, 0.13414387865563748, 0.8754457253740945, 0.6773509908601902
0.519412406097267, 0.6237744049250498, 0.25149083161460606, 0.1611009436025579, 0.02394554545400729, 0.23892999095402834, 0.8158669444141022, 0.9125191363050814, 0.15099392739654793, 0.8264047650479729, 0.6665361948414015, 0.7088979237427052, 0.4241344579287175, 0.13498866598127768, 0.2764124271281605, 0.9078879086046054, 0.03541342172847339, 0.5135259199288498, 0.02007634893526311, 0.2833550470007623, 0.9652862998507964, 0.20190047650481935, 0.6626075630373093, 0.9471498112676348
0.16124215533162767, 0.13673672548734694, 0.18311500303790718, 0.8615574044974449, 0.7657790132986079, 0.12123081744510844, 0.8238238770813918, 0.4654577994087433, 0.13599456508351648, 0.4684821410586315, 0.6076602520176325, 0.5669600223026584, 0.4465735638759476, 0.2703038417909288, 0.07587038764692722, 0.7557157760995196, 0.48739070034951504, 0.26663150243354283, 0.29506333160725917, 0.9656045840364352, 0.6090791166835908, 0.87342067899945, 0.44720641933214544, 0.9813306674770411
0.42271569172193146, 0.8468018145785005, 0.9522655962631102, 0.5015475570953953, 0.6561442576254575, 0.4289902824441262, 0.034317532368378756, 0.44404366095882764, 0.9561116040643444, 0.7924952037556101, 0.2948529860343665, 0.8649341562949344, 0.27950652447512325, 0.9557525214939785, 0.7932207744818894, 0.7935816023964626, 0.33614929638853674, 0.07948422958951817, 0.31462940308426535, 0.017646729422833407, 0.23554393162440146, 0.22693338690730958, 0.19367471628234534, 0.5312007066978887
0.5827222125992189, 0.09354604021581081, 0.8132398654561426, 0.45906256921325883, 0.39702903635311115, 0.841276689482385, 0.4862629508862789, 0.8306084520207384, 0.1739386378196608, 0.42762191042782727, 0.381044304830218, 0.8162619462439631, 0.35076152866899923, 0.2340370621911626, 0.21768142061440654, 0.3606107109470874, 0.03250866481670345, 0.8400445842826275, 0.2163530226692958, 0.10411897921873348, 0.011243529956417975, 0.624356100416731, 0.7515668221689532, 0.13744625458441084
0.2651450287098145, 0.17975520953346347, 0.17670559252024565, 0.5354283421797571, 0.7458144621280441, 0.6043215243762133, 0.8605891474589688, 0.6443607382931068, 0.09938852848630353, 0.16586540220023083, 0.6485147852635845, 0.4437056142749748, 0.5876465453887348, 0.0725840608391789, 0.33034529353370445, 0.8742083655951821, 0.27637985339077986, 0.07844747282433351, 0.0008974285975028584, 0.8573169453256404, 0.6630703002383482, 0.34544318346239045, 0.8732927200980782, 0.4182384852162918
0.23763343665592684, 0.2692235853719942, 0.8996479683720698, 0.6495615355920732, 0.2589139228596834, 0.4194494290378771, 0.36968330218209156, 0.7276406792422487, 0.8746903454658225, 0.5814358960983362, 0.19812381348700048, 0.026443947491107567, 0.19785402995449786, 0.8774032195456438, 0.8928524601079161, 0.05820204928730133, 0.7591973325197293, 0.7776764079817119, 0.5941967798456456, 0.3933983556233981, 0.5018926095118021, 0.3704677540183863, 0.4015984118689584, 0.7493898664308603
0.5443091494180694, 0.4706695404760127, 0.7064464313112437, 0.011075556019181532, 0.1406255467415033, 0.9070779414895899, 0.7158339231322074, 0.883471421971326, 0.38135535339447846, 0.6180739153763073, 0.3590731495637859, 0.7314505532885219, 0.13323182361173314, 0.1672417422689373, 0.6220498392250838, 0.02186324755273028, 0.7536446037016439, 0.2281202364425966, 0.11135947021286208, 0.13994985465937837, 0.4139811245914595, 0.6548506436895304, 0.6764844564279686, 0.7478505714127678
0.04490570563998619, 0.6857175842752087, 0.5864312936904383, 0.06323847832191876, 0.8896932279123505, 0.10519567271162411, 0.4981395495495702, 0.012634630349068643, 0.8909292564523114, 0.8612878658836493, 0.9985722139800038, 0.190036904283859, 0.727811075615061, 0.0007777615843862495, 0.40025749747943895, 0.06970912613547475, 0.1506469613542024, 0.35758334922071844, 0.007461011664038786, 0.8657516810467802, 0.19700801082239183, 0.4269033128595071, 0.38247478070382124, 0.7478937492851353
0.09367107917659612, 0.446900940015327, 0.16429540418263455, 0.8906653078833415, 0.09616019519324825, 0.42629868539866844, 0.2898027200377735, 0.6082570669751677, 0.1332750095334445, 0.29848258943522077, 0.9098241338047653, 0.24442113778413554, 0.6048461005959913, 0.6118863347536962, 0.6871002472714147, 0.23402112848453316, 0.3866745432254355, 0.08356670858020365, 0.13376359259499382, 0.7616124306671261, 0.7260639451351136, 0.38600160424720775, 0.2357850283117231, 0.6052582012292157
0.26839717768492954, 0.6254365115264222, 0.8048145123273619, 0.5118179251962193, 0.51676105853622, 0.03778203850278694, 0.6981857437426937, 0.31221785838864535, 0.6403330487399299, 0.2682382159736847, 0.5343692580630898, 0.7014766173393847, 0.32168890643731485, 0.5065335626270704, 0.6934584316015125, 0.717559024830169, 0.0015863823113785314, 0.48000364243714755, 0.23740347860877242, 0.4320388652144047, 0.4725605190177039, 0.4887291983566201, 0.0026309152527767, 0.5717714843645828
0.4513349023478077, 0.1913298100133225, 0.42587505643541357, 0.07711508062014483, 0.7353505575690562, 0.33263534229564584, 0.48349050455423315, 0.7979445927199189, 0.5533220928402476, 0.02397858299079192, 0.4894343599613098, 0.6251432921175644, 0.635878562020007, 0.024351470624781935, 0.9493138895847196, 0.344282368084176, 0.28645103697335195, 0.2131899373575854, 0.6748732487443377, 0.3862794549886973, 0.41906017938439166, 0.4485464085499289, 0.32277445436046814, 0.5181669896505143
0.2839175407901944, 0.773690876501419, 0.5939599736830086, 0.30659405530740447, 0.8131590450405163, 0.9112296257212008, 0.8391319041070805, 0.3637638928554702, 0.6097668838293693, 0.3800002975933018, 0.665839104285057, 0.7251714092638248, 0.9821860109925236, 0.2780412267421335, 0.029737764723872462, 0.5095746620000476, 0.9901997070653538, 0.3237268754376942, 0.4248707211963241, 0.6659033645497886, 0.48806282831413195, 0.991922499299365, 0.22836035202775085, 0.7166664371843451
0.4114710510568783, 0.9553547232818133, 0.32980905628963275, 0.14147530717075463, 0.35266502026360813, 0.7614077433726657, 0.9818433886781969, 0.11561181348353378, 0.9582666087243453, 0.9810979145508091, 0.5414301774681256, 0.9769618963118489, 0.29557081080262704, 0.9066458146042674, 0.19617625171850683, 0.622704303607018, 0.25711660423919214, 0.4988734722625484, 0.5256370135709286, 0.42788993885759474, 0.6282861436988041, 0.38084183196091226, 0.2167915451304382, 0.7894174011484052
0.3687104670780763, 0.5078289632170279, 0.014546600062222415, 0.8718851300068917, 0.5602999476022414, 0.1172026067994294, 0.26546326974413503, 0.013719022189218388, 0.19073695100384302, 0.8691826306147237, 0.891102784339234, 0.16188315564550948, 0.3642428910309753, 0.13071724410448116, 0.9599641940390149, 0.12027569266072458, 0.709634588354616, 0.21618805091922566, 0.927958723216476, 0.04557012319349396, 0.7231028995795608, 0.4764541153250652, 0.6254202909640416, 0.4733672924207619
0.8797938844272375, 0.27365827799615283, 0.008384888396712809, 0.30743140163762017, 0.3393639519039531, 0.05059515248395019, 0.6510558822006197, 0.7163631088832325, 0.018144003951142018, 0.24375922384823434, 0.5167948751574967, 0.5941310549941965, 0.658916318215308, 0.8458139426515083, 0.8265269468522516, 0.5829250428481029, 0.3858112909543868, 0.031981920801558594, 0.8667907174129192, 0.010374578854316696, 0.5447938127573556, 0.3647621000225141, 0.533559290929299, 0.42768567887404063
5.25810063956e-07,0.117470610819,79.327834227
5.84579619645e-07,0.131144558192,153.12787428
8.21503435401e-07,0.217083526074,125.398405855
4.86745759305e-07,0.413267666471,160.858685543
5.02435779898e-05,0.889549985912,164.228580564
1.99677512595e-05,1.74324586863,351.900130531
0.000200561714752,3.5910345876,344.349474078
1.58685102795e-05,6.73439205563,596.120178195
0.000601931382122,14.9692969594,720.471610445
0.000732706852916,22.9164516463,1224.40156741
0.00347396143653,55.6161166319,966.991983927
0.0581532886219,117.44696781,1058.88785976
0.103851396126,192.226277017,1227.86215542
0.891298159166,396.880748844,1440.69629885
6.3149339393,686.475191725,1666.8890058
