$x1,$x2,$x3,$x4,$x5,$x6,$x7,$x8,$x9,$x10,$x11,$x12,$x13,$x14,$x15,$x16,$x17,$x18,$x19,>>f1,>>f2,>>f3,>>f4,>>f5,>>f6,>>f7,>>f8,>>f9,>>f10
0.5279651130257775, 0.47039682337731303, 0.2903094953850265, 0.005112240172947091, 0.5465246181500978, 0.20297349044129886, 0.019238770922106685, 0.7348156698946906, 0.1395582200784089, 0.08854885158067283, 0.07948825051227015, 0.091377795186674, 0.15486188971115677, 0.19060827301294458, 0.6653345818483176, 0.5336020342339198, 0.7337769698021867, 0.18429836282324819, 0.07113120907080228
0.6770757234754725, 0.013245063170081228, 0.5628123831560782, 0.518055759733986, 0.8032672208401818, 0.6845148934214239, 0.2664842373986389, 0.4962280905744122, 0.20849530824141982, 0.07135392159032483, 0.8884834602095936, 0.12073890747448723, 0.45197185830458597, 0.5118216964166733, 0.11561297874064724, 0.3863698249836608, 0.5382679019429021, 0.6972043483634548, 0.26736129807687825
0.51762452254576, 0.356421573239595, 0.36664872432067397, 0.16554997443949016, 0.6239985055403576, 0.5089337812585457, 0.34459421732325135, 0.15651205819062197, 0.058176116665873745, 0.26842736806890477, 0.0005124744977155204, 0.4091852390547509, 0.9209852153148727, 0.7824858795052341, 0.0736753776546255, 0.029011537884715333, 0.13995928134069613, 0.17647803157047703, 0.21943342166095114
0.29575692625930616, 0.3430324877857912, 0.4947606895346921, 0.08997033653175202, 0.19411723790566993, 0.2875658001191287, 0.387388243846269, 0.06606289217539141, 0.16858033233885328, 0.15245382178103484, 0.24921758674745242, 0.5351215861263996, 0.2512704485229371, 0.5854148278209859, 0.016177624110142563, 0.1081838043214225, 0.5008751900273383, 0.9320805093417855, 0.8107879645226991
0.11684386736317853, 0.5788249519690236, 0.6886150916119615, 0.45070865640787083, 0.8070208068672523, 0.8328861838663885, 0.9358579921727065, 0.8911217075761536, 0.01813456477170372, 0.42664085679843056, 0.41743597277517097, 0.39509691824308646, 0.8396040551229922, 0.15267010820561366, 0.17194927415863026, 0.2956822637414279, 0.49304083855291014, 0.9505606193816342, 0.17118205271174758
0.4945140009523764, 0.4299005489196326, 0.553181383433987, 0.29520846220168906, 0.04527905803137933, 0.8828907319117616, 0.33432565695831473, 0.3561519695215869, 0.05187700294022002, 0.4653349432584788, 0.6803632213136094, 0.16190388243574383, 0.5767851687982642, 0.9651990898274875, 0.23126229003198373, 0.1269517233170261, 0.7884094619535313, 0.45722637674459965, 0.00840934162390139
0.916993910081875, 0.5060785276927438, 0.6058223854960673, 0.9430898192623659, 0.18738223265191267, 0.4321543128224533, 0.680470147679554, 0.22931707694035863, 0.7359013315167358, 0.4603071805566169, 0.10124184363364841, 0.0967760389944935, 0.9817896867404168, 0.21281151314766056, 0.3364195333340153, 0.8765614060230994, 0.562616387866952, 0.9343136137764045, 0.12399242429980084
0.7996496243512755, 0.3471297160941058, 0.13114082307504837, 0.8372571662303397, 0.7326273843829625, 0.3646604341874703, 0.8470761162034084, 0.12952591884117715, 0.029420167592354884, 0.4057813499853399, 0.19941404890731695, 0.4237092992601682, 0.25604767966968967, 0.5280573836897955, 0.41288625787390854, 0.6291344270764879, 0.37259305025029565, 0.3026465268024241, 0.9055603050893962
0.9392654566916132, 0.9660114807828959, 0.8707016245927377, 0.4228893467395832, 0.26954283717636984, 0.07654252419844876, 0.7871425050324505, 0.8640669861419518, 0.6769301181614394, 0.793511038818652, 0.6835067238116722, 0.6769733614350341, 0.677769161839461, 0.6928697059884299, 0.42059127131498597, 0.8674051689528351, 0.7305461864267999, 0.30187421115042457, 0.7328986517053124
0.37921554902451193, 0.5688306480429484, 0.03943060526699538, 0.28379234606468995, 0.23410402813763453, 0.5508072297135163, 0.7662846424718905, 0.44741120096982745, 0.029869563928196063, 0.025685285070364827, 0.7151199566576159, 0.5970603286892676, 0.9843230024504485, 0.6207452167713633, 0.8369137303502667, 0.910013604624558, 0.7199982119240042, 0.7949814256610733, 0.8000581888847231
0.9184904823723293, 0.36034339555125317, 0.1100303294301761, 0.2564965592790994, 0.5788745843489718, 0.19643031018782997, 0.28285364022971426, 0.27402728511280405, 0.8743504290640982, 0.3660554461244384, 0.7299660535662145, 0.8158133413696558, 0.6138525637595286, 0.6773348225968066, 0.06575864237131679, 0.2730115919436843, 0.09153676379650666, 0.7425379058565702, 0.596591654522159
0.5312146870299516, 0.892151090931728, 0.678932416079893, 0.8320787468166949, 0.3191434345228643, 0.22843676939435897, 0.8207342257609677, 0.600730487174901, 0.6294927450584639, 0.1707329002614154, 0.24236804423425262, 0.08023959036413464, 0.4073734178984647, 0.02787389921114314, 0.9667613891070509, 0.1344311051583218, 0.9402171769385665, 0.1666956687681378, 0.9894220463114543
0.8842857918249244, 0.36581081284949435, 0.9642266379277581, 0.35368164024301396, 0.7729609913817351, 0.8218900821506588, 0.7426673631353264, 0.6410377468296083, 0.7907509484944688, 0.7500043886319125, 0.9080105180389926, 0.49465253266973686, 0.0681791985900444, 0.7606565556474995, 0.8846182348518431, 0.39549841999792534, 0.9319866479509824, 0.00021849139228036218, 0.6958337329985432
0.3887670345589306, 0.9422612625462043, 0.3327414930235163, 0.33995207583824705, 0.19466241637615123, 0.4765472119627414, 0.5426472044937292, 0.6900302536874796, 0.10453107931693062, 0.12165981807588044, 0.9043442508600185, 0.9983937447476712, 0.8480603576653561, 0.00555882007270625, 0.2344149955246867, 0.9507542711738172, 0.3103008431161772, 0.3705134007906652, 0.8947933374523136
0.43451029948770337, 0.0315341117549266, 0.9052026227651726, 0.09507682518088256, 0.06481088124882406, 0.04228696556487199, 0.7870235710673437, 0.36927973260834057, 0.0735218935367199, 0.25977641677522123, 0.49131834314083656, 0.36387288430392273, 0.2971044686573202, 0.6436572180357922, 0.6764354332598421, 0.18869540318606326, 0.9533952083031269, 0.9094552748775216, 0.6611452832994896
0.36033899782760237, 0.23800048270977137, 0.3060386610380861, 0.38863570793175206, 0.6350754204219683, 0.3825282586099641, 0.9031880900620617, 0.35499422071013353, 0.9803012854233777, 0.2844928890428142, 0.8575845007925843, 0.5519217531372607, 0.5026478536583627, 0.995800997683826, 0.021803721874454007, 0.011783943437377431, 0.5125536197796089, 0.5040543926201695, 0.4416607380487738
0.8436917557086366, 0.9918511820229183, 0.6757345975406636, 0.5934210784868952, 0.2385880870402579, 0.10340919956349304, 0.4615742007900068, 0.1616225077592235, 0.7661850151465099, 0.3774276546463786, 0.39286022016139677, 0.5691297507752798, 0.970770234416483, 0.9695449755758982, 0.7333250979941601, 0.6620421695408729, 0.12285896695258669, 0.6931963992454533, 0.8178339152012851
0.7034963882616307, 0.7050734323581169, 0.9213752213801374, 0.7824805825541392, 0.5880991975126985, 0.7728615654830712, 0.7773059831944483, 0.7239432082662854, 0.5119732651503061, 0.821371521827711, 0.024631405286417052, 0.1980936640278479, 0.9369943437566098, 0.3376943629847793, 0.6269636598609317, 0.5533471083987581, 0.9140262886113916, 0.8092900896259859, 0.45868897686145116
0.29971181754903176, 0.5230281480182111, 0.7933792708143171, 0.9568241425501683, 0.8724377509807405, 0.9868591821726639, 0.617130351466774, 0.21076114414430647, 0.6782565705294535, 0.12863330495160397, 0.5942467246664292, 0.25305839666967234, 0.3754039382781169, 0.5745790390015516, 0.2716883669159016, 0.9490243892203241, 0.4317757696656327, 0.7935915574334588, 0.9911158342696921
0.06752671277111377, 0.5575829026228256, 0.04964747119477242, 0.030431204795541067, 0.14921788179261708, 0.13432593822122607, 0.2795621417648011, 0.7941884094084879, 0.8913908915730829, 0.3557411562252527, 0.48245699631124006, 0.4890232040207245, 0.06983490677952486, 0.2999099881744385, 0.038477267278450356, 0.781031771144733, 0.9418832747552474, 0.5247844789085427, 0.41582346750898813
0.37738315759852004, 0.5187111008402417, 0.6436014428476386, 0.8909715936972654, 0.47882637191067834, 0.9622307021837261, 0.7322249843169487, 0.7556025171324239, 0.8718887479832654, 0.9651573263802589, 0.18609403328035812, 0.931569937711305, 0.7152139207716368, 0.7496858334542353, 0.02882379839784288, 0.7965963186863169, 0.9992395702976188, 0.3894844617683454, 0.3273427097795899
0.13519164364709269, 0.2623420065129981, 0.03516164788021259, 0.3052949135991383, 0.1865690137568644, 0.3264251287305848, 0.076512435815701, 0.5010311746311168, 0.3662528030859066, 0.5526245337795238, 0.7118667021360175, 0.20424604103391675, 0.7111299936073298, 0.2874946160865114, 0.18992373509936356, 0.48477808864864835, 0.3410003254540649, 0.5591345625453048, 0.7801163506291612
0.9828576314865202, 0.17272841722077426, 0.01569163434088927, 0.8221966854257715, 0.9490305958726143, 0.6195106022932986, 0.6938169388238423, 0.9869994232755811, 0.42283655203174964, 0.4566216659998996, 0.7955184439840386, 0.8864560289315411, 0.14012708723547296, 0.6372286701584864, 0.873835329889973, 0.34023684047592473, 0.9096611597305593, 0.5818375484404754, 0.795948835646027
0.20863424063251423, 0.5414442909346926, 0.3783642225704097, 0.5272520792543351, 0.12216902447465461, 0.8860643945375859, 0.30571956480600304, 0.522546422412125, 0.5962796699235703, 0.7703379539349684, 0.7358639807172193, 0.17337941005379953, 0.39918403694042726, 0.9189038693074612, 0.20395919606602408, 0.6246610676235884, 0.009246271582783905, 0.46851351156706555, 0.0852330032951949
0.3654215569533251, 0.14222020053988838, 0.12999838463891378, 0.19203198823271983, 0.7330400939097883, 0.9485363387368839, 0.7002421754359225, 0.5832325996949034, 0.9178973387183039, 0.15037478563117512, 0.8055229176756815, 0.3225003186999741, 0.57231607199213, 0.8489802194660364, 0.46303948695066866, 0.29243237358754515, 0.5340364073241427, 0.9888727641083311, 0.23472339519900132
0.7569001940028046, 0.24335545151772608, 0.5258410455911303, 0.5931298705453221, 0.13710746016601505, 0.45299699120733106, 0.21069575151492848, 0.5295886663208813, 0.30288425933398055, 0.08231556853900623, 0.5155874468496924, 0.3337204060966241, 0.753101135793351, 0.37224381737015677, 0.13299901313288232, 0.11453544866754872, 0.14735763024145543, 0.6475562416877327, 0.6853862752273419
0.6620501879113366, 0.38335636186084754, 0.23823263791644556, 0.18024013020114227, 0.04415903495072049, 0.30642908653467926, 0.3038478642892767, 0.304094318856579, 0.38866193591711495, 0.4566249589674729, 0.869226958110228, 0.27254464343241747, 0.6309303490951834, 0.4645356954049108, 0.04006490338572399, 0.4540509166062042, 0.09532181458137678, 0.721379710422089, 0.5884315262890603
0.12064208399278831, 0.8009419131020888, 0.3969741244308176, 0.3203439654950695, 0.1918799816598431, 0.5571928623828323, 0.7519148724102349, 0.5698427912465467, 0.23084915768071534, 0.38374022511125283, 0.6423904086831849, 0.840501055020898, 0.15493063535470364, 0.6025334401090654, 0.9869870215676059, 0.14329316205584874, 0.11881191177641992, 0.022190612660146436, 0.42241942853006476
0.15239797764669583, 0.9468815622471218, 0.4474597288789275, 0.4920752891646065, 0.017106637437890426, 0.19406539697571756, 0.8113144836523154, 0.3491073597172095, 0.8931970782520198, 0.1883863344401875, 0.6842617218852622, 0.342604575085919, 0.8766625314600102, 0.6178289131476836, 0.5283698180642031, 0.6938151578784222, 0.9540101838520241, 0.04773018640217397, 0.08078329302889198
0.0057325533335521595, 0.4825696473262976, 0.0589643861662158, 0.26324370257787433, 0.6485301184327971, 0.17875904844404322, 0.827928934802177, 0.6621972496836868, 0.32498234463239895, 0.2515350432188198, 0.32150997279975524, 0.07866476238403453, 0.8892494114206035, 0.9715891887129213, 0.11295963594589875, 0.7390536962263268, 0.9173924614401465, 0.29097543986641683, 0.5535731143212558
0.9184511913058251, 0.3185243617699689, 0.5558732871577857, 0.4314564910437887, 0.1806970524237561, 0.4861426823240298, 0.35375086082123686, 0.6939943136275523, 0.12986293018611295, 0.18587918465232167, 0.38463862164041696, 0.8761846495574587, 0.1406814847201554, 0.8080855446665861, 0.5675079306021771, 0.961568450397568, 0.39103341754300025, 0.34719394529387615, 0.5288649207579494
0.3871425969319987, 0.9286933626365796, 0.240774352997295, 0.8624999991967637, 0.2753208222947643, 0.9576091604438474, 0.9868723577898437, 0.505131049628597, 0.2763502352461953, 0.6253132609768174, 0.421502983149479, 0.7307953158107579, 0.40803917135619283, 0.950293270997638, 0.9438714364671626, 0.9156893427769162, 0.7545559424395957, 0.21102017217733904, 0.5600184865759266
0.3455015447166475, 0.17832917865063713, 0.4326822042909815, 0.789979308874829, 0.3472461455539403, 0.7024248210844618, 0.16883588569487018, 0.6381509713107922, 0.302506570269386, 0.1943121852178742, 0.24092555593809106, 0.7017822223472883, 0.37769728674712455, 0.09253187436330712, 0.6288504279632687, 0.856683647567775, 0.5675139680724598, 0.5152128544380107, 0.35559393960508556
0.5717835770090902, 0.42613271058408486, 0.13900577757951538, 0.5365515929825293, 0.7720410726711944, 0.5616452836243953, 0.47438684234565986, 0.09078981718600843, 0.4752951704045032, 0.9665389751219802, 0.8688142324703065, 0.9183168780209915, 0.42832657104219973, 0.5768193062771724, 0.6255947300076816, 0.8120736741899611, 0.378822616596419, 0.7812954501179136, 0.21393889171210168
0.42606543552447174, 0.819270477857454, 0.21607351849933965, 0.00786473668541754, 0.8348510252107769, 0.45692861086137415, 0.980901415134107, 0.5379147084226336, 0.38794959931771933, 0.1109546007709048, 0.3094564556960183, 0.8093406035506606, 0.022185338017888134, 0.64048502637128, 0.9219490816166351, 0.33945077151468006, 0.3133277308499909, 0.4544238326246758, 0.9693673700177063
0.5161149858377809, 0.8988853340099173, 0.9549431005991912, 0.3558193043356912, 0.49714469600660993, 0.7905941116359188, 0.5334967498637704, 0.7967424329552036, 0.7803914476178123, 0.8988493013878376, 0.8595999884722725, 0.22762979833146746, 0.642380566852033, 0.14326192745943167, 0.6137310158522312, 0.38961219086890375, 0.832329320262654, 0.24944987811629493, 0.23545930908628454
0.758281878400202, 0.8394855682391061, 0.04354084228243127, 0.7848176002894003, 0.5108495917504384, 0.20350130490634488, 0.3982847044013781, 0.9701042077743396, 0.8047264014964565, 0.7293941452038208, 0.9469241493962504, 0.9204054291389071, 0.9416163042373751, 0.9481621541324003, 0.3277848949936948, 0.9208566174742049, 0.17297417625439848, 0.5091548580618952, 0.424910162292332
0.9133203729760816, 0.8073056844068822, 0.2544201690879604, 0.8189529383565213, 0.4333285846137622, 0.8961265488967404, 0.47891957320660994, 0.7464749649189535, 0.7954341015548833, 0.8937117819298642, 0.25678716549486336, 0.1786531164247822, 0.24069480898468187, 0.5022084267683115, 0.7895920522710981, 0.8150386424432011, 0.5775038633380591, 0.3238047256600143, 0.43594051965652303
0.1786801460777553, 0.9796363439187719, 0.2689435522541952, 0.6633279942357628, 0.8456830783366723, 0.6252069784201774, 0.17677208355262786, 0.30398933381678506, 0.22208887425215162, 0.6320792683125908, 0.9398846710141842, 0.17390741619175842, 0.2215891930335382, 0.5821604135759845, 0.965256182361585, 0.22893545946256222, 0.8736323301637682, 0.9335660445869409, 0.3394884948968502
0.22838442712471185, 0.15114193880387672, 0.5430470042954187, 0.5656372579344627, 0.6088631070077428, 0.42029424114587854, 0.12705916603656298, 0.7109579637075868, 0.08939573866969797, 0.09498964003575261, 0.6121554439733332, 0.3368347150444908, 0.49203442151647925, 0.43687905213608824, 0.7536102737113426, 0.01597765209309754, 0.9104224005116921, 0.6881533168914189, 0.49840201293115016
0.5085612894503836, 0.03545711063156942, 0.3016068533389672, 0.09874917863521027, 0.313119422548377, 0.5258112482599243, 0.24961076317624997, 0.39403492402246143, 0.7688008614036546, 0.7073010345431392, 0.6752073400633083, 0.7580570315271703, 0.274684733890037, 0.453744731494948, 0.42272718967213596, 0.764258377117813, 0.13160218424171033, 0.9070525715220749, 0.9944467463119511
0.41516919682783715, 0.06753962144528514, 0.15240684202885513, 0.4876843957383953, 0.4482713100307022, 0.21933612400735814, 0.5993855202939286, 0.27221055495348834, 0.3421138527057771, 0.6962532532309937, 0.5602461958758991, 0.040419790079025075, 0.16471352703401276, 0.9210379623978117, 0.6032451389708088, 0.8683079283948834, 0.24783698420528577, 0.10098390851222139, 0.7129286437952104
0.32159221785080905, 0.6797383873655881, 0.4876579279825414, 0.7564769089971288, 0.8804629583584385, 0.799863799123585, 0.6468597696636822, 0.711188600003667, 0.18481334011351858, 0.6636775619389762, 0.6194313332838117, 0.11591874279106218, 0.736396883551753, 0.12508610985875723, 0.5827126072632121, 0.8893302108805569, 0.7049496011099522, 0.09086978792246814, 0.8032315568121146
0.1354940887449697, 0.4649152234263185, 0.7892810790724951, 0.6955832964906253, 0.11844482890295094, 0.17685986787659036, 0.5109192242125353, 0.39432425283974204, 0.639008170275596, 0.4818255289589778, 0.7637719629456801, 0.45463214497303683, 0.4276451940725746, 0.47044772714444283, 0.4378005028675448, 0.8075325727343149, 0.9427032510658897, 0.245819815323026, 0.7899657877400745
0.33042856488454353, 0.6553666921436144, 0.3113789224469182, 0.07269446696053017, 0.01432997946804715, 0.3260727059816325, 0.5400345945828395, 0.2061796759297979, 0.3174326621124709, 0.7074968685555213, 0.5189484714667675, 0.20512141242690463, 0.9189235677205366, 0.9512901081808789, 0.9861517918943032, 0.9947619850509458, 0.9164294325077913, 0.22649395501103609, 0.4920719086082528
0.47601952194548913, 0.7748765598783133, 0.9598676252473557, 0.6758712675598898, 0.01064570723135616, 0.44160025714982754, 0.04627328884702131, 0.017219993821381396, 0.2976132190338736, 0.10501752447084745, 0.2699847246919803, 0.9867396534660698, 0.7355549434867283, 0.10038525274464782, 0.611275485192319, 0.04878706505751462, 0.7678204774591479, 0.22695288049870954, 0.3139888454834765
0.4286125370149205, 0.25207774496351765, 0.19009464062427506, 0.8137121163265643, 0.8241132413112339, 0.20512339064755603, 0.1665942588462198, 0.14622199447545914, 0.583468818911002, 0.4813546095585848, 0.6656586575280099, 0.04414371265803574, 0.5638309973534255, 0.36142808118036096, 0.5522740951404952, 0.25748406535659174, 0.9456222185031435, 0.40660523170613727, 0.7260545225376565
0.058188575322487, 0.51156440062487, 0.4043753057886449, 0.8620212362594052, 0.3154074829947897, 0.25063303552644633, 0.27231095767802904, 0.2008054718810508, 0.24193273242658564, 0.44644016359053706, 0.1280257036602066, 0.134001647435687, 0.4579798311683696, 0.992883920180831, 0.0029752250123482593, 0.3802404815756262, 0.32998025203528425, 0.10351838648903677, 0.4861123460675091
0.34733184828306973, 0.604877983913903, 0.9484267729331719, 0.09559747130413654, 0.5995077404500556, 0.046452504034828035, 0.9726493366555378, 0.8754803913116748, 0.899496848972105, 0.8885529152223277, 0.6413017188157623, 0.12055021737836802, 0.6056776784677904, 0.5531832405085881, 0.8638760638099294, 0.21230377939712686, 0.22003406604180775, 0.7133903385382911, 0.3158072564477781
0.0816717187798085, 0.3733404849597959, 0.39781905909261606, 0.43257269897235173, 0.9827063735872528, 0.7732174809690727, 0.21425758993708077, 0.5849042994583509, 0.9526077951740132, 0.6574781587454507, 0.38114357721244985, 0.17599275940371517, 0.6837439070755226, 0.5418385444287185, 0.35478335477259604, 0.6408615571496293, 0.6026782822047606, 0.586340458723035, 0.15434696371725953
0.6718951927958445, 0.6951146800867651, 0.5596410384490589, 0.8516600815773006, 0.019741847638668597, 0.9254694102622824, 0.9739117371873287, 0.8182134085522242, 0.9515538425999812, 0.7382905133393041, 0.5737943485996296, 0.025617437151374878, 0.6273746428451462, 0.49533969428550817, 0.9312837049225741, 0.5992187269479545, 0.484857535686697, 0.5791763317641936, 0.11243011289112148
0.6700834199429957, 0.10046743579712492, 0.8404087683396705, 0.6957994840489764, 0.30286646592297606, 0.530758880945813, 0.027383708856650424, 0.2918574415996482, 0.6936698307646256, 0.32831098786986745, 0.9688855967783422, 0.6345942149138079, 0.7792893858402428, 0.400906222745797, 0.8220025095687671, 0.6456928871341404, 0.7302802283137823, 0.5589187458812512, 0.43333806573358724
0.922967013671572, 0.5678709420705887, 0.8997208783298251, 0.715905545091742, 0.8061499380596276, 0.5358838257332614, 0.5368819963550404, 0.619609997438435, 0.4486716645546056, 0.5788020273639412, 0.7690068645468822, 0.28668780148259854, 0.37226222258050556, 0.4684009268564203, 0.36934037265308794, 0.7411390113315182, 0.37010541141705877, 0.2669430790591977, 0.6333389856610733
0.8826210466390672, 0.5154744831986621, 0.11484466342936517, 0.8829776594795822, 0.07789591327541812, 0.725234966406283, 0.3353601593419725, 0.0015339261233793255, 0.3543172764975685, 0.4194248485986658, 0.27260659347423843, 0.5848448291752344, 0.31794481118523776, 0.8342034766740875, 0.8802508682757432, 0.3416109538093247, 0.11713785706647373, 0.9030180577290318, 0.7433779922954994
0.27491550346858684, 0.8080397277728925, 0.34665088620791495, 0.4020924234324753, 0.8634856198689622, 0.6134365035236791, 0.7569672505866508, 0.1540367459652271, 0.08071944199805625, 0.31657763140066975, 0.1664539079098425, 0.7225971097569214, 0.9445289688672242, 0.7328526007380078, 0.8733727985263513, 0.7169252073297107, 0.8832532775110693, 0.9795342774527395, 0.5074618764181635
0.24030314188683521, 0.4529378056767335, 0.6707384490302281, 0.5988491864900157, 0.8804110904686595, 0.46236709526007347, 0.5116251154531521, 0.5161386480462712, 0.7688495319823184, 0.9471554932197054, 0.9711534012397938, 0.750056616923013, 0.2938908090251593, 0.8556914530766145, 0.4551203364006773, 0.737744065344522, 0.7336193896790865, 0.6976567157051016, 0.40328671246124037
0.41822433036898177, 0.5135755912141755, 0.3081239903147126, 0.8819866854536051, 0.9869434510516445, 0.15355217157865375, 0.4966518952234428, 0.3181865716629231, 0.4306264722113028, 0.8989276287584393, 0.8188335082628744, 0.12500016177205064, 0.19777519885635786, 0.7999738124073564, 0.17539426949261328, 0.13839654374610177, 0.21706668931240225, 0.7491177858824987, 0.80530663556424
0.2211510933502766, 0.4212242466995255, 0.882457411759447, 0.3783129350801884, 0.10547603395758265, 0.8783233903329706, 0.22741677834606644, 0.8640748623143586, 0.4874059003278748, 0.1065716385308243, 0.5533263629672723, 0.23799699688816034, 0.4877651923022125, 0.24862444836961517, 0.6927956938814958, 0.03298297174915554, 0.720326877231514, 0.7788318940125688, 0.08804825319445453
0.3042599756818496, 0.9559640065999276, 0.9682415955976409, 0.4136308272975986, 0.3932574659857224, 0.9646832087143175, 0.629140132215998, 0.7223594446442356, 0.696466733800231, 0.8556228593514145, 0.24990856549602247, 0.6662434421948282, 0.9929721110553572, 0.7565574708185928, 0.3983611308357198, 0.2745545846943137, 0.8014718678663547, 0.7147262112944253, 0.2450927639777315
0.8654169028269043, 0.6885847902803486, 0.155581006254766, 0.17398610794294123, 0.1641530220027968, 0.5530292188667634, 0.8896671118802439, 0.11887089075835233, 0.15922347078172394, 0.45595845805552715, 0.17325978741271153, 0.438557824713632, 0.7790967845082303, 0.9441923065963872, 0.881128226865707, 0.8019470788527171, 0.40466739288619624, 0.951170683418916, 0.6010866785655143
0.7151769061389931, 0.9119469299948727, 0.015233806210737222, 0.2603289068918919, 0.607742994759488, 0.03338298410383034, 0.943569919231581, 0.3030930789637378, 0.3757014419311937, 0.10442753406129213, 0.6282053590443826, 0.00791753817515739, 0.31698314760321467, 0.2936493748361335, 0.08411359084153125, 0.11866907995059495, 0.0033820195776237405, 0.574732847602424, 0.6085076971257479
0.14414128442099805, 0.8001367094579147, 0.41405668524544004, 0.3957378959632081, 0.5876388181815412, 0.344529157706128, 0.6047388126451299, 0.3132947333428533, 0.6327375548332637, 0.43265399193853016, 0.9196036060646071, 0.32390370050291983, 0.8421651571646777, 0.09086636537873283, 0.17652842982252692, 0.5197820418475916, 0.18810917869164412, 0.10781574133019334, 0.09227058711693359
0.9851620424249843, 0.6519612966984635, 0.4147530202095444, 0.556706845601865, 0.7319374367240202, 0.4468165215870563, 0.8929883352927052, 0.9776880901852957, 0.8645117276993005, 0.9726934530885, 0.6382218875184918, 0.3671811508037617, 0.471126655114695, 0.86685673298825, 0.19182175470180596, 0.8493593201025359, 0.3967276669484422, 0.9923958520975357, 0.9833053305968615
0.3250143433458528, 0.1696097593228849, 0.06025056563318765, 0.5919327029636343, 0.865629690252242, 0.6497767036005276, 0.8181897899876323, 0.769735479359895, 0.37741143088290185, 0.8559589296921339, 0.14493503303609567, 0.01972940586687988, 0.5144964387239127, 0.8070027049469886, 0.43153588192620107, 0.8305325546233736, 0.0755620466545609, 0.4551768388053844, 0.04415654513829337
0.8692046256113086, 0.8858142421726589, 0.5784169257986659, 0.8395159354976012, 0.1192126186467205, 0.5833989100121203, 0.40985909932538234, 0.3965146546568661, 0.9379582825338597, 0.2006928971172759, 0.1549948034714983, 0.8365106141464179, 0.302066129277061, 0.265633079972189, 0.6530055695689078, 0.6639465682894101, 0.17182584807332146, 0.06670968033556623, 0.8521802036705054
0.5652313212062224, 0.5607927532030355, 0.9098078260425397, 0.14114138747314164, 0.33197811379002173, 0.45228190570134874, 0.9602470377082157, 0.764408180955293, 0.35115574351744927, 0.8675040735892955, 0.07284688949742879, 0.3814773242524121, 0.4257050421385735, 0.2955712387801528, 0.4219787284226524, 0.20772397736100123, 0.5302228275569832, 0.12497338212000786, 0.05419661694832634
0.5945454461611458, 0.6919878054457634, 0.8825943540746793, 0.844873921714283, 0.14376344905529037, 0.7202346495549395, 0.42165027207757655, 0.9037255203592353, 0.08135722161003356, 0.799721198885448, 0.762151850109873, 0.7018085720715148, 0.5007982572917687, 0.039880146267390004, 0.3647835191740816, 0.8509422344422812, 0.9594227317228657, 0.9549169606387354, 0.9190961501995921
0.41079096074342836, 0.8624616166595265, 0.8528166206902583, 0.9154955795565416, 0.23666088066931013, 0.13750990289761666, 0.22944586417322543, 0.5305823465217511, 0.8880834735515477, 0.0610978428265212, 0.9096918661079237, 0.4472685444168323, 0.7810287929581147, 0.3813031830251331, 0.602642542412196, 0.26358465726287106, 0.11994965059690077, 0.4625183653147735, 0.5767284764693928
0.8957064045029789, 0.8644121367513087, 0.21006507196042623, 0.517487279832071, 0.754621773525145, 0.493155095256266, 0.9608979882911886, 0.05770839611025014, 0.40640582569435646, 0.07390365028011259, 0.9140190176241965, 0.5115645199062019, 0.6792363971733952, 0.8060866670168653, 0.4637096776742279, 0.041703457158322244, 0.9672481485162072, 0.608071715734968, 0.7783789832340721
0.10093310178454662, 0.6439218135500291, 0.16444663943237336, 0.7200658927062705, 0.047436697480610523, 0.5690950403578827, 0.3447842865036952, 0.8695562771701796, 0.8418475780282394, 0.45467547337495495, 0.33521927817247754, 0.5952579525105105, 0.3630868457069806, 0.21128627871737826, 0.6981674869121111, 0.04680969361151299, 0.19407754003676103, 0.6760575350237935, 0.009091104025130914
0.06504583457640811, 0.05556848605762854, 0.11320031501196548, 0.7248401592614908, 0.331371056316228, 0.6760115326048525, 0.4485483359825573, 0.7786169015038054, 0.39319528209666377, 0.07243560301293794, 0.2272094538731506, 0.17068905177951388, 0.7594872058019617, 0.7016557384966445, 0.48638161419378734, 0.5039476400936738, 0.5595249614052664, 0.00018607495138944774, 0.18753041563415473
0.9930337853212955, 0.6741358813829933, 0.6260619064211416, 0.6182028593760074, 0.6110837355461707, 0.5129484522441071, 0.43588666357364914, 0.3858772357108389, 0.18050321981595752, 0.42409559284153686, 0.47480118496771406, 0.9970144438473371, 0.05622790979919823, 0.05352614690142765, 0.6837364426799825, 0.7594409726719472, 0.7405920584726652, 0.1443281337244804, 0.27141641839950614
0.6270793964573315, 0.9062799731736042, 0.6445155976226045, 0.12035633734000661, 0.7495551490515736, 0.2465079087816101, 0.5365672003048071, 0.7018568202105366, 0.23445119833158334, 0.7421380365105547, 0.022024038007294244, 0.19056112938070513, 0.7613931559341323, 0.398217023500101, 0.4391228985525646, 0.3658852793234457, 0.3947437078063365, 0.04309535638213002, 0.6279476632574321
0.07473136357969401, 0.10477732985994714, 0.04808606249281344, 0.2949998820640889, 0.10150634235714628, 0.5847522889103246, 0.6471883538411337, 0.7182010663209106, 0.28818246457770413, 0.7580199097588819, 0.02271910150351031, 0.9707819090636229, 0.6104099845504666, 0.28291728158453855, 0.42316824642377815, 0.5434836812405415, 0.39460502406836584, 0.19244046779898727, 0.8614193052626766
0.20210957990262102, 0.7392305617834752, 0.4722997849031836, 0.934192118160128, 0.472129641885058, 0.7804114235469697, 0.8474014509429847, 0.3135360515314267, 0.4197943503851086, 0.7517451192404739, 0.22197363290667838, 0.11460136558229606, 0.9507500524527479, 0.8806311864060928, 0.8961885590960483, 0.27441504568904096, 0.4435502358671909, 0.4569934565136039, 0.7292261884374923
0.8098639159380521, 0.36625490782886116, 0.5532850810465977, 0.28053679729278813, 0.02692436189956604, 0.7046941556788324, 0.5998572080766899, 0.5809377371683921, 0.11419857454617277, 0.5855398375213908, 0.06089078770623946, 0.967774541525083, 0.7926599053947849, 0.1204974364718312, 0.3599637084056456, 0.6880203488040791, 0.43837823564785916, 0.5066593350027456, 0.9695475960209086
0.6770705564639603, 0.21702190177496705, 0.7163382087390803, 0.5122275572269469, 0.9044025203901669, 0.16014734166353206, 0.5379400358801011, 0.0985582567413259, 0.44033948472788764, 0.9782492033353186, 0.8673426934438833, 0.06131710442606664, 0.823168530525419, 0.6602634683140767, 0.7200069741716087, 0.4015384195689371, 0.9340137884227432, 0.02681228043771744, 0.5096457709411393
0.23477876588014523, 0.19226018506505838, 0.08647796974340916, 0.8632151955920204, 0.18154141285431147, 0.7589316766537733, 0.1903858131122479, 0.14316930820720142, 0.9431310805472126, 0.12218437616769384, 0.23731437184681425, 0.8613282582785529, 0.012307508817415491, 0.46115097911773906, 0.5314567331876976, 0.025097457153717806, 0.21361171998301165, 0.526769200656866, 0.32105461631831356
0.6910891825611607, 0.7544073784027023, 0.30582654322254743, 0.06508404420483394, 0.5519907675835501, 0.0007099829145091885, 0.0682717789749776, 0.7264338107979091, 0.8565218861195275, 0.07370583575080336, 0.08903846350118894, 0.3275014273430429, 0.9487817849076594, 0.9048986401839555, 0.15489696107640283, 0.05159348292961374, 0.6168440643173846, 0.234265692414101, 0.7886070788412534
0.13622140694758067, 0.3382983165157559, 0.08229388332326792, 0.6296539419276227, 0.7359106341379293, 0.7926874077044391, 0.9492532273910367, 0.30230107868190326, 0.10570599745674669, 0.9855688591365148, 0.7425451873481212, 0.659741822467779, 0.2874120782250784, 0.6033405442908094, 0.23120787253656505, 0.11506273930837863, 0.5428505728572678, 0.9961998756205799, 0.42411016235503374
0.367805591507404, 0.7174642645357834, 0.6879099746759176, 0.7960671626771962, 0.3546408740046634, 0.42521925756486945, 0.17720681218774637, 0.221027499449585, 0.45599496872241485, 0.3437724940809186, 0.6567652996372636, 0.42663248836569945, 0.948944716569032, 0.8402458107042535, 0.23481322093603973, 0.390454368131651, 0.7227330330162889, 0.6487019046315561, 0.8549253656628842
0.13030867366133192, 0.49787356335305966, 0.6617897870953836, 0.4328631831340788, 0.17036074640143006, 0.11612448410757215, 0.3038035561779854, 0.8642406424235243, 0.37707816629197255, 0.13307459573105207, 0.771310991777666, 0.8279457892657616, 0.22250027567169484, 0.27119531401284247, 0.38480941992755513, 0.030778316311902754, 0.6605312770528561, 0.4599813304475524, 0.8619067456052298
0.7035518056286382, 0.8786418334070201, 0.8518124281507039, 0.929929049957426, 0.5816158109397093, 0.3877732218789324, 0.2808411511428619, 0.9694285137789477, 0.25561952793523857, 0.531920250121954, 0.15286281706304683, 0.46947969644380894, 0.0711114625873468, 0.9333375402920029, 0.7729328182532379, 0.48686818548576105, 0.15330430576883913, 0.8691391131156654, 0.05744666957738076
0.21972265091937793, 0.6148093939067416, 0.42376687431231685, 0.16272443315093943, 0.8912597270728739, 0.9607556430309082, 0.5549373839231134, 0.737299532451848, 0.022295392972389916, 0.7794765086214863, 0.780551864646845, 0.6254550051235078, 0.9092442375633131, 0.2192511910605156, 0.7826490195521518, 0.9785702736842091, 0.4234683584601875, 0.5292354459241436, 0.9475171395010802
0.5441055866944632, 0.7828303404440369, 0.34318549201465964, 0.9707613206824623, 0.2881391078299125, 0.8005742365404431, 0.3319272734023284, 0.5984403274854166, 0.44059473775874614, 0.1051655729495874, 0.4619367358913884, 0.3895952214961572, 0.761250050800865, 0.12432993629339817, 0.651043365208623, 0.9806768378968583, 0.24708003425974345, 0.6769820502122107, 0.49178135788388644
0.4653824376584069, 0.9067621356561237, 0.5363154146740537, 0.7135938431381729, 0.5693521916613822, 0.8833599853521935, 0.13957320479162683, 0.11152427897523687, 0.08995955445253101, 0.49898504529302934, 0.07510441148332292, 0.8775143824256386, 0.5858632089776391, 0.22740289289261983, 0.5331384376696312, 0.11784909416546407, 0.5453901654080529, 0.13078823769441528, 0.3562062101552278
0.7997338284725789, 0.440956208757771, 0.6758219887087265, 0.810798601668524, 0.8095697806340089, 0.9363371342659247, 0.24879979507841687, 0.5521406191111646, 0.481614071302809, 0.056461502591556245, 0.514460863162634, 0.6609419629611886, 0.3431415173522454, 0.2964269372774502, 0.5720463656620371, 0.05314567897045941, 0.14691792654965075, 0.28720816552603023, 0.6985362256795359
0.5367821931624319, 0.4681878829674432, 0.9588513682730322, 0.07508422003474657, 0.3025313023327808, 0.4709708876885451, 0.11858117712949923, 0.565867182185932, 0.4072939530762827, 0.4825139738348976, 0.457748325053153, 0.5065353592966361, 0.9467494405251548, 0.3597754654853461, 0.8049979595938238, 0.6596076849904051, 0.5589108054250954, 0.5032683120332121, 0.7255814859018191
0.5243145143901853, 0.37690254028966774, 0.9582516896078289, 0.7440543851511076, 0.3766888855805226, 0.9031728906983538, 0.35895490560736265, 0.049410400699402945, 0.006689348815264506, 0.9332047534543992, 0.8449471773716006, 0.2667717882626104, 0.49833676929327375, 0.9191025462008918, 0.43033982645173385, 0.3034602829660581, 0.025829543417654866, 0.8594928275602837, 0.5101987992420917
0.7534731267179384, 0.6985978277003744, 0.33188853488536263, 0.3242760682569066, 0.48832890224882397, 0.23512356364363307, 0.6919063185240968, 0.06693574166197158, 0.7308284118190398, 0.3392479033406296, 0.7003771678144739, 0.16233756325772775, 0.032326705066320516, 0.6874482757266209, 0.42567407306344374, 0.963167468632132, 0.05897765996831961, 0.9319026562233361, 0.4142235930818676
0.6935363424325055, 0.42602989256926327, 0.6425257581604944, 0.1452999732795428, 0.7756578720283053, 0.7344921878519347, 0.925139181154762, 0.7134556429954643, 0.504894639846536, 0.6036969043338206, 0.8708652274204353, 0.20423676006427793, 0.025213157673391384, 0.3814464199977936, 0.1757149200644017, 0.1370421332600592, 0.9121468981798798, 0.849412069379308, 0.7982129622055508
0.7082198084930936, 0.9004251088920386, 0.9158874966933112, 0.7550507810334885, 0.8577486644308437, 0.42132390348021687, 0.990038825454489, 0.009833614376140276, 0.1229212955095329, 0.9375922224552159, 0.48571141396406925, 0.05614875961949828, 0.5802690718325951, 0.5648819881105828, 0.48460546632948875, 0.3432929417284397, 0.4911359879891042, 0.9719010562189417, 0.3454603014134917
0.6999860590906049, 0.7193299767711729, 0.3210360230371463, 0.6045735713315863, 0.15081531836867412, 0.500339076079402, 0.2941761409761504, 0.41879018467447293, 0.5175011366798288, 0.17862701810962744, 0.8717811339319304, 0.6785741206412101, 0.3956815413829161, 0.5493729372888461, 0.6137934983803188, 0.9396234717122963, 0.23045622745564576, 0.9755541709392175, 0.6556583859002961
0.5888990980451255, 0.4254724512005523, 0.45253981724631553, 0.41646473699966857, 0.6827253746747196, 0.3283804103289143, 0.12357521210855227, 0.7210425358878063, 0.794542538709742, 0.7777992160772144, 0.8168608091468181, 0.9866904879677647, 0.7190565891251866, 0.0675421443638401, 0.9944875621347556, 0.26206165285472893, 0.8656098566697942, 0.9518865966740068, 0.8054758776112395
0.4979605175106707, 0.9340585539756568, 0.5261662452912393, 0.5532201695982355, 0.15359984806659988, 0.052450267936007156, 0.8901890000079827, 0.6410937329965004, 0.7519290714596198, 0.9940979318449628, 0.3025646301208549, 0.6487644588995534, 0.945553519577112, 0.29307845328228976, 0.6898552525410091, 0.8709167837921951, 0.07223122100919499, 0.5475600610793379, 0.14119644699518397
0.15959354895116484, 0.5632815885027078, 0.11075174491627904, 0.9408373292406538, 0.04263462384914052, 0.5465543302864853, 0.11777877440987827, 0.7262637164714753, 0.4727335609056492, 0.7069837662715108, 0.7469330092717748, 0.04022121684054125, 0.537557005944992, 0.7363831486163749, 0.7985913634622134, 0.31618329196553485, 0.006979076774660142, 0.11621840701347941, 0.39429511269662465
0.7974698859551743, 0.34514198406986596, 0.3555191796931084, 0.66312520626666, 0.2985668073632649, 0.07123455922884914, 0.9046269581626813, 0.2648419875461623, 0.7243424124310935, 0.9620078103336466, 0.024525510049514754, 0.9818866739802086, 0.7081908954966183, 0.8742538690193807, 0.5449351195818072, 0.7408599968490465, 0.22145779787968245, 0.03776845778097526, 0.41208178420300934
0.41460838818743473, 0.499178996007161, 0.8377898729781666, 0.40420932219379624, 0.17110924007470563, 0.8765537330462227, 0.9862949862473203, 0.3795234324459368, 0.3947622749464028, 0.6201451328449701, 0.8796699325119756, 0.9110330020850556, 0.6159534206729894, 0.19988716489249903, 0.5615917980028723, 0.20519516823736705, 0.7384527424482528, 0.13452295660518754, 0.6518001750267649
0.42703521640017494, 0.0026618986550480672, 0.45994111480059474, 0.31942112163571934, 0.2775824840359501, 0.4280843615846568, 0.20919649302775323, 0.27548759623876073, 0.8088024740378216, 0.8078168718373792, 0.05176476106469163, 0.5617819838107082, 0.13991675949276472, 0.8478617261429757, 0.30545835324191495, 0.6902932679619315, 0.03211592849063627, 0.8945799386744576, 0.9849240496249551
0.14997993155337974, 0.03846325406358164, 0.23521295938992925, 0.46669058131228713, 0.7434088770109025, 0.06368583864059774, 0.1666646713010389, 0.8418993062460756, 0.2961281205486206, 0.8321025129567097, 0.341026033696349, 0.8895487448032401, 0.0337527265894767, 0.28780286252537046, 0.03978456037312872, 0.07714591224437017, 0.699027636650714, 0.6432905635508291, 0.007449747928619632
0.0356089877086,1.78371271912,2.37571029772
1.953326243e-273,1.16059720066e-29,1.8326239225
1.12087002853e-256,1.74906154401e-29,1.70212443319
6.15291891592e-315,4.21424272943e-31,1.57111422472
4.18310336188e-304,3.1937037921e-32,2.03691232246
3.87392922283e-255,6.26254503165e-32,1.85795491838
0.0,7.92748904131e-30,1.98543932091
0.0,8.55977421066e-31,1.99549185444
1.91058614087e-306,8.30892973761e-33,1.48161040207
1.43208945985e-265,7.49637090172e-29,1.89271520836
