$x1,$x2,$x3,$x4,$x5,$x6,$x7,$x8,$x9,$x10,$x11,$x12,$x13,$x14,$x15,$x16,$x17,$x18,$x19,>>f1,>>f2,>>f3,>>f4,>>f5,>>f6,>>f7,>>f8,>>f9,>>f10,>>f11,>>f12,>>f13,>>f14,>>f15
0.9152413847017562, 0.40821350392944755, 0.6218490822376977, 0.12121996223722609, 0.0649362403734075, 0.766552135879445, 0.21196020087356526, 0.2183848649585146, 0.8353202187904777, 0.012247777545409955, 0.3401411060373588, 0.9094459624604475, 0.12892314534846772, 0.417720927359419, 0.7040303537666842, 0.8536703488517092, 0.09128981125904534, 0.08810430956019488, 0.23222774155471793
0.575224589056071, 0.8782671166830724, 0.0318085204194819, 0.4671844105900177, 0.18591540854677502, 0.02229805342919522, 0.13632763979638973, 0.6800008960128339, 0.9642939987378204, 0.68374442825899, 0.0654970068544859, 0.655051461158147, 0.364162781645908, 0.5810639918467753, 0.6086882806584434, 0.9021864647559352, 0.5157927423556435, 0.336809203971431, 0.7005012243820014
0.7264199991266159, 0.9057207028593351, 0.44969040231193025, 0.09959466096113145, 0.720743639835492, 0.2687076561776852, 0.6696195357078938, 0.07045571022828856, 0.180383526496102, 0.9152006897994452, 0.8816026927446782, 0.9173641100355636, 0.7416733738157342, 0.6843981080658365, 0.38980766715744186, 0.6922040168022622, 0.18665767096883945, 0.3121265578544914, 0.6803964757339276
0.6044476720762242, 0.03647856888908574, 0.7389958835559355, 0.1154674736381257, 0.05547262553117549, 0.1546485908024846, 0.23963831978789096, 0.6058270531763875, 0.08106209475588211, 0.6240275341753548, 0.0859263283189009, 0.426318951806102, 0.127524135001151, 0.23742001410288438, 0.6183470676774668, 0.8820973075386487, 0.22771983607673218, 0.934366130940946, 0.6705552013826523
0.2095883141397883, 0.9894499801511837, 0.9559344466780073, 0.030964659648072712, 0.03917123990567817, 0.03493871936287685, 0.08251098851642902, 0.1592435858641249, 0.6950567512079434, 0.9093643707744749, 0.06005844641415392, 0.3508840052854295, 0.479602720739313, 0.4922845101628729, 0.5028375266659536, 0.35118077898262456, 0.761461007230829, 0.2907294705749217, 0.31376310700419874
0.6873109975342129, 0.9426497633038253, 0.5685462025631608, 0.15387500037852564, 0.9544634192206033, 0.35574530115827896, 0.3464005246904933, 0.8180416370668303, 0.9721251105152275, 0.19776834951969746, 0.8942228717661542, 0.37280637355456814, 0.28548004771743263, 0.08576157795838446, 0.8287372216417852, 0.7582804838036079, 0.24355545508589382, 0.5537586744956619, 0.8369164787427974
0.3622433669402423, 0.15726908153906116, 0.09928206825712271, 0.22933978300646596, 0.3752201061247247, 0.9290856810240844, 0.9041450425877615, 0.5131543395359134, 0.5323406576174294, 0.6304300175686766, 0.4099192502167124, 0.6816252995495106, 0.6529589766569428, 0.5408558676909361, 0.3849935708089187, 0.9007050906652213, 0.852755989452469, 0.1792602823591909, 0.14889186603220306
0.5099592692748277, 0.4512950588012391, 0.9766107211831702, 0.4328228421788617, 0.7347668089004944, 0.9944321412892528, 0.551095532410556, 0.3537251160991065, 0.7246122795917286, 0.5862889868575605, 0.1925442145053422, 0.5046285289148941, 0.6948350969656514, 0.15419260243195598, 0.201080316621845, 0.13679290588534843, 0.35672791584956387, 0.07340828803748611, 0.08093136963775671
0.5237365001319819, 0.11376130593470457, 0.5935043695971166, 0.3836803853641888, 0.39630096388024927, 0.9984595609190731, 0.6398403659234899, 0.6989490074472502, 0.19413855745213704, 0.09079930407625858, 0.35094876960798127, 0.3913495863687311, 0.7888653489127906, 0.44294846528937215, 0.8340940205552695, 0.35292588383817625, 0.9055039027869379, 0.2792557612215829, 0.6124186137634204
0.4007194146132046, 0.007406016920674552, 0.7432090043338689, 0.9229496051273429, 0.5550553710718252, 0.5384267628303582, 0.6390974148397649, 0.3518248455505365, 0.33044270340817417, 0.31262571183190735, 0.8506613446117273, 0.015504389111009154, 0.7250027302817176, 0.8440832867434421, 0.5002749932149528, 0.6179373488023401, 0.5905429063582905, 0.3063850948225506, 0.8012456839818898
0.28883950583138573, 0.8327532797088345, 0.4158979377783977, 0.9126147989685733, 0.9486372030653617, 0.38345877183953936, 0.0682046374982691, 0.8922609429033906, 0.9705967957594531, 0.8144071378431578, 0.7388502903212338, 0.34657266404353926, 0.3388670820856744, 0.6311780541204148, 0.3701510958151627, 0.47359780929283546, 0.01391264278902915, 0.7937574428450195, 0.4135714071979544
0.8897836900121409, 0.1560940020666789, 0.2245816778583304, 0.6254576953018017, 0.48054673630807576, 0.7588352342579618, 0.4152931770640821, 0.703337840564721, 0.9591930928991382, 0.8670302137961475, 0.6190965515227143, 0.4820624871167156, 0.3115974033381983, 0.21172824312427208, 0.17614132604458022, 0.10932830106774127, 0.11742042852388879, 0.12980899450220007, 0.19419067563193215
0.21280377893243785, 0.3197231881823668, 0.9223902392379352, 0.20507716223413686, 0.556349693282478, 0.9312180066233626, 0.691325234671889, 0.8464422615529323, 0.5428763014612987, 0.5988127914115818, 0.6665131679683706, 0.7051857429676885, 0.36764051854876834, 0.5275945724003495, 0.4331433247174571, 0.9538095892994686, 0.2022565425150722, 0.23467653221111784, 0.11734306775054137
0.08309130011417787, 0.5043957270999173, 0.7128653415693199, 0.5012474700949662, 0.18616096839062213, 0.8558399830750142, 0.3432228942765614, 0.22725020881019775, 0.8276107061656907, 0.22878134015305696, 0.901011464254142, 0.538372911391682, 0.4035392471562438, 0.7510625095178214, 0.742538853654198, 0.1235821618505687, 0.509323587009605, 0.2909889042733351, 0.28021339506738907
0.5399862784046914, 0.5961993321895579, 0.12739246621945155, 0.8189064835599413, 0.06241052074578235, 0.8311810995265067, 0.8201164350325542, 0.18550030519156635, 0.3849002055224008, 0.19427190538385675, 0.6309428985479132, 0.06583131028912836, 0.6753579679384561, 0.9339115025978725, 0.38530038052597104, 0.4140437073156594, 0.773213838263039, 0.33954372033613844, 0.5019601050967372
0.15423252584244318, 0.490716640851555, 0.8886389133149944, 0.7051418987975672, 0.3749502766263789, 0.7944359561650259, 0.6415840194216348, 0.6481074525682574, 0.5423058679334433, 0.9672692770627195, 0.09595821696584461, 0.3540839142292024, 0.34043233164470954, 0.6314504232252663, 0.46167619622017364, 0.7493664244635188, 0.8193724682534115, 0.38951733841839364, 0.23303729025808229
0.8983742791459195, 0.11628240476990259, 0.156887392088376, 0.726853404427241, 0.5874025436658323, 0.40799306960526804, 0.9024395937239568, 0.5414857519332965, 0.6279013014462186, 0.01602347966228801, 0.028069162175056506, 0.11691354229113682, 0.5625862024497641, 0.02627231660889695, 0.591372000488254, 0.5441446560405524, 0.17491336603034868, 0.1816539168965995, 0.19760094198761724
0.08105997607938575, 0.3282517578433257, 0.23248151066381173, 0.3785543607593095, 0.09133424561241599, 0.5363645724483277, 0.15854403436714104, 0.683062380389756, 0.8097507184079576, 0.04187957889593008, 0.6596246354570432, 0.9312180394951403, 0.8541484541415529, 0.21809217610318543, 0.2763935927823399, 0.9407954717535284, 0.8056508290828874, 0.5413970024030957, 0.0471674356707813
0.4892848781406267, 0.6676435887474995, 0.894784806439847, 0.9295407740823749, 0.5161757513568915, 0.5749810467148642, 0.6827191968519198, 0.12448848717018235, 0.9576511520844769, 0.1314601529799585, 0.03626615006122813, 0.7697290782540952, 0.3203950328869225, 0.06221374700648419, 0.18396219325069862, 0.34837524591704927, 0.6230362117373787, 0.3266844917174829, 0.4843896573112433
0.16343961872934298, 0.9849374053258552, 0.6378583482033559, 0.44210714780345184, 0.40714376071885783, 0.3786878637129134, 0.6410893845966846, 0.9107138224979205, 0.09742181777844017, 0.5497798565190614, 0.6440807314257893, 0.6318105240328247, 0.7964489921003338, 0.11136291557996425, 0.5047137088041885, 0.8361542888543992, 0.9148841679147425, 0.4054316435399625, 0.09539759353887811
0.8230688118067605, 0.2281530885352937, 0.04583890843984684, 0.9000508413611167, 0.7177779654319287, 0.28635364495605886, 0.279262550231954, 0.9318346373961134, 0.6489577165241401, 0.9055797819600865, 0.43623736360194443, 0.4238204583748597, 0.7070912400453212, 0.8537004631823294, 0.01684402578587596, 0.06063431038257083, 0.3875354152286664, 0.8486124014401998, 0.18195334629351134
0.39031568168183306, 0.6249679217771626, 0.8358306691309687, 0.12567374824338284, 0.7854855574650025, 0.095487085590094, 0.40030397574894505, 0.5148804979761037, 0.2609755447939003, 0.42667865250411374, 0.6067453507705991, 0.4077454450094703, 0.2797935647607943, 0.41196438743085073, 0.8596234588883724, 0.1098191093269798, 0.074569862514966, 0.948615567269919, 0.8622004057807281
0.9675578775589755, 0.37428113749585945, 0.9087760367792518, 0.9876515757556706, 0.3275424925836121, 0.2991904598928482, 0.4833927259373124, 0.23638443415336596, 0.17824840544462994, 0.5575847290480109, 0.15261506807465908, 0.97182525988179, 0.07819034631138044, 0.33840949951418253, 0.7295758364223692, 0.44692775927838746, 0.3548547369494822, 0.0039043348769667308, 0.620572414732761
0.706179560121115, 0.24156153961045712, 0.143592334661937, 0.9206401846695225, 0.447908944947204, 0.5805707744564235, 0.41942552658911036, 0.46571616621513756, 0.07638396876103626, 0.8529715621541806, 0.7173203280671686, 0.8262577426871046, 0.022991860862789038, 0.2608424199953173, 0.8958293026196231, 0.37266048078267555, 0.33231814870078513, 0.48191123868900476, 0.7340483566774737
0.688438974215041, 0.29819774632736307, 0.7730378091473687, 0.8381003690878229, 0.07150341832379126, 0.33805806498364577, 0.07861546095665517, 0.1502128785275748, 0.9167718170273613, 0.20380905931195725, 0.9284679530959009, 0.9640144456555149, 0.9139886632740929, 0.6037351526683464, 0.7127024704431294, 0.3994279886500347, 0.7602021277714479, 0.07962048472174288, 0.7559686195671715
0.7222347800284646, 0.3799819370531191, 0.15700711683352697, 0.9562016571295854, 0.6004488328910955, 0.4481828028533973, 0.3685341576712923, 0.05002386982196483, 0.2990587021372436, 0.24772952150566874, 0.9941844276544151, 0.6136790033123334, 0.6437271896475588, 0.2998868099521861, 0.6711004895009894, 0.6051235585367021, 0.7089164843961319, 0.42438120673988844, 0.36476913588981785
0.07423776874219135, 0.6063140224918643, 0.9151772681509597, 0.6715596001071595, 0.06875313741094435, 0.9168203320666386, 0.8345955260629807, 0.737278142025994, 0.6288282196384556, 0.44300007460239843, 0.7450849909959633, 0.9116368519883638, 0.6386799419707555, 0.026088731303195, 0.9607756537828223, 0.8402390925284546, 0.8906159662201618, 0.29384281022719105, 0.8681754570159165
0.10668484589206695, 0.7897685315395344, 0.8616224638688506, 0.46233831433604833, 0.20918423849473955, 0.08324608854066728, 0.787794309615506, 0.20267405554196805, 0.8736148208686915, 0.11832054702083172, 0.2274386897763534, 0.24594996176186612, 0.14243705129186313, 0.5989175033239827, 0.03717267192033902, 0.7471416850637272, 0.9063496830226883, 0.03164979323800532, 0.7899664348068254
0.453170890870497, 0.840434792531233, 0.591833754398365, 0.017764908030430737, 0.9530676351642102, 0.595646778987817, 0.9193019426359619, 0.4732302324361918, 0.6914392466783622, 0.09910783450057492, 0.16787238445118957, 0.19571142474338954, 0.20488067834413104, 0.4235876998129875, 0.5618143462998981, 0.203841789925011, 0.5192092748416655, 0.8344973605792628, 0.8317982792036205
0.06343884108656972, 0.16021493854975744, 0.56741477735922, 0.060200197482072615, 0.10454993544584201, 0.8998570711002961, 0.2704980596522607, 0.7662327433373812, 0.4527324837327412, 0.025041711190807114, 0.8255019354846874, 0.9432775454679843, 0.6915746730507325, 0.9691514025172471, 0.5903320468388173, 0.6793935848882394, 0.20219341784201594, 0.9940021466200307, 0.9202258095401505
0.30863840049602875, 0.8308897181737729, 0.8636018214337544, 0.8720504787441878, 0.6267696627743351, 0.8708117359305616, 0.5887283017557318, 0.8685100169661635, 0.34699434469749635, 0.42446428681834225, 0.23130161189584342, 0.6778648351786861, 0.8827634751974249, 0.1938839002817846, 0.7518351270556375, 0.7699748709841914, 0.626024891802401, 0.8431182828969804, 0.02556807407422157
0.39722910685041857, 0.4660689802975695, 0.9576945372200979, 0.13025124142796607, 0.6571645399871372, 0.49769031856001467, 0.6438982450364286, 0.008360072475140923, 0.45752026285550795, 0.27789461422125405, 0.5536416218219531, 0.6411232757043099, 0.6418004600896147, 0.3090839046352015, 0.02177147021483583, 0.5845057996474352, 0.4578104861868062, 0.2032893835395866, 0.49499170531298486
0.09824716979523418, 0.8704018832421981, 0.18718063710586885, 0.204974947680999, 0.4737304107760991, 0.07347186867633393, 0.9644078037711674, 0.20628280844336444, 0.04656666639131812, 0.6447319236577369, 0.8004800566847449, 0.7128099550182755, 0.1252963568083154, 0.5130046278347241, 0.24098339348291276, 0.9885710350384044, 0.3638024368173435, 0.6329149261878506, 0.7864587039971788
0.6570182798687422, 0.29404686550764414, 0.11395902065751096, 0.13015616117885254, 0.7947890878632544, 0.3667484439936832, 0.621053991172985, 0.46569580670547706, 0.8192008205482804, 0.7509167086043785, 0.8984679463744779, 0.3189666756816756, 0.887892628391591, 0.11744257449557749, 0.4893995809198852, 0.7180800655704638, 0.24298564300892966, 0.5664759701661956, 0.7745971849025944
0.9292379662033898, 0.8697252724195038, 0.4971771898963341, 0.057059162611055925, 0.19286903528516353, 0.379749317809579, 0.7093131326763997, 0.695312940284942, 0.1525574076021845, 0.12310627286046893, 0.8047254339178735, 0.1912906737264105, 0.8215153556871767, 0.5149372325957625, 0.5297299180372886, 0.7102479333856591, 0.7386227022701048, 0.19669810610363814, 0.5355129620961634
0.9352867687568661, 0.6169742282751663, 0.859784938565949, 0.9479260624397544, 0.8662784008368288, 0.887168729690902, 0.24891768229684053, 0.6546756770756506, 0.7301713640819699, 0.14776007541909741, 0.9417668284754382, 0.18037197276893713, 0.11596199189189715, 0.9428634264984109, 0.25444646886854505, 0.3595672322170058, 0.832519795190226, 0.40801027657337197, 0.8692818657715694
0.55807561662651, 0.8157634188882873, 0.4588033381555833, 0.057560314237543486, 0.7715010639045512, 0.3680370978181078, 0.3678259915418125, 0.6715294437017827, 0.8047966114835422, 0.5868905320988692, 0.20414176144944207, 0.24614499741699125, 0.4065010431282571, 0.36423422657559834, 0.040539565639277075, 0.644682424493431, 0.6347025479248708, 0.678435595093171, 0.2107777712533867
0.8351072807092561, 0.8961181650046444, 0.8320523410576658, 0.8062249702213988, 0.9474181999806824, 0.5144410845565811, 0.18082272946647715, 0.8472904658703968, 0.9173966332367571, 0.855855155542967, 0.8499752136414142, 0.7372397658050291, 0.5391745095982626, 0.087304096940503, 0.8731281382202769, 0.7190357901322526, 0.4507667235967865, 0.28324522080144543, 0.20793850603079778
0.6428270779757473, 0.6867488878183712, 0.9918886075020711, 0.23592530353897212, 0.22276337762917486, 0.29641877232287606, 0.012142473417615651, 0.08391220407818578, 0.26629923333306516, 0.6515725314087352, 0.7353829348293437, 0.6152104179841607, 0.8058168881406158, 0.033322293922177004, 0.8978679673750375, 0.19952378739947263, 0.19655517771335396, 0.3432107283875163, 0.8947579266721919
0.6043403763557093, 0.7127482288885026, 0.8099042400753247, 0.14899556099057365, 0.3786355038072431, 0.6930480347021032, 0.9453057018576875, 0.37658974794728517, 0.4115042629562313, 0.049756800197753415, 0.46074615485238446, 0.5030721884310807, 0.7308726569396338, 0.04236459203489085, 0.3094775737498825, 0.07169905103848895, 0.50670723346646, 0.587190857321231, 0.16748882114977637
0.5847627307052784, 0.4397558388700292, 0.7880649586387571, 0.4795528879961378, 0.05879490547781607, 0.030360774253974876, 0.5408635915251614, 0.09139351846436117, 0.8153299336069926, 0.26247272289854884, 0.06404545749706758, 0.6092228802376387, 0.6156027831044226, 0.21955982938073337, 0.451867281748241, 0.5660110733133047, 0.7337049372582773, 0.9418580219607642, 0.25051071035435635
0.699724022927398, 0.4722093868885451, 0.8493662878257302, 0.4920974828204401, 0.9150162839009965, 0.4633779449172488, 0.07492983768048389, 0.9288020133587505, 0.45563712568981274, 0.9871487269317227, 0.5291584922022418, 0.5128633785021078, 0.8231674687485916, 0.7081493048436514, 0.7170899870021153, 0.6927478675117932, 0.26318877490869685, 0.27823591838937145, 0.26574158489746735
0.32999970445904314, 0.5231518911892014, 0.16172245379223726, 0.7979841254992495, 0.2892691300757083, 0.19868508624325654, 0.9543013176022318, 0.6943501106433247, 0.920816728826679, 0.970638981851967, 0.6788716367819646, 0.23638002779584477, 0.7430946459297534, 0.29201375376227734, 0.21984069175089282, 0.27314503549433455, 0.43891751344742125, 0.5296106006147208, 0.17326753600114997
0.007967946772721168, 0.09173997309791992, 0.5986657585429807, 0.8806227974674413, 0.45477492274699116, 0.8062736749699102, 0.18185414712961312, 0.2327985815573399, 0.593293704665722, 0.6872152626119625, 0.6451793540972283, 0.005303432044545642, 0.42504406470090406, 0.5543758351821293, 0.9652868901793347, 0.761380413879971, 0.7611475204471321, 0.934809313151646, 0.3156514962038398
0.8372177650891662, 0.03671028953740885, 0.5346410610522846, 0.9059445644871216, 0.6094912031998782, 0.9164440285623419, 0.45068941136430307, 0.3179630443800724, 0.06659592456756724, 0.670237788509389, 0.18065928291714428, 0.44802959300162803, 0.12586579738216286, 0.5466186827857666, 0.5587981363077671, 0.20327710424955625, 0.9808795007208652, 0.2838902804039264, 0.554357817436681
0.5043523818122786, 0.04176636747371043, 0.6687383367047406, 0.8867773808865177, 0.19273850932933267, 0.9038595318452025, 0.368541698225904, 0.4958812315361264, 0.7403181022787003, 0.3834054945278258, 0.7717346377306974, 0.3598892835662568, 0.4824859846271876, 0.47600527034773465, 0.8284729218864256, 0.43897748693629046, 0.18100578732550854, 0.6237528997699622, 0.35992105732067114
0.6811035955394082, 0.6129330946186747, 0.3194195370741191, 0.9218705873617156, 0.24534723997519836, 0.47117590290677247, 0.6878345587101585, 0.9038893911267754, 0.15539131496556868, 0.8787288193817951, 0.2022387267476684, 0.8094674500186784, 0.5174280790509617, 0.05588649135640644, 0.22039224876175056, 0.5001415564289775, 0.974625480993099, 0.18334930281475526, 0.0896064629378196
0.1687425600501169, 0.960954558574376, 0.18918212388305478, 0.23902032903773163, 0.046305968754322024, 0.9122288512277326, 0.04518447300642525, 0.867763676387254, 0.04484281503685117, 0.960537031422771, 0.8389645468686858, 0.10572123725040194, 0.44910996278793613, 0.8094446331071526, 0.905047186314026, 0.0038274051036267798, 0.4427930127630234, 0.34504713233820716, 0.6326573292082796
0.7853685731894688, 0.2491601343220381, 0.761644155809076, 0.32403005897606607, 0.5771708230858542, 0.7307514075222761, 0.3436170681812156, 0.6207154422650395, 0.13846024663073087, 0.23901028304591476, 0.04927505541903421, 0.7468013695553123, 0.5946432923971681, 0.8539948889183049, 0.7334728569466429, 0.41872042817640254, 0.7353525007321673, 0.07623550317793926, 0.21979857283802595
0.2691098330158066, 0.8483454427273963, 0.4459220050845578, 0.6687284135037214, 0.35913524227154814, 0.1769582042069775, 0.42058731870233124, 0.38390629041642665, 0.6648623977883256, 0.8465174845171415, 0.9309447617518337, 0.5378204237357644, 0.8548802728751141, 0.5960721554480456, 0.2591000649990499, 0.3408236018457962, 0.37834200060637757, 0.6270965551583568, 0.06662160544576157
0.2931189289527898, 0.5479149191400544, 0.15152386571006016, 0.8912875284543388, 0.9194660092200106, 0.24122059202389867, 0.9484550289182033, 0.938424183580252, 0.5133167427578431, 0.2303861632160331, 0.46595672046469294, 0.3199815682667363, 0.7595929601876024, 0.1991344317947915, 0.6094975665677901, 0.23224313012937126, 0.8311607891111642, 0.27620328217757295, 0.04067209152842155
0.7640605562336705, 0.37516396560402665, 0.46480800110180165, 0.9793691181981323, 0.5759425710138156, 0.8665782922349522, 0.8195263989112318, 0.6620110121913643, 0.15092501863955599, 0.13421573567279488, 0.8576030069470979, 0.878622988147067, 0.9192293149582732, 0.40770008764498866, 0.542725347780725, 0.05251519131878579, 0.08560770649183935, 0.9851697618933706, 0.6565806759669343
0.835541131842196, 0.14843590884689473, 0.30938208265382483, 0.9296781240836198, 0.11311727030354757, 0.25704489959885823, 0.4597865839226728, 0.710947537096975, 0.21372144388238368, 0.942988258403084, 0.9984570680745384, 0.24361184221420873, 0.4229988891507557, 0.31113141916161413, 0.7919870807664638, 0.4409806671045473, 0.38878887408079654, 0.21450753530297517, 0.7704571923215803
0.3432869941000828, 0.4339065187067149, 0.8287899211169074, 0.23344203018259102, 0.005595208541821384, 0.8343832042016416, 0.7474888860286314, 0.855503435818512, 0.0671738308842067, 0.6542583666294922, 0.0742610000202516, 0.5179845425811189, 0.6159308617796326, 0.056726928489087225, 0.4885407562131514, 0.2438031463450352, 0.5798440662776638, 0.30167815035932766, 0.8588468502236379
0.9610849847733847, 0.6277647977829197, 0.5153151287748634, 0.790766646490606, 0.8852384427075494, 0.5798626890466508, 0.3847721522816496, 0.15723133188595873, 0.35397446469472316, 0.24590897523506716, 0.36437568377147833, 0.6514077717551181, 0.421973714143852, 0.4668257131182757, 0.6934116588092669, 0.04623434355484746, 0.9617680416075022, 0.8337825953492426, 0.8919253859794224
0.318359254541403, 0.5391279772812299, 0.3355253022612058, 0.34828234680061476, 0.33715743020564803, 0.850809691012121, 0.015916198535458115, 0.5213232160782708, 0.8541527444094169, 0.946430020156434, 0.44104096873404264, 0.026887416130191966, 0.8313890993800763, 0.2573056272141311, 0.2648558321531427, 0.9110993919246748, 0.00015611927284753246, 0.9521128158741722, 0.6286192303306802
0.737144128171296, 0.14850249894266698, 0.1573261403384758, 0.33664665191776977, 0.02449135922798884, 0.9725464984218082, 0.692867084314234, 4.270488211699508e-05, 0.15440741166771388, 0.11160746308300329, 0.46655027398916715, 0.23682417100296627, 0.9249995669703446, 0.31309854965653927, 0.8867028874875758, 0.8061790940775593, 0.18979241829724713, 0.6240583549963375, 0.519901629922161
0.5429468350466535, 0.7991920113876061, 0.7691766769301241, 0.45136315187154186, 0.27044715004924036, 0.4924026800046142, 0.3251692717070772, 0.0964881296999811, 0.7842011348084965, 0.9371436641596813, 0.6009512364585555, 0.39717905049398106, 0.9066641310690964, 0.8264351904199938, 0.34652477633202194, 0.18226837022785003, 0.23436236884370376, 0.26826397787789547, 0.19670940840627493
0.5419954350471164, 0.7093061856333895, 0.9808273110227093, 0.37680152350611684, 0.9566734629980288, 0.07192661828653157, 0.6723766380528794, 0.8607577995635753, 0.8796023380062359, 0.5565694341693926, 0.036730705434673716, 0.1474002092721356, 0.8519034738506027, 0.21641464982824266, 0.29928636275915566, 0.25571388800920936, 0.19811511233530865, 0.9769297066710129, 0.3310120167667139
0.07980810646129677, 0.659776877054771, 0.637405963921961, 0.43529782899601766, 0.22008681375691708, 0.7752589050298796, 0.5383897998709305, 0.22433903470436467, 0.8575619237501123, 0.578175429903808, 0.4835708709362472, 0.8547180443006993, 0.14343545900538812, 0.26888686754788627, 0.26345680686716655, 0.18218772533965555, 0.6765626442096471, 0.6912626241570794, 0.8287055552572995
0.7358173025412876, 0.8279365966565952, 0.07028608637135914, 0.5577081204693926, 0.946519555960923, 0.9599411466938661, 0.3681261782484936, 0.23565035823400704, 0.9581570998982414, 0.5821464518024506, 0.831788054510912, 0.7193749601605879, 0.0820149409553792, 0.5795160370671433, 0.9373608692135607, 0.4109190559681428, 0.5417737149882166, 0.13453506336157706, 0.24212893530974633
0.5640554325618335, 0.9109971108426925, 0.15220553003214954, 0.03134390128296549, 0.47451343220274156, 0.4941756225218046, 0.12324923425797929, 0.48011817180254523, 0.2271192316108942, 0.03925794285665429, 0.3974526133114592, 0.19421986644351963, 0.48189085856469915, 0.11539937903657593, 0.5355830762291106, 0.98743957136219, 0.826592790816331, 0.3847709739452909, 0.02091693521005178
0.8998154981331798, 0.5760445654123658, 0.7259352198901772, 0.8580156414539387, 0.7613468117973721, 0.8854735401903827, 0.8847293701819793, 0.8117156255736027, 0.20649440385042372, 0.18184625947325495, 0.20232065949540112, 0.02606467451976513, 0.5354269906878186, 0.19944166989250367, 0.6079414188968206, 0.007002571155434012, 0.06829156172854733, 0.1898146322655967, 0.8167120871984813
0.6618184006525011, 0.9728149851856162, 0.13881660800899287, 0.012624794574466636, 0.5685254631404472, 0.04661921326270413, 0.09069873545504337, 0.3133041150068493, 0.2821126789803571, 0.13535270246765108, 0.4939015006970431, 0.6296060833899666, 0.4928794504152535, 0.7967717462441707, 0.12598950973991685, 0.3019914359725627, 0.44129498262602307, 0.7432161139249023, 0.6158076997406225
0.288506917459321, 0.3044247167813998, 0.886704576515966, 0.30445044535699095, 0.2887185544599036, 0.8561199336200614, 0.8991156957769749, 0.6382592387685386, 0.6612649022863748, 0.873007144446283, 0.2279545909292422, 0.5495228299909716, 0.05809832742559862, 0.8718240326112956, 0.13416954843547224, 0.4076669901589888, 0.9296447691633849, 0.841414435933173, 0.4476566730700553
0.9495551079791563, 0.5801621646648467, 0.8455869575324365, 0.8580317285282348, 0.2811005668096115, 0.4563642824726545, 0.46560651227505667, 0.19682282904513415, 0.9492703480841277, 0.3785974535200167, 0.6743081347605774, 0.13628280827326877, 0.7166339874296203, 0.07499226855498164, 0.3692164815867225, 0.1412048471056523, 0.2992818442291785, 0.5274462886064971, 0.2683181439929605
0.29021459099156455, 0.7498304784794748, 0.9002065598653418, 0.001143292672389773, 0.4741297401219856, 0.5748719225291677, 0.4414934246889334, 0.7264186977395528, 0.8043478633359187, 0.12125506149466092, 0.9835661952935689, 0.4714851352429458, 0.1691665350939029, 0.7788930267103926, 0.040036171838228274, 0.1687031594592856, 0.14050106919755023, 0.6214938954187602, 0.2728724923123804
0.8253135079952585, 0.5798886254314678, 0.24396088266364035, 0.4003556340947867, 0.3562639583691043, 0.4492103448834993, 0.8304502957587963, 0.7505268674035783, 0.7529389964049205, 0.3999286570934808, 0.992044563113851, 0.06227859713141415, 0.06892096540785908, 0.8096513916293205, 0.8805353700933483, 0.7320427373665567, 0.735874031742644, 0.910545380472408, 0.23460571200957503
0.3789194580641865, 0.693590630497095, 0.039138074214769, 0.6478404562233258, 0.8948204858446808, 0.3108938433088736, 0.29752668811963556, 0.6406158158843444, 0.2307384216625954, 0.7054431669905765, 0.13853545258223832, 0.7901866736212633, 0.20655002280499657, 0.1461045188592749, 0.2025060494785521, 0.10500214612509817, 0.4190637273272769, 0.6849114542048441, 0.743062444297161
0.8908096330533839, 0.39803870908367833, 0.6973323820552294, 0.032216934625639904, 0.6124862373845795, 0.028751642583424664, 0.529162561098281, 0.11657781134338596, 0.04340028661243578, 0.10007593823475047, 0.5104307175367966, 0.6254198376898332, 0.4389924935298819, 0.4426909606780588, 0.6137342072504336, 0.8603348759514801, 0.757108549186243, 0.5848105883150342, 0.34677721747918966
0.7363266742923001, 0.4576353200120403, 0.7644026214856899, 0.9567006466618151, 0.5009131097242463, 0.6498021396693172, 0.43740605045399117, 0.5667975091783075, 0.6891979163725251, 0.07128253520082539, 0.8087461800023146, 0.20892773705894785, 0.9728249331050439, 0.7556042547092208, 0.6905250624672707, 0.06100754205884429, 0.8687732445729629, 0.09296330518524709, 0.19474341450516686
0.07390685480915293, 0.40528440270630384, 0.13960278416173844, 0.6727218274408799, 0.6021998325220264, 0.6951738738062951, 0.5783118636604855, 0.4747176757718813, 0.20859378193959155, 0.796978511427438, 0.4546981601141764, 0.6663461161910633, 0.13792181860722597, 0.4666568528159898, 0.7770821028048877, 0.5073540375269542, 0.09096708074447413, 0.8744806711244134, 0.4337403445936784
0.18682238550657038, 0.8399284552403328, 0.6260572995766154, 0.6414999443297528, 0.8893113565411969, 0.116648667553087, 0.07156797938397685, 0.9798279820871196, 0.4436855595713568, 0.6168370233100736, 0.5004023458933485, 0.3496173141021104, 0.6188449236599111, 0.7682978912721222, 0.2646150046082726, 0.7469886880371721, 0.541366088871804, 0.5471822346907236, 0.20341035651433081
0.018241828359808587, 0.6517509101429092, 0.40016385744665073, 0.7100293516963838, 0.5115686182539662, 0.35015226401850275, 0.1987194639620219, 0.40828592695835964, 0.5978812359332429, 0.8942494981288374, 0.7995869706849471, 0.7231331777863365, 0.3804436623870443, 0.8271388569429876, 0.9492089201720091, 0.7647226184311477, 0.22231895483933994, 0.38125276331059865, 0.16578282542530387
0.9305421989185809, 0.279235542389882, 0.22036938350871194, 0.485961929358676, 0.0612211513380545, 0.3800247179358863, 0.5358691250457633, 0.95290986410835, 0.374685322292327, 0.5208959739362582, 0.10119893214433706, 0.9131943443103535, 0.7912935126889741, 0.567196819354598, 0.28454283822132387, 0.5814671651738991, 0.0962087668718935, 0.18015845716333212, 0.09260915604088205
0.5031786549126176, 0.7897612673591754, 0.42478925034387305, 0.03378960596449554, 0.32822436461099913, 0.6713487427451883, 0.9000047269224809, 0.18926636762958682, 0.27483687530632706, 0.48040427872032176, 0.705055871857746, 0.9022076615789202, 0.06687845422411909, 0.3184530412889931, 0.06935560504815097, 0.9831058158161862, 0.5125729244899958, 0.3707983223190576, 0.42734544097811455
0.15501051760139983, 0.8009477823551124, 0.12463795749362405, 0.9071718198270663, 0.44660286857664566, 0.7680497087458991, 0.4599497257174803, 0.3730760416304997, 0.6147959766263811, 0.9381331273353948, 0.388285702443371, 0.025576240072383905, 0.9481077665675393, 0.006009752879537533, 0.9794589487932385, 0.20618657650657368, 0.5768626061719869, 0.13664932284966447, 0.8617918604307218
0.45678335469762454, 0.21119871429952253, 0.017277750135594183, 0.17646787338632242, 0.41945421112463455, 0.8204413046339568, 0.5818092951718795, 0.24517869778445978, 0.47321551428692943, 0.09848466327996108, 0.19790584010765866, 0.38645936546070137, 0.6107664551615427, 0.6686905587299012, 0.35146879933681785, 0.8664751520971865, 0.9557837622624697, 0.8464595072165801, 0.9526719231702641
0.12462707211018209, 0.9729194295716003, 0.9085883785652966, 0.4257788148782973, 0.5455409297047954, 0.009121661475204101, 0.5270391381324656, 0.995235444118998, 0.7663453303572345, 0.18579931500100755, 0.7283431529420407, 0.32829695525149827, 0.828443251032151, 0.818915856637514, 0.28154457948737377, 0.8193847207807746, 0.4763566066840522, 0.891048925880388, 0.6783918594053359
0.5260823378308793, 0.8692456343377724, 0.29083648152319985, 0.044438304052292876, 0.7164411340706168, 0.5275601094598326, 0.14198107738243448, 0.44648710033995176, 0.06135447994664256, 0.6403628187490514, 0.028591248414135517, 0.22262990265387161, 0.14611429329033976, 0.42503448365685714, 0.3298377992564804, 0.08703927353053642, 0.16180625903828916, 0.33949835499471437, 0.8827170971522367
0.13096518263315182, 0.7908662474834228, 0.5227548047445097, 0.0911935787586009, 0.7366940723400814, 0.3650330810599194, 0.2634632138543258, 0.8450489919586858, 0.4719984153346335, 0.8293626092476306, 0.09552182675868437, 0.4177258451604744, 0.4002222027771609, 0.942681712285013, 0.1944201999278632, 0.09019696848550729, 0.2732218099059156, 0.45381829938960005, 0.837897818169073
0.6983782718166667, 0.5115109093728244, 0.5119468825803861, 0.04257000032638003, 0.38400799615703896, 0.7235920989892135, 0.5104433820526086, 0.12631321726051714, 0.8947567127610143, 0.26229785380744963, 0.9721591233790574, 0.9332376976597526, 0.39112003001768136, 0.8656494947509505, 0.7067953805052479, 0.4976383131062476, 0.6672124544240742, 0.24993565167528253, 0.2394469951167919
0.3035592696412086, 0.6797331734251602, 0.027157388798023874, 0.8770238683679147, 0.3902944293116962, 0.2579667775038702, 0.8272507960014188, 0.11370542550825258, 0.25632280244146466, 0.7931670091699857, 0.728213110105458, 0.8279077762095104, 0.44863029588515346, 0.09012491312433324, 0.870423869465331, 0.21483917568791067, 0.3912762374600718, 0.6697281735857575, 0.3188457062890361
0.8938486940992941, 0.4459105418569508, 0.5305944410747987, 0.2440116013547058, 0.47235709386716906, 0.5267191011169514, 0.803155212924943, 0.5020756477500393, 0.4987259862565707, 0.8560283521850037, 0.11515901900459868, 0.8924665006329044, 0.7514497568934929, 0.09951213939508419, 0.5137201744340366, 0.557470652927206, 0.6312230446733837, 0.3785432562830301, 0.5566874334813395
0.8425135394945761, 0.3238892762915472, 0.015487334696833832, 0.31718401598451895, 0.13132291200851987, 0.46551841401287763, 0.8427757942745493, 0.298701875886514, 0.9846714697312693, 0.5631884656689486, 0.9525552208232426, 0.14434524654904868, 0.020031164319764705, 0.16202594868254183, 0.2275617319578258, 0.03299457040676168, 0.1672241222888079, 0.09277108245249055, 0.10028027328901723
0.5148985822200352, 0.9003440606061405, 0.04998983285034864, 0.2759954756407601, 0.7878795023461682, 0.08270098332527764, 0.31850886981382065, 0.26875854740787053, 0.940768518775116, 0.40589323017123313, 0.10193778496419326, 0.6139144614434636, 0.4168681205593747, 0.9926603702070308, 0.8828315494363458, 0.1521875515009775, 0.5589439318684416, 0.6156301139967868, 0.955397214496622
0.2694015853271924, 0.6413963840993638, 0.12151363381072344, 0.4511526852265638, 0.8699218254267538, 0.6657826999812975, 0.902615215221663, 0.7728460471252876, 0.8988080093062439, 0.3807609784663969, 0.6169854670105291, 0.35358799303745625, 0.9548779431273139, 0.038534756736400055, 0.24922520051007024, 0.7840605742697611, 0.6970315268099968, 0.5311338561882137, 0.9604170417169513
0.7031500841543321, 0.015674666519653102, 0.293318613654166, 0.836756516248006, 0.3451605257671557, 0.47524625371189944, 0.4219880393385955, 0.04764616103677066, 0.5809706909612654, 0.08849024245740311, 0.4148330363440278, 0.38946361060660295, 0.047934369708816815, 0.38447051861675907, 0.9207344441534097, 0.9607980415832746, 0.5086457006974783, 0.25512935728057984, 0.5468047716014857
0.9225555125648571, 0.2630496948314692, 0.6524428895984703, 0.7872454720043878, 0.457465765492166, 0.3956265421631361, 0.7258529942875817, 0.2267225903441762, 0.07278702997062836, 0.889395453375684, 0.7908511636750822, 0.31851451563007616, 0.5569834908658191, 0.3392534455148688, 0.9078911099528654, 0.8945046404526287, 0.7342891257925268, 0.23589250794091088, 0.8518370438031623
0.6816481461201842, 0.5267883145194989, 0.46636323970267934, 0.3788451815938093, 0.7118057739844241, 0.028153892758291277, 0.4424201555218886, 0.4706049926528739, 0.362967015674028, 0.14413354612525764, 0.891110124538097, 0.760307320445406, 0.6849682724141047, 0.5970137968943091, 0.3006458318684875, 0.9419446366387657, 0.3386096120235924, 0.6950176385332921, 0.24405482169131343
0.7308798991552394, 0.8107175378537372, 0.14014111510689398, 0.12473166003496916, 0.30626476907223577, 0.04405747560833195, 0.9785874310932849, 0.6448942785050633, 0.7093734453464803, 0.16242658052389813, 0.8122600755820746, 0.9149592032367196, 0.21679481703156733, 0.006431357474073529, 0.5407261083296966, 0.8281360689937658, 0.39364919396337394, 0.879590373103726, 0.15130491558387005
0.694061423290562, 0.26861420358412946, 0.9940727460882808, 0.5481762252557616, 0.5663885342139727, 0.047104970059948625, 0.1811015082569376, 0.6666342460046308, 0.40708818210898823, 0.25018659937618903, 0.2956744260623262, 0.8307659645530093, 0.7096767180732054, 0.46459718782347315, 0.129057460140395, 0.8013388846456146, 0.705408569628722, 0.9701601601177596, 0.7777576986051863
4.06418512532e-10,0.000389204640132,1.57301317159
6.1360292326e-10,0.000338364342316,1.89811558708
1.41253964864e-09,0.000995754286799,2.21152373401
7.6414568369e-10,0.00238147433191,4.79099597454
2.11382965365e-08,0.00556104819427,4.86503629318
2.1282059541e-08,0.0169384551328,7.58903812996
1.99803823768e-07,0.050822301535,13.3608108128
1.32274999731e-07,0.130263869189,31.3426906997
1.06732612231e-06,0.345794778601,125.885546361
5.54519069071e-06,0.8426973961,107.265491548
3.40834313858e-05,2.78939882106,177.220628641
0.000592072506233,8.01055824012,259.33927027
0.00139336523461,16.6635769198,279.885725951
0.00653648098013,47.9856678423,328.22795843
0.382295121708,118.136075395,402.351746521
