$x1,$x2,$x3,$x4,$x5,$x6,$x7,$x8,$x9,$x10,$x11,$x12,>>f1,>>f2,>>f3
0.13550443137193624, 0.2677153534368947, 0.8164978229388001, 0.7576616978619624, 0.28973982376863505, 0.9495194797379962, 0.7929617298856385, 0.3935546269700704, 0.4136432140039832, 0.06649195867087543, 0.6282151837166656, 0.694894248825645
0.5560040217830792, 0.7913813424485903, 0.5823857357401482, 0.9503111272353367, 0.5281973216890417, 0.31212300226087963, 0.017839057834877603, 0.052665015597231246, 0.6348126574842545, 0.5456788914692319, 0.9578338831967539, 0.9850365560689491
0.5066034617882822, 0.3282942414240788, 0.9185657448161596, 0.9999203336250905, 0.06547984601073797, 0.8567059473469553, 0.857893908002493, 0.7008428046033139, 0.6516445399756485, 0.517822162921613, 0.35622828641025195, 0.9359039067743457
0.2615518414190091, 0.3856644707042586, 0.6418109995661212, 0.6916852281111566, 0.012624975420151618, 0.4559901581663357, 0.9072984188746847, 0.5353986757975776, 0.9880693602769428, 0.10209303202103026, 0.9566908808524814, 0.5491022007111356
0.5967047793587399, 0.24978936066876578, 0.9414948176686587, 0.15323518113450718, 0.21844971508588495, 0.581738412934514, 0.3490117731878377, 0.6414701516042319, 0.999319485235252, 0.4160786258814023, 0.2441914966398071, 0.8884899308548991
0.3011790962874906, 0.36521531916745964, 0.5305850497377363, 0.804642431598649, 0.31182492547963525, 0.5066883816703479, 0.9638181685158461, 0.459190218720015, 0.3251573224920593, 0.9233569116973552, 0.03929463955381152, 0.7550770619821813
0.38260175524893303, 0.1916088489160892, 0.22688970819041554, 0.35832576596521515, 0.30703178620633764, 0.2367708498855451, 0.4896805989847599, 0.5596114526399901, 0.4697804590094322, 0.8089217206040217, 0.4001829038605049, 0.8541740704674349
0.2013240160389218, 0.14245367090806105, 0.8615078888133406, 0.14917005031500363, 0.7968417345390145, 0.39162798016488853, 0.5204540921475542, 0.17540719069806465, 0.9633790520819203, 0.6375981727946565, 0.7345851287159093, 0.7703772024024517
0.9828108713958221, 0.2734162711228618, 0.004215459185853199, 0.8659776522354656, 0.11622704533033379, 0.41938589339310806, 0.2931116707997943, 0.7480173550207923, 0.48720858943990897, 0.13857901440492304, 0.08925566141073649, 0.5505112137379617
0.6424256018217988, 0.6794235749294649, 0.08977060384175073, 0.21278673614246757, 0.03445562765060439, 0.7090446214804199, 0.10340517130380744, 0.43915155426168995, 0.40943412530690126, 0.39830159172263546, 0.7847437924529616, 0.9851318934808779
0.7375952981379971, 0.8610135472772712, 0.876983054364188, 0.6084626530278254, 0.012040239199382796, 0.20581344747878505, 0.38375200391709996, 0.8372075477019971, 0.7765187657517115, 0.44383821733659656, 0.6352132123929826, 0.28147090826456245
0.5704971842088367, 0.669062931461234, 0.8734986552044124, 0.3590372435616357, 0.6298657195244599, 0.3209715310401001, 0.43944512549736514, 0.253600467634276, 0.2798988892709474, 0.4343992945336953, 0.9156511894607018, 0.12291773649316284
0.8776241363877023, 0.5371852218950895, 0.9225166344675596, 0.053170337230611264, 0.7125999828879458, 0.863646749663918, 0.08636016112922751, 0.52608313206823, 0.6748519053292368, 0.6313259687694158, 0.0014202921316744943, 0.9844721287183898
0.46640962185580837, 0.22831663466522467, 0.233603189536985, 0.8088507702264596, 0.41707297673848387, 0.36074343175956747, 0.21642791750353962, 0.7653922921407471, 0.031947618530175026, 0.508428518692412, 0.9218137212293194, 0.869030780938226
0.4356601057809011, 0.4999251509488456, 0.9587553335718618, 0.4847310067869395, 0.050917857531327826, 0.4800332442784031, 0.9417921211908244, 0.09210478266776667, 0.5612517290984048, 0.5169178618882726, 0.6538696810434426, 0.30877058299160176
0.03284313583124987, 0.15548842191306977, 0.3002445029979274, 0.3820189851498711, 0.5402664904645846, 0.48258948368683696, 0.12584347060518308, 0.17926605680322927, 0.26256924531049997, 0.3311429583029788, 0.4655585983358089, 0.8723841754322496
0.062497676801192115, 0.7163849641534019, 0.2950296897929826, 0.8000833946928904, 0.3309809533586976, 0.06948277485420828, 0.5710006977742766, 0.5395580639273604, 0.019054925069073136, 0.18862132075303595, 0.7632968658295017, 0.7466427635980879
0.7279924375130497, 0.19160959450033166, 0.9713173103786563, 0.718732828989605, 0.4697982254036942, 0.42343602902317745, 0.5401807487877598, 0.005608924859537234, 0.8985558486624671, 0.3342886699943297, 0.024275264988940393, 0.2387321634482753
0.0028479933946170544, 0.05372995914820844, 0.574634735237188, 0.3326835522892656, 0.4633280174825197, 0.0073261553938596125, 0.2090654038033749, 0.6747421649387306, 0.15784057107625782, 0.17654216649105214, 0.37183805827327254, 0.6812757941953635
0.22642733757683475, 0.4943549406533786, 0.8418632014580436, 0.237869439684255, 0.69550511265766, 0.796192967531354, 0.8313169673847872, 0.6421340214235983, 0.20736998159243003, 0.6880573623678753, 0.28584239009849577, 0.7245135410420271
0.9321748023940787, 0.9655445022840137, 0.021527829740231597, 0.7263842467996392, 0.34220976951961835, 0.11024504769381427, 0.6743356473994332, 0.43225938330117264, 0.08211286185683009, 0.9297211841662177, 0.6657279718783428, 0.2705476040741729
0.5202103927858124, 0.4630296602299757, 0.6430599365004028, 0.6618360188571667, 0.01489831603055991, 0.49375840360698975, 0.08726842738639973, 0.8098607192846681, 0.17396641832231452, 0.48992291300696666, 0.5918320801395711, 0.19856397126997605
0.441925770219333, 0.8476792634389835, 0.12009173035869936, 0.4440269523797884, 0.10025777971113581, 0.9823992794806377, 0.4600279591837917, 0.2603141239653962, 0.41979979368147124, 0.39850147364014343, 0.10215912453421172, 0.6467931290315956
0.302221803763836, 0.7003326009966268, 0.30798534451516735, 0.7271161730218088, 0.4657868397604762, 0.35538374855128807, 0.2713352095622392, 0.5354485515011114, 0.7544850102436306, 0.841122038239328, 0.28731343939672394, 0.3409035556364226
0.7791631749751029, 0.6986925272396063, 0.9685917495562242, 0.1524772746193085, 0.3261698757560668, 0.389435637394868, 0.09339128660815565, 0.5963891637890643, 0.5163734245695477, 0.9341370110999384, 0.12064925186272057, 0.6897317988272615
0.7174147290792741, 0.49553366793293474, 0.4123218107875052, 0.19088883668354883, 0.033245135342462984, 0.25395113204801256, 0.43962976598949743, 0.948710630468482, 0.6028527357734864, 0.84337154402608, 0.6240713920134023, 0.5822225895250657
0.5416424450825464, 0.4172251272738091, 0.993138281427609, 0.8478026829223957, 0.6738759835485983, 0.6910756217439982, 0.9525807955442409, 0.32965562030135986, 0.732857785854845, 0.3991530129763553, 0.9800823013018934, 0.32101537089711807
0.04583463871963522, 0.43072059314264377, 0.9973653092664945, 0.34653088811606614, 0.35515055249744987, 0.23845619094242332, 0.9902847699920441, 0.14567534417957728, 0.950998378249051, 0.017756725407704788, 0.8260334514179012, 0.4755982669021618
0.7032868207016547, 0.5701371453096792, 0.6492730095883797, 0.5548497021058157, 0.8145580062722924, 0.3705127757265385, 0.8432094670152485, 0.23719326018495457, 0.416711853607284, 0.9578389267814416, 0.013732728915769044, 0.8635731116993148
0.1310258924767791, 0.9068597642227361, 0.4333760995137427, 0.6239642020630989, 0.08108084197745635, 0.22176885803558632, 0.8236958380400239, 0.24333770687814293, 0.891175574946054, 0.36766471660370525, 0.5701042065573214, 0.041251401164853374
0.7853764700180639, 0.769120741776396, 0.9204292534643813, 0.06947692449190235, 0.46036341771164435, 0.03498807270835247, 0.07515957584317534, 0.5666112845405822, 0.07732399093049391, 0.6909616249028057, 0.5386573143690097, 0.8366255815195306
0.8525033054829716, 0.03421998520128455, 0.8134854262599213, 0.5988680343185968, 0.8597264861331338, 0.6417020825330454, 0.9179284554363409, 0.4475360104060351, 0.2282657974504987, 0.4097539572947043, 0.2119524077823859, 0.9308363061118826
0.5551270424370126, 0.452126726237679, 0.5946606991788449, 0.9771259991398064, 0.5774657421763475, 0.01927288715032005, 0.07413363746923718, 0.11536648387973536, 0.5654946842851715, 0.9678595971622704, 0.9835139474939716, 0.20428830611568471
0.9235193524442068, 0.583470468037817, 0.9792393722583139, 0.2417726200969722, 0.6525730286911621, 0.7161951647796753, 0.7095567865301686, 0.07210725538923124, 0.011174094748296559, 0.21608260002004032, 0.34851326281546435, 0.8542480575071986
0.4773285350772224, 0.9302567164272015, 0.37734974610309646, 0.36765525739643945, 0.6867089389073325, 0.23617355798131068, 0.41500382059631, 0.24525346391667968, 0.5415965136680866, 0.6017952129602329, 0.22052818998133428, 0.5724141951416987
0.6502809237295414, 0.7209929906078684, 0.6681100277482218, 0.2943201678303279, 0.6986082599703649, 0.6106880198259764, 0.7815098071340203, 0.3932361358172115, 0.8435227541366366, 0.44316233666286975, 0.6409507862763384, 0.022491651572889237
0.0734812387411573, 0.3056116317092472, 0.9665480754695487, 0.83650760035805, 0.10221750329350776, 0.357060984786832, 0.8558566617556257, 0.8651108949895554, 0.4425651988805194, 0.13767462536678954, 0.6563550384461668, 0.5161423504015977
0.3861445797047657, 0.20746074694823613, 0.7824291765845112, 0.7953237405167621, 0.9213929690762973, 0.47429933391973755, 0.8600073160205483, 0.13981813486510897, 0.5128256227885006, 0.16514895426068954, 0.41919620387275325, 0.35048802376195154
0.9658621852456691, 0.7544219314549003, 0.982239128092853, 0.7093594564810989, 0.011874035361487567, 0.41285020144332385, 0.2080719953164445, 0.7765266932634038, 0.799858232648098, 0.28761994780755007, 0.5580490004208707, 0.95715310505598
0.15216439647718194, 0.02315109748226607, 0.23561264475090293, 0.05915813983126961, 0.5873299470051669, 0.026920382575396862, 0.7130966963883109, 0.9241477186593051, 0.09513326355221041, 0.7697077963547182, 0.8542020244238698, 0.2261866551824845
0.39295790527265406, 0.8428414898462514, 0.31563770699109617, 0.7704037893198407, 0.197640770293809, 0.700660528157597, 0.5062539208833636, 0.7199319841438775, 0.7148871237770414, 0.5311469059277373, 0.3518131047873033, 0.7273083652563237
0.7474803427669431, 0.6234011195484214, 0.40756513563654717, 0.5594198605184989, 0.7250729309114305, 0.43003757365828144, 0.9509276063719709, 0.41445874652169823, 0.2701136977588786, 0.0887628578081382, 0.8682319354038915, 0.44087934834731823
0.9989866181520888, 0.7981637655978945, 0.048526821782802765, 0.11883449644388955, 0.006159103924055276, 0.6627486720832066, 0.9108396203062736, 0.10178954294071019, 0.21626128430675284, 0.31361948190290145, 0.7862472001638905, 0.286885677699353
0.2342472179971492, 0.8757414041684353, 0.38471878956643824, 0.38441601066718656, 0.23939533343754182, 0.45212673768073697, 0.8305236581772545, 0.8525475601255833, 0.8410876885655517, 0.6004874254006575, 0.661930009049028, 0.8034084063928475
0.7682105717445608, 0.4393294646897663, 0.8422561616753268, 0.6677146574639312, 0.7267120123909, 0.7332037365097703, 0.2596332003789693, 0.43949153436369615, 0.7167283996810903, 0.18311491910860267, 0.735742511010785, 0.40512259828158825
0.9765501199490161, 0.5608276239275509, 0.03748605421092854, 0.2836699304814697, 0.9772320771545518, 0.0882997643054233, 0.23575265964564063, 0.5439410177458368, 0.3797808709755195, 0.4000890246068146, 0.5411365917078065, 0.19083432987705606
0.6844350611386705, 0.9527728254084329, 0.09714619187765927, 0.018612600106248434, 0.5991049442477571, 0.9217971762240396, 0.26332725719914607, 0.783258168988389, 0.6843729963625717, 0.42852697702886067, 0.23050809718573417, 0.5441579797938392
0.4810698218510392, 0.20568830282657014, 0.6454268047621606, 0.9072136428399398, 0.9489328390937719, 0.3856010642849468, 0.4107751231683824, 0.46547404904137735, 0.19921852205552437, 0.561406830158988, 0.5902688904781157, 0.3760353961644135
0.9087627573427832, 0.9897509850349977, 0.8285790333489256, 0.45710492992674756, 0.2596995128072521, 0.9961921129655291, 0.5305665407629453, 0.1948314298220185, 0.8708657281565313, 0.295754827518492, 0.3470650503778393, 0.26222998478523496
0.6928038856924754, 0.9890753867490678, 0.34954347241477923, 0.5644954237119001, 0.3379325694487605, 0.06637606850346123, 0.9183257568615975, 0.9611951443024356, 0.7839477946505037, 0.3474722131064072, 0.42597314172490297, 0.18632648575670252
0.5424104350279464, 0.7655665985548046, 0.8528904041443072, 0.8580398215110044, 0.31018753844917346, 0.2801261598271976, 0.9561460910732772, 0.10453021940530638, 0.7290753312377619, 0.08611150139363766, 0.8069422076035261, 0.5204625968305007
0.4729594182449922, 0.007327397297792304, 0.9752784223705455, 0.03168228701771292, 0.8089626849337298, 0.1782786880329601, 0.5422174123372919, 0.07310290744316417, 0.9700085703752727, 0.8247299924957596, 0.5878002235059248, 0.5565263590939837
0.5697657986842727, 0.562045820435719, 0.3091674814890665, 0.7434588775491452, 0.39266231267373697, 0.021015244121849852, 0.04580198885313347, 0.5724922234628473, 0.6060355172008995, 0.760656891046628, 0.7990188241681709, 0.5744328661232547
0.8087077051429794, 0.09931103321322055, 0.9912445410975779, 0.03628491411220647, 0.6033650787916909, 0.9435353662330441, 0.7247661431633775, 0.8165263197131292, 0.7311399818505611, 0.8571677709488732, 0.7180462697458109, 0.39052685962014
0.19828526609635466, 0.1461057738998809, 0.15739031658141733, 0.03373456928518792, 0.10477306185649138, 0.5050412389259326, 0.73604396236244, 0.44972592421829105, 0.26844718594956163, 0.7448005221755513, 0.9103764163212383, 0.5884185492194921
0.40171731312940206, 0.5639052617442656, 0.902234844108365, 0.4093466150719972, 0.3576680314821057, 0.11739641898668951, 0.22693980117590462, 0.20898296036690267, 0.3083282299991281, 0.2933567615398659, 0.5641028999349378, 0.2566059059173835
0.34958144118938206, 0.22010464101237992, 0.39575809521418515, 0.6000927102711477, 0.454090969389921, 0.6733592538698258, 0.40832177640723377, 0.0922834050880944, 0.1475089325151172, 0.7388387156785464, 0.8000210265552113, 0.24937952449301037
0.9729339095497292, 0.9789200263270144, 0.9441270849057208, 0.3499183658472147, 0.37051199750656894, 0.4342782702612533, 0.045429624053941464, 0.544161670565717, 0.16485818878541225, 0.4251423974367545, 0.5423330257376507, 0.8969898157612165
0.276305110267946, 0.8698038436338147, 0.05779921779622166, 0.16166446782548372, 0.8269495639834707, 0.3240786113193178, 0.5654451856323703, 0.7286292661987523, 0.8021661940007064, 0.7475234060339947, 0.22713617487263205, 0.1634148900044179
0.4200969069711945, 0.29481147799578067, 0.4465256331862304, 0.644414770492694, 0.08900666567886728, 0.22961393264900853, 0.5005524071714234, 0.23828778202889733, 0.795738428224312, 0.8959789748530202, 0.16539539813692494, 0.5190214856058326
0.80367679503306, 0.21157020447873698, 0.171317126300911, 0.8213864139633401, 0.9990501172523563, 0.5675877593811394, 0.10163110446638068, 0.3086823181064702, 0.6580109295943257, 0.6473184644962577, 0.22619089785761803, 0.09521703358956024
0.7684306206501819, 0.39053432150037204, 0.8160528810802095, 0.27196791265923503, 0.3469952356160676, 0.03956744905581944, 0.9430482567498241, 0.7091660394354226, 0.3707355976345936, 0.6769347838633273, 0.026834538761744353, 0.2787006451971593
0.8107576950458063, 0.8699371623939511, 0.630954364829288, 0.16902946929902896, 0.6924776363231654, 0.8258335334655877, 0.24428914064392349, 0.09474687825349981, 0.559082577679147, 0.6826840775486716, 0.754693992043758, 0.30316576545046237
0.2521821999249668, 0.24034687509297314, 0.19705202633675512, 0.05547376178286023, 0.31595231017030956, 0.8424296994678414, 0.9305009774752521, 0.7940563247946351, 0.9664767635856469, 0.2481907526610957, 0.4131723664163327, 0.40514243017212015
0.40770648198514814, 0.685589801437112, 0.4010615284190462, 0.5855957034355108, 0.025656156688759757, 0.6164627777707602, 0.13723516447074902, 0.38778494701984645, 0.841739120862028, 0.836199993686328, 0.8484026626822676, 0.6027382880924925
0.7553566312532163, 0.03523637067311702, 0.4912060625174798, 0.013618644673159208, 0.4469709036390038, 0.0727124917293871, 0.4850859699965524, 0.38777306016804236, 0.5609934079865863, 0.9997647695434403, 0.31168570344287194, 0.4546124089991245
0.21182178307855504, 0.6115990958408545, 0.7001604629414957, 0.550262177217082, 0.6121061938497228, 0.7924748416756178, 0.47693363079974127, 0.29755763914213107, 0.6767186543370887, 0.6121483058433405, 0.08861900133647083, 0.8468583879449838
0.01420189181036502, 0.8196287990466359, 0.18466512980480787, 0.2993203314861017, 0.16160819632598966, 0.8883811951274492, 0.8667349170938065, 0.011297153007928773, 0.8198934090596302, 0.15027430169238887, 0.3095269621151773, 0.7088998084234707
0.45891146155947937, 0.6412510148892684, 0.5574994251477359, 0.8380031480027732, 0.392465979530481, 0.9896871552383953, 0.13370210795652548, 0.13382786569794392, 0.8156975746287061, 0.8855696833401359, 0.6307527613052302, 0.6623273648253669
0.9507746037722751, 0.05583010512886455, 0.7401581804744315, 0.9232508721171178, 0.6538450614887894, 0.8660223156209703, 0.9889062101626661, 0.28546862966337483, 0.24595420972502646, 0.5551488593492189, 0.9711298668272803, 0.9536912299268586
0.8790100203923724, 0.15365502232198913, 0.7558983121462375, 0.9637415177698453, 0.42044021154615896, 0.2150724122660299, 0.8694689688356114, 0.9544177189188898, 0.7311580413171941, 0.2679231435696925, 0.14493179204337758, 0.1063508660333845
0.1034518379153031, 0.74418874331574, 0.9423181263774199, 0.9118353013953773, 0.8342005437232256, 0.9149222550670288, 0.2590692991364748, 0.4474794903346846, 0.17605157045677255, 0.5498940728302323, 0.8507034646832232, 0.11554090721760335
0.13056635796904026, 0.03118021397184334, 0.2869130260732766, 0.6653770439656306, 0.2140148846140043, 0.5029811597279024, 0.8496278730365463, 0.8717828121952218, 0.3257092384483823, 0.49688131499622923, 0.971225820735763, 0.7115569328599184
0.7641505956978235, 0.38428668246876474, 0.07035996632513053, 0.7155235589245118, 0.8129746886227143, 0.12474243201758062, 0.6785938615081399, 0.4386735491528687, 0.25060855212238586, 0.8007925283519798, 0.7436906039610984, 0.0049090706689006725
0.8236692603729101, 0.390394709401773, 0.05655780558241541, 0.46696814772824535, 0.6250098532667058, 0.3320189362360121, 0.5781162470842249, 0.7706268581790187, 0.8526078840814265, 0.8844655917288727, 0.44454064630621837, 0.04580209955638259
0.914231059471808, 0.27428338863004964, 0.8112774090378405, 0.14958505840205782, 0.4392918003703774, 0.5343839508640139, 0.053774550017025025, 0.09547090253985746, 0.457943982539765, 0.9638128565789484, 0.8229283015061699, 0.821429895697258
0.8683309470138131, 0.9512932773663959, 0.030592645796480356, 0.22641704108416527, 0.4374740945988189, 0.7872237715180974, 0.8139542304939008, 0.6121864705075292, 0.24658612516567624, 0.7101163125674735, 0.8047077743369175, 0.6440475300941595
0.8045722449610376, 0.16678362639190225, 0.8135738771172364, 0.7621320812808199, 0.7537627278152172, 0.921458212731489, 0.6891142259763545, 0.7076940154838618, 0.22507276610338, 0.5798440643686338, 0.0932920429727575, 0.5558067687153228
0.7310445963842008, 0.3988510928017295, 0.44178130114987124, 0.9361274503906146, 0.5129060869934164, 0.9103620844341163, 0.797460470250701, 0.2683539423939826, 0.7928504949818524, 0.5595985195224749, 0.8668915037577144, 0.28042985088376515
0.1588760292807705, 0.1567839568437186, 0.5399878587401559, 0.5223720668033992, 0.017490462630014747, 0.9203040213485784, 0.8862740644323345, 0.6578376684934697, 0.4361301654232106, 0.6379884174696383, 0.8503674520033647, 0.998953822811495
0.28325556340539026, 0.33537295730505134, 0.10164684738176222, 0.8050177098783623, 0.23782988142777195, 0.34450263877785936, 0.2508800685485124, 0.2548974537004576, 0.10575267785619658, 0.9027045720781263, 0.6656501107046064, 0.23290000452488846
0.18834518708603476, 0.5920955705307438, 0.13964583839680633, 0.23240558912268405, 0.5461347441555418, 0.994753162446218, 0.6963729265387484, 0.5526135477714067, 0.4913115486954285, 0.08346985915670546, 0.1717606383044875, 0.8798930137845261
0.4223632970521053, 0.067914307934689, 0.03087721281999123, 0.9917774441748353, 0.7690894788008864, 0.6655102134264324, 0.03130639234895116, 0.8464908828951387, 0.11743564981573829, 0.051504827790957775, 0.5832721181569911, 0.37247987404187977
0.37308169148869486, 0.6169733603962676, 0.6039664315638578, 0.20941075786625807, 0.7261756590314257, 0.3397222295851938, 0.7927104930159529, 0.019648137949716205, 0.30015148234942113, 0.25337925591173727, 0.9654291178457693, 0.9102577532473758
0.26470097285368455, 0.6218447806637136, 0.8862496468735068, 0.2666207516526258, 0.6813960602636399, 0.2960366009283121, 0.9434406884897891, 0.6760805902678562, 0.5822814860745341, 0.5743476885400521, 0.835714326407169, 0.0245184632837685
0.4739290595426746, 0.8060599905941475, 0.08330736651673043, 0.7315703814296878, 0.17394909648464463, 0.9485983894763107, 0.07555094668247742, 0.01621391539182948, 0.9721871204313056, 0.5940225264117732, 0.5451146254258795, 0.6883137347747081
0.19306579945364288, 0.06984473542148151, 0.4098648903822941, 0.9870433571448272, 0.45497839577343624, 0.41919742472959387, 0.779152131808737, 0.8370646318774506, 0.3425813972432086, 0.8298358936228573, 0.20974654751345823, 0.6106409895798436
0.9047687582222464, 0.30423691726191193, 0.10985184369438161, 0.7868990403712025, 0.5516810404905615, 0.48302153413256765, 0.7197605537760151, 0.4627413516642309, 0.04631228884589045, 0.8615926134913462, 0.944253799363382, 0.8800366793387897
0.7995247593178072, 0.6536285549833537, 0.42514533040270774, 0.09132347452870526, 0.371399884798966, 0.9948375711477524, 0.8169662227119888, 0.6386149683269943, 0.833393258149414, 0.6134993756655228, 0.5869620161149635, 0.10261731311481836
0.8795403885731775, 0.18343259002678447, 0.7684151269505852, 0.3213112797835346, 0.7959806833907678, 0.31043992070068593, 0.7235401594393106, 0.9209601289427259, 0.20271427696695232, 0.6615924231213395, 0.9944165848680184, 0.818803280959999
0.023803146870370107, 0.19593687172569163, 0.8956515311559266, 0.17757224960883422, 0.02723739932957625, 0.3771642396034134, 0.6528659966239736, 0.5981022045001663, 0.3256597080970193, 0.19519858738388107, 0.6231546592661371, 0.13376282222128277
0.6147773185917068, 0.9689875030729765, 0.8046646378083744, 0.18735359765828985, 0.8146935351948378, 0.8445590012217962, 0.5792138977841861, 0.6186212910978127, 0.6771140039438366, 0.12274992428419529, 0.39648024605524446, 0.21009108234905283
0.41740874691618546, 0.9502078738833933, 0.9865722970859488, 0.6702290450350546, 0.8950527717328819, 0.0015378517129396307, 0.9084141456471783, 0.8506260433806379, 0.5697499703593912, 0.7611633357413528, 0.5485217074640423, 0.789482419499972
0.7432138312782939, 0.8919705757643921, 0.8263790258629019, 0.8408034370048239, 0.1916434403873012, 0.9695521543284426, 0.5101729394829262, 0.7757802120063111, 0.4339057645710245, 0.6219560285728403, 0.07064047347172542, 0.5452251578245435
0.9072929691386213, 0.3846106141543033, 0.7331716869964757, 0.6252745350081562, 0.8533862054223474, 0.9634921080865706, 0.8040331060438809, 0.6195269344860576, 0.3396574363328273, 0.15151679702055365, 0.46962864399543436, 0.5482409919887095
0.705064077268945, 0.6640456682933727, 0.8812639176156841, 0.07153345911259634, 0.22211788150927625, 0.18233779679800133, 0.3242343962342289, 0.9155512664365025, 0.7545829752446874, 0.5260293422893381, 0.2175016199511276, 0.31005224190185554
0.24180111013696703, 0.08613972834514028, 0.9675075426787096, 0.17512981975565145, 0.4532181031470499, 0.8485993359194665, 0.9525002015710198, 0.86086802307343, 0.6106720547843364, 0.7207593601810856, 0.5752153968713863, 0.9989041510944303
0.956846271009257, 0.21760380784757727, 0.9722518138033749, 0.2615065714503414, 0.08926343309269291, 0.7859543838091192, 0.2281984496342857, 0.047065442344378594, 0.3684332888464953, 0.15271134738983072, 0.4277907276777979, 0.7058104924174858
0.49833403868886117, 0.20366500986338687, 0.2674664927545476, 0.5750102392298865, 0.6623096644719677, 0.9463349446940333, 0.8092597003186933, 0.09846720044937218, 0.46207776882719775, 0.7892775479074174, 0.28948030901449184, 0.5064099089127113
0.7201389617272619, 0.11356314733182749, 0.5125415301237476, 0.5168205918857791, 0.05917990670811335, 0.7361661989464472, 0.03373210418809347, 0.29063400162873465, 0.40924202272535204, 0.6583470513480331, 0.05819247961143181, 0.14375779768505814
1.15174885578,332.300794225,1424.35838182
0.546593316108,427.718784337,1414.87491862
9.11232296247,695.842711866,1668.41414584
