$x1,$x2,$x3,$x4,$x5,$x6,$x7,$x8,$x9,$x10,$x11,$x12,$x13,$x14,>>f1,>>f2,>>f3,>>f4,>>f5
0.8281988947400422, 0.7557437672479775, 0.6437393921652488, 0.03414133511864881, 0.889988010412278, 0.05839462038967358, 0.054792848217061096, 0.9677664489365633, 0.39925400929529387, 0.6504419365555424, 0.719944112775987, 0.6591648495770762, 0.8242047822790023, 0.864939930025972
0.18584080184768303, 0.38862521388367677, 0.09870227620078686, 0.2602823731867736, 0.027187218600484564, 0.8119770337986141, 0.9661606838712599, 0.18247792077843983, 0.685259074366791, 0.09148985656215658, 0.9884524837136023, 0.38337905723588106, 0.34662208970317043, 0.6206336488893591
0.92217444073999, 0.2117682383799594, 0.40172324644757673, 0.44907498683462554, 0.43930082113976476, 0.4556606130580645, 0.19097634275642195, 0.6071148751961294, 0.3171023017993193, 0.648582985152776, 0.150650209992636, 0.6730642691948813, 0.05683252435871278, 0.3873479059480188
0.7208815370260238, 0.695107293256554, 0.7525884345579851, 0.8953406437358464, 0.4682612421624215, 0.5036011933509371, 0.3547052924845209, 0.01705545723909163, 0.8533384999774494, 0.18586908264215662, 0.2557463674522329, 0.6694640405385397, 0.49305292874210827, 0.1798821494668451
0.57467413185458, 0.4126523719702966, 0.29278688312761025, 0.7413695761214031, 0.4741604972536414, 0.8676673942514503, 0.9917450108832223, 0.5207275946028732, 0.24204602864658542, 0.5921218311865015, 0.4292975833146486, 0.7339989296599312, 0.6140972792871238, 0.6845898900165144
0.5164862738871263, 0.4091017763782704, 0.8135141353102047, 0.4357426120614173, 0.8203671679768948, 0.5406765718709021, 0.41021511206043093, 0.40617965767314146, 0.5207737296110271, 0.9541063321783719, 0.734267177133921, 0.7766020726947106, 0.7022455595151939, 0.06510079098707022
0.13964562253755242, 0.46018989909898267, 0.7707985454577176, 0.08236978549045193, 0.8825780525606463, 0.9864641825636717, 0.1738743858341194, 0.019320293386308363, 0.6542650355436328, 0.516084163404548, 0.6950802337418853, 0.48635260115589785, 0.9884947705624636, 0.5839526294903609
0.49297080303727236, 0.41895274146617945, 0.5666798772462389, 0.8178541895662393, 0.5310271753410146, 0.7677135381641983, 0.630934576127927, 0.17382223326273138, 0.9266688889697569, 0.9972894663952565, 0.8660092360533295, 0.20035536533046916, 0.6240693474715626, 0.9375583824771293
0.5963719977772866, 0.8875132179301521, 0.7279872330651537, 0.08577620405568409, 0.03896593313040053, 0.5545857452281108, 0.8040779253639175, 0.9630356512166869, 0.9369547441330323, 0.505858824539991, 0.2896344298049589, 0.32680681873496675, 0.7136110248986063, 0.08066104318986467
0.45768060027799873, 0.5394804353271928, 0.5057317873624931, 0.8332546189927611, 0.3144851568308664, 0.21711370859780654, 0.4173090121095713, 0.536533205532011, 0.5843981450152991, 0.02755755836361229, 0.49079945749746023, 0.5164748125035669, 0.3363002983653529, 0.3046369271354695
0.09966988982938774, 0.7994278034759392, 0.1639127979943017, 0.58091521578971, 0.7392826416629743, 0.5108277790025844, 0.03426776447159363, 0.8271585066897411, 0.6544136665311096, 0.6138251453131335, 0.5156263372319494, 0.97308262773983, 0.7262180103169457, 0.578530634464128
0.5406659724038975, 0.22147522618279514, 0.958920589740241, 0.06752253963082278, 0.9040120287654726, 0.45086051150239825, 0.6240906185458384, 0.029166059075791617, 0.908063207652286, 0.4409140755823304, 0.41308466942168176, 0.6660822486271297, 0.6571601185107733, 0.5448733553933698
0.42422332928229045, 0.5994217473327487, 0.8943697888509446, 0.7346685597563051, 0.9732317770309179, 0.11506719373829144, 0.09299406400333254, 0.6209548285734764, 0.6288848816800705, 0.17011286492980282, 0.9860969501776596, 0.7319617406482161, 0.2543364309382833, 0.6066084705982463
0.46816449659073267, 0.4399969476569823, 0.9580141680184298, 0.6148583982100507, 0.16537566131556314, 0.8757900914228427, 0.13937883909517546, 0.6838906514903805, 0.4690878713273502, 0.05873132005950177, 0.8771467768034004, 0.42161705183442144, 0.21540463856083147, 0.9680044941776655
0.12812138249107008, 0.25740992606058444, 0.22141756201358243, 0.144816234446277, 0.8796375555834565, 0.7338535145802386, 0.034557520111364926, 0.4436620980362934, 0.27545846873606883, 0.5028008869068268, 0.36520615342034124, 0.31299570501531915, 0.5076483691088695, 0.22169788291638481
0.8311310372927433, 0.21211352508712256, 0.1657804311097586, 0.1159449591733791, 0.3276900478043929, 0.025618811103142347, 0.3581729615776239, 0.2869881949567903, 0.5356588063481622, 0.18662230285252235, 0.5643088471496119, 0.30155557742113737, 0.4696028706915907, 0.3828078508485939
0.9120580688890716, 0.8756823698341634, 0.9290445543222398, 0.315252832067633, 0.4832401458519848, 0.3257065955578461, 0.6814752021141642, 0.6050214232286635, 0.6169887031228747, 0.0923998263666258, 0.23723602645674602, 0.39482973715253744, 0.8782227485650195, 0.06350952468425697
0.5108996009096884, 0.3691422622237921, 0.4828007061515487, 0.7040397597921537, 0.8109588255790506, 0.4699693963614475, 0.05679872548635001, 0.21396001184710012, 0.4870037640156907, 0.17381722063302973, 0.4017008888195135, 0.7033725806179294, 0.5527354827486093, 0.5872428047133655
0.6161876384896516, 0.6899979106501587, 0.04060898476327335, 0.19486911979764687, 0.533836838065727, 0.6179026760302788, 0.6105924768434001, 0.1488147596089744, 0.4619948815454946, 0.9966487915504575, 0.827581405915543, 0.18169332271863814, 0.3175560022484638, 0.7124542596877018
0.7845272818592343, 0.01964586192225104, 0.5503635022799371, 0.7646855544476305, 0.4621831697256741, 0.9025126041134209, 0.22176969208268094, 0.8642140356283006, 0.6216302582261912, 0.5900287571560554, 0.19288629038947014, 0.4694992734149962, 0.5025440999853354, 0.774429911756191
0.4871131903428101, 0.8386278104033505, 0.004532688155332032, 0.6872469644679462, 0.9858329410266793, 0.8496382857999605, 0.1880519276484991, 0.6505157507437361, 0.620435273424663, 0.17593535123256931, 0.24332481670879458, 0.08140296198362795, 0.9140307888052871, 0.7905220059564761
0.11028970627446599, 0.5790561670775602, 0.9688972807241987, 0.4189637577424761, 0.7940591491268402, 0.1789990005908233, 0.8671653049536735, 0.7622600889086466, 0.6556070331183, 0.39579014773257093, 0.2457123990574278, 0.4691265344227774, 0.44625662208741634, 0.3922723965890894
0.360545134193778, 0.7860722557669667, 0.9870661691667428, 0.4754579001369885, 0.3656171055762899, 0.6486768579398686, 0.7032338124534747, 0.3039420001167048, 0.7970260666226454, 0.1250933984294792, 0.2039019292292209, 0.11486262443411366, 0.32873144977047664, 0.2729734468060433
0.2340350690290327, 0.005178796132874197, 0.6077699464528681, 0.5227815545248455, 0.9793503295747171, 0.7470453803951251, 0.6806438739786717, 0.24622060386649514, 0.06166316210426959, 0.7066855750861737, 0.621965175866967, 0.5434842622569208, 0.3963037741064661, 0.7036116381157315
0.7619571730421718, 0.8060350361948713, 0.529464361779105, 0.07011193559798912, 0.11602090812853416, 0.5732989364131268, 0.3227375154413239, 0.05121780292835165, 0.3038085911267593, 0.3515187731171181, 0.1887735104126177, 0.8795066634910585, 0.7368967633076436, 0.638394969439477
0.36187360961044335, 0.7831899245684492, 0.7827918617398575, 0.4297877229369823, 0.06688251420416358, 0.01534995612872292, 0.009914850614984316, 0.12576397144334162, 0.7729517321218293, 0.3287439260825602, 0.6534133047460483, 0.289660430100402, 0.49260872168446923, 0.4128489627797368
0.8943557499016286, 0.3771520905412583, 0.2819061395498469, 0.5034603998253225, 0.22014910508374486, 0.9572550501261107, 0.8746310055052139, 0.13036585119981647, 0.7294461934051472, 0.495540293252862, 0.21175708060062803, 0.5274109554805448, 0.6408875191490091, 0.9842307321279038
0.7865864641155714, 0.5648898680641476, 0.5199791793798666, 0.6068934517474511, 0.6803534816676585, 0.6380202124334737, 0.2572264131643289, 0.9403540293795438, 0.07619569491117717, 0.0008642634993878406, 0.9854824221151421, 0.40287488284585626, 0.972991159673904, 0.25807478575991594
0.07556279949209133, 0.14588836839404296, 0.5819452777864493, 0.7511738466369913, 0.2710110508358966, 0.09204021750553837, 0.37990692626022815, 0.8218039202281989, 0.15123984214199504, 0.5640752962526748, 0.6438837552085059, 0.36827074794879444, 0.5954558415068244, 0.9883197086878419
0.4301395192397718, 0.3192096123619447, 0.8169839614995218, 0.9059896587748658, 0.0878867813627422, 0.8838400371109015, 0.0808924862744157, 0.8660251791444479, 0.4379588579148236, 0.4389293481439105, 0.15514301062937685, 0.8061928441013124, 0.7459077400630942, 0.19927578113232347
0.9024994109900332, 0.2945069002992884, 0.07162906963202365, 0.8016726547564111, 0.6815252529694047, 0.8186003175234324, 0.9408162865586484, 0.13484260713409413, 0.10724217407822156, 0.28138232791162354, 0.3620861451958278, 0.736932832984772, 0.5065062216913786, 0.9022777762975916
0.08192624613748845, 0.30939279035495537, 0.48117585041138466, 0.7509941179491694, 0.07036779425263673, 0.10907774000222725, 0.22172773638838228, 0.6104433019693267, 0.8123251573823562, 0.028094979110848017, 0.6159976217402117, 0.3426629823085583, 0.10423606497383775, 0.5769325356673021
0.6437369268075163, 0.8544212386254759, 0.9875620981382335, 0.5191730153229319, 0.02591497758225836, 0.8469776616054212, 0.8809041447884404, 0.38054946896495434, 0.4962280096842602, 0.42733443883183897, 0.7174350442431137, 0.2506977248350981, 0.8028609946069749, 0.9580401248580179
0.5077614249181284, 0.09363701395650814, 0.7148080485659061, 0.0036355555801182993, 0.6137799285896364, 0.4306893065860078, 0.9163998708258211, 0.8301505511488648, 0.7166936130834131, 0.903744847889467, 0.19638177158535863, 0.5044775397146557, 0.8749375251666212, 0.8632893652206329
0.690518418586416, 0.698533299600069, 0.6070970257161359, 0.5630777425254293, 0.3459412841013918, 0.47241709348997796, 0.7426745437776555, 0.06898106374609692, 0.3730688899565838, 0.7231894148565916, 0.06783016278246812, 0.9892903292993098, 0.46455390215319603, 0.9762000311061109
0.05699487190662211, 0.15874351409274423, 0.923041632403774, 0.34694755447890646, 0.04393996169152603, 0.2001463682791037, 0.15487961136996609, 0.3036741331761613, 0.8480686532241665, 0.3750628786828468, 0.2888290424633657, 0.6103226050399243, 0.7710852837273916, 0.6931483292295807
0.8211032688657861, 0.5147306110534386, 0.7679574842650392, 0.46842307838223407, 0.37657798471508186, 0.14047557137629774, 0.7225231340676515, 0.26501874178691576, 0.5375773479168401, 0.5999480952474533, 0.08769413585582464, 0.9844096792267121, 0.1132072765885006, 0.008660998752205606
0.949418063478249, 0.15678873457058873, 0.7680795082523817, 0.9926165782299912, 0.7496774879225403, 0.9550921415227431, 0.2639448068971266, 0.7876356391015811, 0.9118112531922433, 0.9941590788715942, 0.677914855478028, 0.9998285784034285, 0.005003888182617766, 0.8658489808117501
0.3010718716302525, 0.5993910869674501, 0.12588567794423655, 0.21817960310744489, 0.14178213620482516, 0.9423979437912445, 0.48896948819904307, 0.057463375228424485, 0.07848629518521999, 0.8299081009704523, 0.485515332925224, 0.16787980807187164, 0.2806654978144647, 0.40418430030751495
0.8612410518178018, 0.3518585871627897, 0.834058083502229, 0.25130563235980974, 0.18160846411754206, 0.7017796276599536, 0.9317466771493951, 0.12914164844627463, 0.5030308278814155, 0.8181174855085298, 0.782722443974327, 0.21395989336235377, 0.6540568099015153, 0.45711311921714626
0.974391051686669, 0.4351684326946419, 0.04954137535555503, 0.8127915025997023, 0.5328281734812054, 0.3598407012556616, 0.7826934432256009, 0.6621654810242864, 0.6754431990147622, 0.48408166054197144, 0.4060308789960825, 0.7008824869423795, 0.502040968003026, 0.5310911180353513
0.9916283688560472, 0.34132953294926804, 0.4988412809392666, 0.4529320156090574, 0.12287842695902118, 0.7100121829190359, 0.6920985298917764, 0.7731701479457663, 0.502942158275716, 0.2453944355260358, 0.28024328061105774, 0.6776450063162708, 0.6195150893454784, 0.9513560057980214
0.05646566081817539, 0.7795438678821561, 0.059085821543065964, 0.990435279978435, 0.49341717606069835, 0.2647463014839778, 0.8465769994156095, 0.13155836240362395, 0.29237632465993124, 0.04211118964873983, 0.28149284834571764, 0.6356468700469452, 0.9655565159265357, 0.3718932741493993
0.2662205812423011, 0.9170772151241244, 0.09783022481414161, 0.9425863556645, 0.7259591931943445, 0.5049629801761073, 0.8407956225185091, 0.9542635259574705, 0.737122046733627, 0.6703393940528487, 0.6498232480871965, 0.10502729418635226, 0.1864478194214496, 0.23139334486319074
0.8925638561432645, 0.8898657847994956, 0.5188452225666186, 0.3477890219727824, 0.12251966938145942, 0.3991826748295113, 0.6417239303019078, 0.33954357279994707, 0.42653488452771415, 0.44759808651415545, 0.9415877506982969, 0.9034313470774129, 0.9449005459878712, 0.3521164444534953
0.5684505730376446, 0.7346903207873845, 0.4163847026476507, 0.2064825427201108, 0.8903476558287043, 0.6818967984157743, 0.7623305015220306, 0.634327154114147, 0.614454774233919, 0.48245082688536745, 0.9867503231772256, 0.8712057840756352, 0.08086902573767007, 0.7884726336246897
0.41686061417925724, 0.7771738660508549, 0.0969697574428049, 0.7698169209822776, 0.5636479731088716, 0.04022250855424969, 0.9266787837119893, 0.5611234798749631, 0.30430584783130765, 0.5749170916932993, 0.3996766300916582, 0.5062218553110897, 0.11373836456486308, 0.9500350808236484
0.8560950359159676, 0.6170044671210376, 0.04196533130496782, 0.38779215998581984, 0.24574865678252877, 0.38697257197084023, 0.38065510158734284, 0.3226225966287075, 0.7868819849395808, 0.4825289395432817, 0.34899064576765504, 0.4834676733390547, 0.3600303774147102, 0.854373355145887
0.8018041233168066, 0.31333378942041945, 0.41876413891158126, 0.20572631936349084, 0.9131795957750332, 0.11341935269468373, 0.6293136845309486, 0.3509706730641047, 0.854170100146076, 0.17460053500897021, 0.24577599932606697, 0.8384525462234993, 0.16421316155862353, 0.006746962158154846
0.41405696901863, 0.5695679320347928, 0.15537947486693826, 0.696463192746977, 0.7317488146952137, 0.5818157591184472, 0.608488349409993, 0.19659474126607557, 0.2717263895255023, 0.3010979041379671, 0.9167061831368822, 0.9572801486868278, 0.6627064652906279, 0.519463912099136
0.13366365021296234, 0.4213037264694822, 0.9044811281340109, 0.05289915861753702, 0.6842464256835576, 0.17377966952638713, 0.8926828680980238, 0.4221756996945156, 0.25957187562352535, 0.5880680414992346, 0.019775341442566985, 0.3747980329283065, 0.5073831762941681, 0.1092844141028585
0.3807336311401913, 0.019378143644488754, 0.14683984839848263, 0.528682273570035, 0.3064656261496461, 0.30263336591914514, 0.9030239268654879, 0.4289090279965643, 0.3804249165932988, 0.22055620819618527, 0.22104933209555966, 0.24006463724892801, 0.26474196497145, 0.4002169865325096
0.4229660996665149, 0.8387197230702889, 0.28853009109800964, 0.5499794574221899, 0.35656077861604496, 0.7767877414735784, 0.7053465569164037, 0.12704584404985997, 0.2789031427175356, 0.8741386840858041, 0.06968356490996908, 0.3621095597646323, 0.02883719496369397, 0.3570076514383673
0.054558716424072284, 0.7553381639089662, 0.3188052869142525, 0.9726226767424789, 0.11640137223864166, 0.7300384159409977, 0.6165814005084465, 0.6495856406137677, 0.12910152053186452, 0.8407885011010081, 0.18612439684465187, 0.8605863893834168, 0.6829660322195185, 0.868437708418373
0.40484213893617793, 0.3700512843540621, 0.3171638812505827, 0.9986248986472203, 0.8292590813876382, 0.7113647884004665, 0.27389466423259057, 0.32042965792115663, 0.9163701580611632, 0.9489551393088417, 0.11223718635507651, 0.483200876898061, 0.46169386733614837, 0.8134415834774086
0.20219096827906513, 0.9870977551294606, 0.42061534019800595, 0.6590805701917085, 0.26264249568297193, 0.6496865664167067, 0.7020011467329317, 0.08415965210823995, 0.4753279349999624, 0.6471115722435536, 0.16201998425021114, 0.4036645728846143, 0.09459569435048698, 0.23307863496045933
0.6935950113132298, 0.9329104003219408, 0.4431224867088853, 0.8382115525971365, 0.021231926109620658, 0.9788731162563961, 0.6115253320847465, 0.6310401727751977, 0.3674419268094675, 0.16847499083676498, 0.14118646007020186, 0.6076953475447534, 0.1567553222288257, 0.33619615794088276
0.15900153639768744, 0.8245808059558768, 0.8974635810811817, 0.6655995550580138, 0.09306947126012688, 0.23581053900130522, 0.9362309085474986, 0.36084095714942066, 0.1922581198010187, 0.9011584573244764, 0.8699056239285747, 0.1405401147216181, 0.783904125004222, 0.8728970810592575
0.16317082680267547, 0.33386186750267466, 0.8405508003839051, 0.8787401662594774, 0.5531728846886403, 0.43489595580854323, 0.7479540139834612, 0.5184571380872897, 0.7263813249378394, 0.047974731721413755, 0.1273486538888895, 0.5774983026773418, 0.5791855098613239, 0.092167084919619
0.2968501139789468, 0.06748354280694568, 0.16160319554744662, 0.874354834051978, 0.07518268159367292, 0.22578025859277373, 0.28814670516864693, 0.715003400380948, 0.2253104912373871, 0.17085992816928985, 0.47692493076922016, 0.18339040900168857, 0.3208049649008884, 0.497138471554316
0.6661436172542384, 0.032160468213747406, 0.6390942268692075, 0.8172222097761359, 0.5118454929956818, 0.4779477039877472, 0.7071985211560283, 0.33345101062578275, 0.31805315494078246, 0.316384948873518, 0.9716338357566998, 0.9874756336146183, 0.0677701305748386, 0.8522245732262451
0.6810589767930799, 0.021145429292854234, 0.3560016979307018, 0.9068225979487876, 0.8762564200049847, 0.12838563577250472, 0.288625491175454, 0.8795740530325963, 0.2515747226751601, 0.19091173530677685, 0.36344598779192305, 0.5032809905784877, 0.639810747169014, 0.7180089651548847
0.2751306794838315, 0.5064609016518454, 0.4097623383440775, 0.32265521082197424, 0.7474256899322649, 0.6595337759621854, 0.531789139048967, 0.3955312329330847, 0.6250155790158685, 0.1752736088018797, 0.7292858286834591, 0.17347737342494707, 0.33031533617732645, 0.9313923653431454
0.6599223459872938, 0.6995433350621636, 0.6924474020518052, 0.3832878704790852, 0.7732051791301607, 0.9386689664731169, 0.8153259154577982, 0.6301835995146929, 0.5622350727938887, 0.16514021806578771, 0.7472851144239332, 0.6241526993609092, 0.7148589771329006, 0.3807913624336966
0.984407514288656, 0.08735092511274711, 0.7721163321018221, 0.93386319486779, 0.25694482614992975, 0.7643349281324507, 0.21845201770947487, 0.4841854230630982, 0.35760641890345646, 0.738943943364432, 0.1303171515986149, 0.7032488355341164, 0.8060848482282281, 0.45332927904484066
0.7398950276881413, 0.28426638860976605, 0.6924064784781949, 0.20049762080475075, 0.8695456741590392, 0.9199818181633919, 0.21538818534570925, 0.7668317107912717, 0.9008550139588338, 0.9029774742809832, 0.34808506849083587, 0.6697835798426214, 0.8142931921437218, 0.8546009509731051
0.42494778438776226, 0.6294260838395943, 0.25069139464668866, 0.04296255447768049, 0.44677352838855167, 0.7766149399086081, 0.6833773866983689, 0.03423077910940697, 0.8489109962191509, 0.2631221819384193, 0.1792835475496376, 0.9904622185836921, 0.5808271685421806, 0.6035818694996097
0.07144977378319295, 0.1968463376437921, 0.3925607871665403, 0.27739239126695725, 0.5057937827715944, 0.34962821915679787, 0.9398808584438972, 0.4244487914340903, 0.019712909633543663, 0.5757744956154693, 0.6779035056632218, 0.416163499845437, 0.5857186827582749, 0.1588563425265651
0.1852136776755966, 0.8780610501832631, 0.29379756460494766, 0.18077901900709614, 0.8948613221573333, 0.8201050203599498, 0.6013459290777649, 0.1618307170082285, 0.2571318252930054, 0.687243594361097, 0.8951165506005667, 0.5569531798192792, 0.8948469388645971, 0.3683876828827395
0.905451490481841, 0.8898614064280748, 0.9457992783839279, 0.6730227436866175, 0.1731294725267971, 0.3543263091189598, 0.8827426775232883, 0.4697664368762149, 0.8100824135969482, 0.8828705497376897, 0.108146596373769, 0.86325696887026, 0.6665811940019359, 0.7561954380416305
0.725855961036962, 0.5535144340611051, 0.5927979224104213, 0.5062846383564032, 0.7224784876166007, 0.7140495696058479, 0.09088910132375838, 0.14543408686653503, 0.24890879253352616, 0.8088243431654747, 0.7794295571523101, 0.8153810995206634, 0.4008748305927683, 0.8327453136460164
0.926773184783326, 0.09229508569148714, 0.30807004442805275, 0.08433806181977033, 0.1396576522936649, 0.4374715310995434, 0.929382212940424, 0.624077102763, 0.18322918117814402, 0.7063946507119301, 0.40436474803883904, 0.41879533099989297, 0.2645818864935706, 0.889891985755192
0.5182094618147112, 0.45274137753402655, 0.3077913143152099, 0.3034502745814359, 0.9098828014332709, 0.5665313335550858, 0.8226441020433126, 0.46491131184140355, 0.5697031584636765, 0.6802175732881794, 0.08307432936189285, 0.1644487735849567, 0.6089501015860289, 0.8028308048508587
0.5112468501787306, 0.41637022349933317, 0.04068727014990703, 0.715165833019949, 0.8476944747753936, 0.5801103714221756, 0.6313566466283889, 0.5039738214277675, 0.8499422869267149, 0.9603956251033986, 0.43899017479086944, 0.06477968145587631, 0.4148127430314964, 0.6697295676938299
0.9239030232427061, 0.42606095103404185, 0.6346103039733185, 0.7169634120011329, 0.05082351502478233, 0.5194463038526859, 0.3445934347253111, 0.8137765632930437, 0.6873629544433542, 0.8833118089612503, 0.704952387929585, 0.3575187574652, 0.5967947189212741, 0.6373831878496884
0.2690438938110763, 0.9954467166980674, 0.08529544965154567, 0.5210659599658707, 0.1207524226244443, 0.3985308983370328, 0.12111977681173491, 0.6360332946514476, 0.17934324469600105, 0.5830967016050939, 0.9054870125573783, 0.8663514843629447, 0.2681212603958123, 0.6986988711054737
0.14600982019752795, 0.5181014245004256, 0.02978376203003441, 0.2727488034548834, 0.16691711403244613, 0.3047836298588168, 0.11492499370846787, 0.865367446369485, 0.9177508364872676, 0.7645776937980205, 0.6851469452264219, 0.7158407922550187, 0.7412500110585191, 0.9413572234997851
0.6909605829639948, 0.8146922113275376, 0.32729680413312645, 0.9068160447878006, 0.7623829139732365, 0.804238567765847, 0.07439643068559132, 0.35179283361739144, 0.8207240360297114, 0.02753767209375446, 0.8351916934526706, 0.48469211510853827, 0.2831449509482602, 0.6663878830688671
0.8139368115519782, 0.13080239382621628, 0.14776529269597216, 0.0008189679364861702, 0.6616089827176094, 0.6661628165280796, 0.22664948786233086, 0.46711385529708127, 0.700443172322679, 0.48692328167651044, 0.3459837108668221, 0.08414494241804249, 0.16526010813700387, 0.16761720396870716
0.69853776931725, 0.2426649687168776, 0.019755707176141835, 0.30028595266811653, 0.21795203116332873, 0.7611496457895981, 0.03270555067124403, 0.23749815484334735, 0.3314738499439097, 0.5015599465173223, 0.014006473133683639, 0.5503351695731739, 0.6843947976384112, 0.2991746126611773
0.29807100183658153, 0.20813551223334603, 0.8301313431689215, 0.5832529871048082, 0.7741713622394035, 0.5303582630084162, 0.11037912802656313, 0.34742035641851476, 0.62087159359578, 0.22409216910255025, 0.7252358732304689, 0.7062559585969717, 0.700777286108386, 0.10133719130663765
0.3805224138797654, 0.9989113378091573, 0.4669404246417517, 0.14341639343618406, 0.6062486220242717, 0.793755393940537, 0.7767831173365308, 0.049362143283495974, 0.6300119649633904, 0.5458317617996624, 0.2117189612901922, 0.7880187806798066, 0.6070781610640671, 0.09199027740009813
0.7741575930104484, 0.3671667536307395, 0.6925082734350575, 0.6824067633810601, 0.7998378955859896, 0.19846560605667674, 0.7163529340189754, 0.5606364298105856, 0.650695888398398, 0.93176022533894, 0.29872342407680075, 0.6439559229756733, 0.14171788514759898, 0.4218456792157086
0.07008680647083787, 0.8359280337330639, 0.0411204537769535, 0.6007348635120205, 0.6961238923583595, 0.7675406010229798, 0.5905787476163077, 0.015094915461629554, 0.8649840724880606, 0.8448520488173173, 0.3348281946695415, 0.7165946008001528, 0.5896764007865583, 0.6286383675147663
0.8242381127859142, 0.2945167897502303, 0.41918711338566195, 0.9239011590988191, 0.5987069504530074, 0.4162496490567321, 0.8926298920871726, 0.545189652988785, 0.9120248086260094, 0.9575603965918569, 0.9642298029080092, 0.49620016196411854, 0.44021923301817256, 0.47745517714109065
0.4553640634710039, 0.8393746312278559, 0.2835205711252131, 0.9370694859223441, 0.8870071097678792, 0.16652927701918518, 0.35896157517336913, 0.9666798702416484, 0.4605668057005934, 0.408093641472162, 0.07482226564861383, 0.7187222937842899, 0.6074571145496688, 0.6431580798192446
0.321888841300389, 0.7112800606120847, 0.133975649808317, 0.9758863826296873, 0.9431358038349333, 0.2929667366351041, 0.171668279600119, 0.44350863871275403, 0.6858100135574836, 0.8056063580637981, 0.03647918158394059, 0.041626651353178334, 0.7846954189886451, 0.928133592910299
0.20132157342697132, 0.9588756221857484, 0.9945515794929917, 0.690311429487816, 0.01249777446258371, 0.9824368234366198, 0.3821935336039969, 0.236733402413966, 0.48490230405830137, 0.36183583198817937, 0.10085981327047433, 0.2677576165054891, 0.9317553393181844, 0.8194890749838686
0.8083140832317639, 0.29813766209255177, 0.23055444632259525, 0.528669279668695, 0.9749678142932757, 0.605886228383148, 0.7416522258930296, 0.3498916482156339, 0.8623883447311019, 0.7207302018905376, 0.9111120524593309, 0.04840011571794556, 0.0015625131735002018, 0.15924114566947667
0.35038432995279656, 0.9354705019177202, 0.8461713412545155, 0.37218529135534106, 0.30765395772790516, 0.9745806822006966, 0.31079095522280953, 0.9917587644445404, 0.8595955753333628, 0.12839121495934802, 0.597174089046325, 0.7812679841846478, 0.1333335564272332, 0.7590156149039919
0.22987578149897292, 0.8581882609380918, 0.3736407644559603, 0.694919765130504, 0.8794322480109548, 0.36776443578496587, 0.40189392370178645, 0.4970252319610423, 0.005782671526579519, 0.5486098678590228, 0.6818474665236477, 0.49754619472053907, 0.6524085395300819, 0.5910437447360671
0.6385623455570437, 0.11731818895488699, 0.6033577892853867, 0.8737637173533255, 0.4512946610689563, 0.5018494620036302, 0.5839017436216813, 0.43519426754819135, 0.8980199688344731, 0.5897065945234611, 0.8381252170867608, 0.01440014211942453, 0.8383588228833965, 0.09178058233775088
0.47902839840126454, 0.9507966149411852, 0.9145112721069357, 0.9251150847785363, 0.7772560058090605, 0.8779288293236126, 0.17286087436596753, 0.5339460520293401, 0.5003521006597823, 0.3214518152168939, 0.7632129427351073, 0.6135059289186215, 0.24091544546799226, 0.9110816058963827
0.5899214581641863, 0.47275970470804685, 0.3568273991583387, 0.3132732011095707, 0.9232219644216988, 0.8845739095361222, 0.17991220954307896, 0.02418530490039894, 0.16717375866332984, 0.9962804136591689, 0.11256485396173987, 0.7007223168332912, 0.3069969941536502, 0.5531909809291209
0.4687090083530622, 0.5737530809407239, 0.42522714358070046, 0.9547411830442577, 0.91392886533905, 0.8611541929837181, 0.2542880700097896, 0.2383188888859724, 0.08275797857311917, 0.4988580137941323, 0.5740853084428112, 0.9328784882392781, 0.8253832146071414, 0.3808110381489538
0.35455189136319887, 0.5514655588718037, 0.9924030534761942, 0.13665429550707142, 0.9711800534096022, 0.5989678072133411, 0.7220178927254087, 0.3082548891308853, 0.17581863909462403, 0.8801590561458994, 0.3378607577413868, 0.8516456202670157, 0.11367800786801174, 0.5098327597489191
0.13108844430683653, 0.23731871860048515, 0.3439138237952962, 0.37507420159314897, 0.06434517469396395, 0.8534964691132866, 0.9871138645769756, 0.9240946237745736, 0.8573621688430013, 0.29839087973366085, 0.9669831087672578, 0.5488103331307775, 0.6130648717139635, 0.8574216328165472
0.1667382854547611, 0.03708333006463238, 0.5142584407712422, 0.6644235515563299, 0.18531811163472045, 0.8184085406050943, 0.9914152693963623, 0.5879004413411829, 0.28093350753379775, 0.7064445088885785, 0.7954023854751973, 0.3513961571884976, 0.27195279268289974, 0.21088617639248652
0.347803316386768, 0.7362418103722785, 0.6634478368858346, 0.39825709794764097, 0.9319664276078388, 0.1478444424428973, 0.44055768382108085, 0.42904215626233777, 0.23177823873159165, 0.5128909429892211, 0.06807837914399506, 0.011641717549368824, 0.1896467635066107, 0.33026564537290504
0.9392114296927995, 0.7518577427198805, 0.2606923691002371, 0.3654418368980443, 0.8578330962792048, 0.14516773266000915, 0.5667680309637246, 0.013884199834668154, 0.013883885167393806, 0.8150731856231108, 0.8912548378301098, 0.41961739366663997, 0.9400955147991584, 0.16725237408379057
0.113724586731,81.8016013794,1015.70640309
0.0516844012411,87.4017976451,1186.92240516
0.0792603235898,168.227194097,1376.4333859
0.111659856841,372.245593307,1476.9300389
0.265849139515,750.166329717,1718.41967998
