$x1,$x2,$x3,$x4,$x5,$x6,$x7,$x8,$x9,$x10,$x11,$x12,$x13,$x14,>>f1,>>f2,>>f3,>>f4,>>f5
0.25733135861680845, 0.8763991651661733, 0.8599385540621318, 0.41975889923362575, 0.5733832933755603, 0.9327972852374458, 0.9323953943642345, 0.6522919093113724, 0.8408434824259825, 0.6271182777163973, 0.12983086554390033, 0.2336407661336648, 0.10646717805058048, 0.5437830576782752
0.5287256481822452, 0.7417069132147841, 0.003267909159815008, 0.05264020102730471, 0.23207321874805364, 0.9646794904019641, 0.7421355372540508, 0.22505432744401999, 0.7998981641414397, 0.30018601304111914, 0.060799711223998076, 0.40660911449557036, 0.08589879069113682, 0.06340170081206598
0.26806121185638665, 0.29795969351842244, 0.3166988809379069, 0.43933157775104037, 0.23353858961052332, 0.7207715766540367, 0.6266091855943549, 0.6580826841185528, 0.9901937023706416, 0.11895863941326545, 0.20396645904836896, 0.47390696474075245, 0.9055465831560502, 0.43798866813868753
0.9917955802766513, 0.44996794712423327, 0.49888781056821574, 0.6708179372494075, 0.5378547395114722, 0.15134163987174565, 0.46257663189457077, 0.768654480385314, 0.27590781107652296, 0.1630824616272848, 0.6110586671949203, 0.01708456867859942, 0.684781847464749, 0.3599230358173965
0.2980856257835147, 0.20122441085924436, 0.9278262788824514, 0.4143015786513634, 0.595779641675282, 0.33484698009123137, 0.5943949791775105, 0.6809864581051615, 0.1058095279415524, 0.7137063885550256, 0.00674443056215257, 0.18796342074318484, 0.3566882274865366, 0.4161548454697308
0.48846786376575047, 0.21987596282151434, 0.011433883150337998, 0.16242679199643617, 0.9891625663594749, 0.7479222180735293, 0.946470128851968, 0.508393842406471, 0.3658912452303644, 0.1026101563861096, 0.20408804605071384, 0.9193146694833506, 0.2891329619749128, 0.19170360304233824
0.6703372051378343, 0.6910573699386696, 0.011438090421286407, 0.07749901818010174, 0.8979018109796267, 0.2684166441631626, 0.15276031163718284, 0.7953106124972164, 0.727727372677937, 0.8006208927197735, 0.7492247185714039, 0.3509124876217984, 0.4146049477871586, 0.4469091141215573
0.008515320719523323, 0.24302065782335402, 0.12272666149992772, 0.809400137159829, 0.8780900292811611, 0.46388207106457646, 0.29550560084319577, 0.31715922130117413, 0.7163735553098969, 0.929079089889315, 0.7500148834311767, 0.7358005789830975, 0.06921186369074062, 0.5803884867503992
0.7869093921224098, 0.752208579812043, 0.8298267108040239, 0.7693569800376661, 0.17772086960139855, 0.5411180029032473, 0.46426549540334583, 0.47803091462813085, 0.09623022599052367, 0.09614109464369225, 0.7830440483126645, 0.4811779345043873, 0.09682411145482783, 0.1611139259661103
0.30687047403934964, 0.6417277309088707, 0.09254820775879613, 0.924828380458597, 0.33235695940210075, 0.0890934696083524, 0.3517363625300628, 0.5026006783790727, 0.16453984398043053, 0.8356211040856556, 0.9770463464442211, 0.728921621552634, 0.8454911642551014, 0.1017335601301167
0.2684010044154187, 0.19699418569017002, 0.0407332428905981, 0.5041326951118068, 0.9405725422960187, 0.9303414156582862, 0.2618000898282177, 0.041783328604687475, 0.7553371356741092, 0.6776964629952029, 0.5104622669622921, 0.5270904520369842, 0.43382432253990477, 0.012890104419772785
0.31592548929106323, 0.49711970427107643, 0.849246345067808, 0.06684190397338796, 0.49632293943948513, 0.4042470756212111, 0.8819438823800589, 0.30246444006886974, 0.4103043117848151, 0.2828473861347709, 0.7719317685655435, 0.4327583773692464, 0.8078250380978182, 0.702506215791871
0.3086791316612303, 0.6076103363258897, 0.6753368162654936, 0.8153074811747398, 0.6185733199690969, 0.7320302313700656, 0.6287278228705846, 0.19026930342363502, 0.7852437341052471, 0.9319352437388162, 0.03482999218532412, 0.1969979968187977, 0.1700195278957508, 0.3006980559451241
0.1168405830920245, 0.15186865180309572, 0.5311149155857134, 0.0891917263746359, 0.19782102356837772, 0.5188457651146925, 0.4468228307677634, 0.3875268575803271, 0.3083910515688443, 0.5210327194062119, 0.820942188012664, 0.8370319658466683, 0.4428816393920705, 0.9845390694057587
0.06262197573005024, 0.6764708919675888, 0.12205816473807363, 0.29491715166359245, 0.8674680589164292, 0.6715681135367275, 0.9492076882080848, 0.33142825205855786, 0.7890860314490455, 0.7176053608157978, 0.44710586081285275, 0.2979114320098105, 0.07906805737135836, 0.8932223485660463
0.0630923788361365, 0.9243822741089287, 0.5094098718382246, 0.8989541984277292, 0.2908685957340351, 0.2572766941012763, 0.33467131932316485, 0.03885195241555317, 0.45676099316860486, 0.6034274111010595, 0.906508230825137, 0.3751542889626479, 0.6247721446098712, 0.1325681738020279
0.4965892217374436, 0.7075354245336931, 0.7445902166690156, 0.3691842356385874, 0.4703939490150525, 0.34352649349012176, 0.7732151674178241, 0.4969612728824635, 0.8216295649790889, 0.4210250863144932, 0.0752751927614328, 0.7285499996582988, 0.7783356887813381, 0.8425079073314535
0.8018083097561498, 0.7432431409124044, 0.5588922114042751, 0.7349734156140969, 0.5941987785147937, 0.3319735022358369, 0.1279192634680919, 0.7392346722266302, 0.8931713474706984, 0.30545708687545303, 0.5924274374329963, 0.9549587294902593, 0.8498831689170452, 0.4704874861712799
0.1973244144776447, 0.49859647268326035, 0.34881029946784237, 0.7488993634333507, 0.7146055083335742, 0.016392771169105536, 0.24494968986590826, 0.9769602446279887, 0.8799809561342377, 0.7098552413314109, 0.31805296412787665, 0.03551673951950651, 0.6236174092065977, 0.9569307138718879
0.7557656666183464, 0.12409981935317893, 0.563468248581187, 0.31697283296063417, 0.06690423798405554, 0.9617318557770053, 0.6816639714175895, 0.6636969786571958, 0.541099453767446, 0.7480419991545568, 0.4644722051988842, 0.8455549574602182, 0.25318354500484297, 0.6481991053708746
0.6980771784535906, 0.05628695697048114, 0.5267948227096239, 0.7871510136941245, 0.17760507935176217, 0.5387358323965774, 0.9552595205740361, 0.40526429322709934, 0.913359338864796, 0.5012404344663228, 0.1736696966122957, 0.7866027473849648, 0.7449470437594201, 0.6244498130227194
0.34067232243691836, 0.3445694411117185, 0.9157309157781526, 0.7577122922663452, 0.22302895340240536, 0.7949104863303434, 0.0575133397512535, 0.47845863178192327, 0.1867008009841724, 0.9980619741796212, 0.42741672573056566, 0.7403675848653165, 0.17951630349050385, 0.31988274085343693
0.23819813841391313, 0.31450460185254825, 0.24827103448952326, 0.6260070560073641, 0.0034966910234699444, 0.2859406703804904, 0.6247381199357028, 0.43366784912350964, 0.33156090346491407, 0.37140155039679634, 0.9673521071109965, 0.15125870270641617, 0.9508212850137864, 0.5867712738119578
0.9988917623985112, 0.0427972444266127, 0.08634202307431538, 0.9538660352657536, 0.46902943899323246, 0.028836016503126616, 0.4261368657171626, 0.9218977548915276, 0.5614805059368446, 0.6577959105607474, 0.4415022143946469, 0.019843221129272948, 0.8317523102806952, 0.3891705732639261
0.07741894969922547, 0.44413476076346436, 0.12739593349900669, 0.7931294546952931, 0.2532115674545352, 0.9523612383728055, 0.06561073942252804, 0.25092644083433735, 0.8555560877039302, 0.6493884135011972, 0.7841227422882147, 0.7978277912995462, 0.17389703874277684, 0.06512670125148934
0.6191185927549177, 0.353187424512621, 0.2219348310394489, 0.04547737557275133, 0.23778707498058027, 0.0607331492369102, 0.7262673095880396, 0.770907026374568, 0.47091154669163215, 0.14770472531372136, 0.15471663191321083, 0.9955207014576227, 0.6245114539895456, 0.9903467904041654
0.08356358049594126, 0.041730510341190796, 0.8197722660549351, 0.013972800051136769, 0.837778397307849, 0.6064423852808939, 0.8945537866003398, 0.1444080772592854, 0.9234354978830231, 0.05294341528977675, 0.24193265205646908, 0.8880878204830965, 0.2546342709002304, 0.5302706301552811
0.738962617601114, 0.1498525751174673, 0.8143729490482255, 0.10044120005737389, 0.534549509008891, 0.048167613025615674, 0.635211064037227, 0.5593689297949002, 0.669922527534443, 0.3078629082963129, 0.2655794921988578, 0.4907829275072445, 0.5394225698967218, 0.15532242393317375
0.2412090339951669, 0.6168328819962489, 0.9841002476196646, 0.2107504182482246, 0.6356402717315256, 0.4892678186595406, 0.20391930583658957, 0.30370111961258317, 0.9771296738144337, 0.7201605513118796, 0.5960738856911624, 0.2291621526712887, 0.5482940430833252, 0.4932474704496641
0.30565504450595193, 0.2232848542918484, 0.7839359530667197, 0.8555569543329052, 0.812224562583457, 0.11856294862071215, 0.8359682323514737, 0.20214725378009268, 0.778232580436138, 0.13870866362888945, 0.8061188361518381, 0.46535144763878955, 0.2920562465078558, 0.08778140256468636
0.874474004333626, 0.09104104266628654, 0.5367789137848743, 0.2517476234265754, 0.6272542754921645, 0.24859430403181515, 0.5053477859391466, 0.44236610345390703, 0.36031757449839374, 0.05348906286868005, 0.04473206832306653, 0.7996451506704094, 0.8957834046959723, 0.11058770062342371
0.18166367761652458, 0.36558587590359637, 0.5900190575572146, 0.8534594775334512, 0.24642342648850535, 0.020220120007043763, 0.44436095842989665, 0.09286112672572355, 0.2261216594308394, 0.6413038618310668, 0.33060299024877615, 0.8035700783314019, 0.5419548745863776, 0.37734750064144373
0.35379688403639165, 0.23019725365976385, 0.4716823985570765, 0.21911586960847929, 0.3008573157383915, 0.1615083150053115, 0.3805209771585273, 0.10454810638539891, 0.27478987553658196, 0.5096619511853329, 0.7730642566144935, 0.30885536487634335, 0.5562115393053776, 0.9269051846187898
0.5223937095430792, 0.4864262350990214, 0.7459285780218977, 0.8768648124302337, 0.9841881750276954, 0.14717163784919252, 0.07852945978642745, 0.5267847450110277, 0.9188959970296035, 0.5665753205953049, 0.6393655236216811, 0.48324144759437515, 0.7590462327188565, 0.9874106537978461
0.279129511879166, 0.20023757043321422, 0.6778678848155008, 0.33013470454941307, 0.6525391764692783, 0.8359949599551115, 0.29305518854872603, 0.49312946449620865, 0.6160792688157557, 0.10667111896605797, 0.9400365526164095, 0.8345513371447276, 0.6623326662462751, 0.7208168145291481
0.3308671825098227, 0.2464259760106703, 0.946762217565319, 0.49452942974005143, 0.35877858769584126, 0.045728507064691226, 0.8563996901059754, 0.8118301690095403, 0.831094420327469, 0.16311234373247352, 0.7022327520004669, 0.38840096716326233, 0.38972290513191066, 0.2792739000503811
0.6377290369254798, 0.4718428257043227, 0.02156660557827239, 0.08041040334514493, 0.7579407990623807, 0.8331657621024976, 0.1771390196302589, 0.24518835099074887, 0.49298717335000475, 0.7863419311296794, 0.9948822750933836, 0.12208619548360689, 0.13969930858506485, 0.8853824063716753
0.9403307719350145, 0.9898655641931828, 0.36495017175052025, 0.6473484420883175, 0.018871163631248633, 0.32691410635209583, 0.5162058088821725, 0.5502152092389366, 0.44447942084226066, 0.31232035624068555, 0.7179110292861514, 0.09661981708780432, 0.6469149197144447, 0.20738407524064484
0.6295383836579763, 0.7944668433592315, 0.8630441528359535, 0.604177607198468, 0.9839406304966372, 0.6046233159602793, 0.5199353750795807, 0.7232568003887984, 0.6837311564872927, 0.12106556141153257, 0.6514911580985971, 0.8922183669091512, 0.001055121446177587, 0.9593231477793253
0.11899686879877225, 0.06215666858645719, 0.2263585895521676, 0.5116754122717676, 0.6286062353546671, 0.4891581842313786, 0.9620399235428422, 0.06441862302137635, 0.6103646207960353, 0.586763500315567, 0.9533424304827983, 0.6761677003224359, 0.24891868087867897, 0.5276975519912963
0.5613473769370083, 0.009299782859216843, 0.5551206767396732, 0.35624273425047004, 0.7260410705307226, 0.8450740708058773, 0.575972813294103, 0.914635614180922, 0.2739166799153083, 0.27571448243087227, 0.5979943445284406, 0.048245246840193934, 0.5226696663949233, 0.6013268732538819
0.759658404922261, 0.617908225480606, 0.943816705140174, 0.855691733809486, 0.7488374034774766, 0.72907105062284, 0.40680837464072006, 0.5517596769583608, 0.4200994195967136, 0.6105132956371424, 0.27937720828894386, 0.8469547243452115, 0.18887820420979828, 0.614519415307271
0.757380771623055, 0.871609550956573, 0.43027401897215234, 0.551519667041874, 0.4823059296232093, 0.8396726131315354, 0.6206763913676799, 0.6316733585757442, 0.2898057216800388, 0.5748874897863635, 0.3658561363650825, 0.41465037191062215, 0.4515235385218773, 0.22019816894361588
0.23232850733095578, 0.9013046675011175, 0.4689933274265471, 0.6149809515958585, 0.484462738831566, 0.8741655935542878, 0.27404336236797977, 0.4328341946328419, 0.07202822644188955, 0.09984825826883581, 0.11939816912273982, 0.760195108279128, 0.9179802230633559, 0.5812743850487972
0.37492395872622786, 0.2790303946655549, 0.2421091823764806, 0.18973669339570265, 0.04052412228181135, 0.5940495111345033, 0.4246214966671239, 0.05044484249861092, 0.3814215136906103, 0.4210805114201208, 0.42683556640563214, 0.8716048520853195, 0.7102791967327422, 0.12260690759858361
0.5050891126409305, 0.04242921596971749, 0.7273974943016058, 0.9328599020709124, 0.33322952410343554, 0.8843545738047309, 0.920460570063531, 0.17823772368625124, 0.013479037493960178, 0.6988681236639023, 0.392396534132726, 0.5156685019034845, 0.6120304835589407, 0.3731311129828162
0.6306602956471442, 0.9341785757702599, 0.7345209620710167, 0.7307377562057651, 0.7000729262784786, 0.9170619719369931, 0.6513394161030441, 0.5446220577696083, 0.3102709232799066, 0.9210308300817338, 0.5584277200555343, 0.711855882890113, 0.7000021008270304, 0.5721891285117899
0.5154091866312609, 0.2798449291085934, 0.9826360169132276, 0.018241910940855255, 0.9938939270830646, 0.18662901934535447, 0.7790995833989699, 0.8821823876013243, 0.6404922996475346, 0.5357188725530327, 0.2198718953715253, 0.5741630507548204, 0.9680900118429695, 0.027152682447943666
0.8962270726015245, 0.9419767779007111, 0.9385809658632126, 0.956657578374689, 0.35854438963785507, 0.49438584178543166, 0.7652799534461984, 0.7926686053065525, 0.32593628010685316, 0.13892833481138667, 0.28847608942838643, 0.17843924168337977, 0.02232665987528004, 0.5467453653981734
0.7495346106228434, 0.1960679432320115, 0.691572607707446, 0.3915814714697162, 0.358263525906664, 0.3000903009317817, 0.49882192876084164, 0.40601541337371383, 0.6311882847473717, 0.6594121273000682, 0.6280852245136953, 0.19957102199381838, 0.43972123820973996, 0.573185105312155
0.5098384038255745, 0.43419477324922395, 0.2786363803754346, 0.19734217055006753, 0.9864103091067022, 0.5243042639862914, 0.8396230718568667, 0.3235581721921511, 0.5547305078822332, 0.6031567898876143, 0.6284477367442358, 0.5891601274254002, 0.9703648207745166, 0.5616976027704272
0.5180924164329975, 0.7178823451625228, 0.3841286372458742, 0.9096418458595954, 0.2529497946127579, 0.36572024389103575, 0.8806531991057194, 0.6501287984782347, 0.045966826053766896, 0.5786214318060638, 0.392278567008847, 0.24909981228810474, 0.38547549994515273, 0.1605332459830836
0.7651372830548423, 0.5262086291196556, 0.12905396938628677, 0.3921184660657683, 0.49218183522597336, 0.7387112532388054, 0.2403887483171675, 0.6000268810343046, 0.015706570781660933, 0.4284670710466315, 0.33190547272896864, 0.8919656988008298, 0.7437719525771855, 0.6211556665811544
0.6004010832331376, 0.18487360474927583, 0.23037246330298045, 0.07112133304507984, 0.8136563713949619, 0.46472666362192094, 0.6731541002220559, 0.5046658751708322, 0.19002023411275926, 0.7512017418799578, 0.21756731702053667, 0.9135592215527495, 0.24754390517113178, 0.752931593263472
0.2844936580300207, 0.07776445892121786, 0.5854250184707216, 0.11344101253876404, 0.3715208381405445, 0.2604574805518901, 0.4618493049772897, 0.5160589456884289, 0.33704628065102815, 0.6394678737423232, 0.8899787466481988, 0.47353943549447686, 0.8919737274138312, 0.46839485398732605
0.6430959132296425, 0.918372793646998, 0.42266456976350264, 0.8286559555965926, 0.5456479769120712, 0.8807642039611211, 0.4526023471546703, 0.28599051501743056, 0.8923456308193325, 0.6358818336586936, 0.9642701101765001, 0.4177304552496133, 0.5054982655372188, 0.6457859687630398
0.7144524255414232, 0.940317265447749, 0.7102292118174628, 0.725942699445335, 0.8128295683696832, 0.3476051117764719, 0.9287506781682922, 0.6558292164798304, 0.8744865763285606, 0.1557795302772611, 0.27001314727032366, 0.4763031906081402, 0.901375006647789, 0.7059124562565384
0.8901053383585421, 0.020025440625979885, 0.5207609322736364, 0.6587846468738161, 0.8083787250016826, 0.7240789034896462, 0.7838775330207919, 0.9251376967119769, 0.2888357095266033, 0.6607468001605232, 0.28115078926377246, 0.8935635901399618, 0.3624450382934137, 0.48005237627815356
0.7654719947197899, 0.743310354387076, 0.5157991995809184, 0.7612976178267271, 0.08276818344958792, 0.2370964808360203, 0.37015811050294034, 0.44051824800404304, 0.9673205998132712, 0.13805196098639938, 0.9072895446587591, 0.30886651392955167, 0.7137245619322864, 0.6565601240823666
0.8959235297083198, 0.9428232134229874, 0.05479162360364365, 0.3027841552387105, 0.26004399563875835, 0.2232249006782564, 0.6276690061523355, 0.5508239132498254, 0.6853447665667232, 0.5084189562278706, 0.699321205878515, 0.2813015583188022, 0.08375627160744059, 0.9998744328602917
0.5150525358304789, 0.7250070249706085, 0.18195114732215067, 0.0927679369355685, 0.6966351677364949, 0.17212760486302514, 0.6349730829304525, 0.12731560280112098, 0.8412388945738902, 0.3959261496143982, 0.24806659797071007, 0.5790565210858996, 0.09643368121283602, 0.19230412880554038
0.02445178299936701, 0.4411962909730691, 0.9881570378825016, 0.7695390550684046, 0.8121391320989129, 0.2377626447044342, 0.8236402837212655, 0.06080369942581254, 0.9423757817309155, 0.07604998442139044, 0.5598612628548706, 0.03126538145091584, 0.029364875809859026, 0.7055887960519964
0.6308572464963272, 0.2617460848620924, 0.3132374299018479, 0.3449296394450003, 0.8921020548602969, 0.2806406845967131, 0.22756066973391365, 0.21543402465641526, 0.8069921963426566, 0.9392904847755712, 0.25749353246404894, 0.21633057482928864, 0.8281016794439424, 0.6739861282335052
0.9660181575112633, 0.07000339850582848, 0.29094761187718754, 0.7490264343892398, 0.15673153910520987, 0.5474222657997555, 0.48683339743479837, 0.9647212414196124, 0.39869956742946644, 0.6787585237318576, 0.7819314951605347, 0.4777303113996225, 0.14818852183703657, 0.6625192951238444
0.780949764794423, 0.3003785621354267, 0.7101017412320975, 0.35211460243438, 0.9512129371120868, 0.12385715573122402, 0.695585011035064, 0.07818748334563619, 0.9720094898415834, 0.40853267501722046, 0.4607163860246498, 0.2318447704896638, 0.5286769717427545, 0.4397301839745986
0.5757767070773631, 0.6520648913740424, 0.16491156140946484, 0.006019912670341854, 0.35278310908996646, 0.08143866912963449, 0.39094934187235386, 0.23235611636579756, 0.8169919972493835, 0.6714429950243072, 0.24756936474635383, 0.24299239156745356, 0.43721399404614425, 0.5850707080313684
0.037049932249801354, 0.4285123812587217, 0.6462158490985925, 0.5376941841757924, 0.26136160142401454, 0.18696626189573462, 0.8238380174315842, 0.04625237878906696, 0.25715218036249066, 0.07085044367352156, 0.26614055196207786, 0.6076296502933515, 0.45694459591517655, 0.30370146082163574
0.8079988904365056, 0.3236603471361118, 0.5115493967143796, 0.7562591749253262, 0.27727798205707144, 0.7707238706467816, 0.8671103677123503, 0.3894894441138643, 0.05659324304454383, 0.9707383580169044, 0.6704208703642218, 0.4469630905917905, 0.5559761520800699, 0.8425704671495801
0.8381256477497044, 0.28904873443885626, 0.1887647955699281, 0.6075946784146486, 0.95849388432938, 0.1601265901857497, 0.5238399762321065, 0.4836591604088669, 0.08229415871375256, 0.4497573520317447, 0.9635612465774628, 0.14606124646182117, 0.6700636151595156, 0.608101595185326
0.453118449977185, 0.517004198793772, 0.058475082543325785, 0.8149866238624482, 0.004134013214648236, 0.003410711554619028, 0.6832236102679033, 0.1834303770504916, 0.763922886754863, 0.22907346152694308, 0.09398996237692725, 0.317372755851122, 0.8740164936524422, 0.6988320668618471
0.001089888349749657, 0.6774040075480013, 0.18989592020932888, 0.8962983096510012, 0.07251821655478685, 0.09829938484781597, 0.8640941538366772, 0.513424994768855, 0.8079232051420542, 0.30248639123659493, 0.11201798751191616, 0.062318179366560256, 0.5489661747292467, 0.7898087382064983
0.5485373313829, 0.18820758943521632, 0.569964302369639, 0.636211181294123, 0.9175198819005805, 0.29967163287054543, 0.8470327161619624, 0.9595552892688565, 0.37517563862031933, 0.20387404659656716, 0.29142019567950106, 0.44234051627590465, 0.30510963905764577, 0.06405783772187146
0.9266307359544841, 0.12684985072943067, 0.513994639871564, 0.5955479267024609, 0.5565570788051554, 0.2541712941486409, 0.21186447446261092, 0.2889522118411788, 0.864531671539855, 0.9619626051433476, 0.9937021387282015, 0.8014503675009308, 0.3373310646625499, 0.12859869166604765
0.5952593570014207, 0.8368153430896205, 0.10388218509551228, 0.948714535801067, 0.14441590435480933, 0.5672950418990428, 0.32382023410485294, 0.710146234726558, 0.3255434193830812, 0.5232958332550902, 0.7549850656436066, 0.5133205653689622, 0.7741878308211563, 0.17238597358245245
0.11631038016018036, 0.5907800225200095, 0.020702262442766406, 0.046065710963704154, 0.7420170758198963, 0.5630752376825241, 0.3999775235965489, 0.5232697540435, 0.7593640999213551, 0.4643051899465114, 0.11846455445695936, 0.778254435355837, 0.8094754337556564, 0.6694487129877338
0.906007869459179, 0.6201989501520013, 0.6708833516170265, 0.7882513331419663, 0.769407697520625, 0.33520178483499186, 0.8072088053329499, 0.2239052703381641, 0.719419692761276, 0.5487621260039247, 0.8895762441096975, 0.2534110316140895, 0.09861165210975864, 0.9770704195572468
0.5765903685929715, 0.2529608165483386, 0.17442231032222144, 0.9583084896195027, 0.43054650855049714, 0.7289285411901476, 0.017784875786729604, 0.32259091634788806, 0.4018298614888671, 0.8183032443963687, 0.4009128525722033, 0.6237306670607488, 0.7159304580112887, 0.44876725515551796
0.659338352243946, 0.11982429502340719, 0.858404661808803, 0.31357265046586147, 0.7868427857669934, 0.918234428502543, 0.4641654440422519, 0.14924247017417036, 0.6374950598310738, 0.8007320662405996, 0.8895474557692797, 0.811290261059873, 0.021015752983315927, 0.7914498082185966
0.001236460379854143, 0.2912575718689755, 0.617052686691393, 0.26772596685993844, 0.6587194081793263, 0.6221699461163753, 0.5951501756025954, 0.7588668939799685, 0.4290845818884085, 0.35138836222543524, 0.13984828122900494, 0.2802668195427479, 0.44669753785601407, 0.06904496166094165
0.25585238937889354, 0.8520696409046223, 0.748133634856134, 0.6223137698318199, 0.5162127574248676, 0.22759822046857148, 0.2934162959610893, 0.5666087865668472, 0.1890351154542953, 0.8621972831010065, 0.2854883525155061, 0.791240229132572, 0.16963229080270292, 0.8987270756607697
0.3323571833879705, 0.6255706189667096, 0.8934128366318463, 0.7392603952708661, 0.026112699039397724, 0.7654164484074847, 0.41423309690927346, 0.011983057717780077, 0.8831405864865831, 0.29411298810280617, 0.9321029722669388, 0.17519754776640062, 0.8617885686409308, 0.32095925777248724
0.11574648590573977, 0.9701472012434741, 0.620291450976412, 0.3561975023202556, 0.6916298240594926, 0.2792350139286217, 0.5081810416500483, 0.5192260287029601, 0.597522525337612, 0.3276104133384061, 0.4472439702363865, 0.7972507009088975, 0.36582907855336644, 0.3115372519468469
0.5536717532802735, 0.7331878892946166, 0.4778301934735155, 0.8717486827731671, 0.2297613510533506, 0.8982772806757554, 0.7609713813537397, 0.6447981694711292, 0.14308186220537744, 0.06566829334925628, 0.5564812299035282, 0.6303807280610562, 0.3036113195031178, 0.21348718482899365
0.58848264608729, 0.051693643573225034, 0.7419671985152639, 0.49618505710546534, 0.659108769276218, 0.832411629524311, 0.9881121606305452, 0.2630398900954797, 0.6239506382323868, 0.0837736130597394, 0.3438951762453434, 0.6633188862629715, 0.764687315680919, 0.9978659308161639
0.11130294379529337, 0.4359189147520367, 0.7098221879260229, 0.023701709031564433, 0.6788442251254835, 0.18307310286760903, 0.9038009777469871, 0.22526021672029262, 0.7184901931262321, 0.6908480855839518, 0.2623932294784679, 0.157127915287681, 0.49556980286446217, 0.24394807145510033
0.4255359435703293, 0.06619217209444095, 0.5785615337326218, 0.17683091903566062, 0.26601617381248566, 0.44161661746995506, 0.1935295419058296, 0.6775646880808743, 0.8620396474400606, 0.2590289551342777, 0.04472584138901259, 0.9964122711895247, 0.07347890996772832, 0.18160003737052
0.5183635011070685, 0.9962902142278324, 0.8045897959303699, 0.019239618807044723, 0.39697112454800343, 0.21498213528959265, 0.8101474327210479, 0.611950096708104, 0.6045413240756211, 0.7502526455480031, 0.2274162935466345, 0.13130167587456387, 0.24041482744956055, 0.8032825943376586
0.7940094598339672, 0.4579063431969218, 0.8341189872416999, 0.8925103485485743, 0.8565612054520647, 0.6888803163024596, 0.8243462267465921, 0.43492247767101255, 0.8584831404203448, 0.5897985994106226, 0.4319232489631196, 0.9923639807420366, 0.9152257168230175, 0.7658290399407687
0.5290496349896894, 0.6559693261077857, 0.06907263484629389, 0.514237893168537, 0.2176052265502676, 0.5205740955249061, 0.6978111362395758, 0.3819721375169325, 0.3570356810630634, 0.5260216756737203, 0.04692054699532311, 0.18596891637564705, 0.03988176018897793, 0.37385240938703235
0.15989029265211163, 0.6309326533308872, 0.3249814419574748, 0.8586484198882618, 0.4407753806814265, 0.04650356847095849, 0.9476647813306214, 0.9528995837129355, 0.43267056171039686, 0.8173361504890765, 0.9986649541663879, 0.9073456792911023, 0.8980505376103946, 0.22713968406778573
0.709286727303741, 0.9294191768812311, 0.6466077921223593, 0.811510755356904, 0.6851338280273687, 0.9983264347365122, 0.45894375597826154, 0.04594561626974303, 0.4323285458012185, 0.5052739776456744, 0.230842617349152, 0.8987888263299444, 0.49305010539864735, 0.8486862409815066
0.9007252534939679, 0.8513747362698543, 0.6209184755667833, 0.2630656822883014, 0.17174881147127707, 0.7984637312079446, 0.07761522773471674, 0.6720595084649176, 0.46059401656561205, 0.7725706199874313, 0.8262109453397042, 0.29909434641594324, 0.2655104827498458, 0.6488538869836942
5.50637951955e-05,0.159782991508,1.85452697047
4.01037058365e-05,0.15386363927,1.72513554001
0.000942570514733,0.34195496649,2.15737218319
0.000811918269311,0.682056482016,2.35139125171
0.000535592954473,1.26275152296,2.48170681163
