$x1,$x2,$x3,$x4,$x5,$x6,$x7,$x8,$x9,$x10,$x11,$x12,$x13,$x14,$x15,$x16,$x17,$x18,$x19,$x20,$x21,$x22,$x23,$x24,>>f1,>>f2,>>f3,>>f4,>>f5,>>f6,>>f7,>>f8,>>f9,>>f10,>>f11,>>f12,>>f13,>>f14,>>f15
0.5525418800186683, 0.7562708053879488, 0.5776784027527809, 0.4059998789445486, 0.974195465006124, 0.5705377431634903, 0.7550421456736882, 0.36774348464062223, 0.12050279885870618, 0.41426096932118606, 0.9070960436234621, 0.3443134892205224, 0.22600247207958035, 0.5700127243443799, 0.3627189759170174, 0.8002762448404708, 0.4793317054814733, 0.33387751482733496, 0.7504225915012916, 0.9162154559715346, 0.31779176878475246, 0.12652816703398184, 0.589099010472108, 0.31043756275862733
0.056489645350852435, 0.10517422950398525, 0.7391327206779971, 0.529148020473111, 0.22451792694203287, 0.36210868382058325, 0.016012520750585346, 0.5687764981945372, 0.0437694564502622, 0.3237411896944967, 0.24041929592793787, 0.03607723038506272, 0.3132600665598525, 0.5042770294893733, 0.05084122357933163, 0.304747074691207, 0.8888655865083344, 0.006768948901546223, 0.1282935179524045, 0.7735929085890131, 0.47738691640488917, 0.8346772977002195, 0.6282980392600537, 0.15721241671001174
0.6508438616139249, 0.8674483021441106, 0.7351449601675928, 0.4561753395196323, 0.5056649947243527, 0.3183291825536787, 0.1455763744038261, 0.8895657276051507, 0.7349996057939077, 0.4926404762988883, 0.42832719275441855, 0.5888176008624653, 0.942216374307715, 0.6722802005783769, 0.16773647565436123, 0.4730917757081108, 0.4723071962077554, 0.581313968866717, 0.8765292157364705, 0.6415935486925226, 0.7416024626258109, 0.9657080452633912, 0.47217506250421104, 0.3715126049161135
0.5707566719192896, 0.1353713999112871, 0.6989087143167673, 0.17805379941446697, 0.7192113875580819, 0.7030611845182525, 0.9549080941976691, 0.7825296328218927, 0.8948459442730852, 0.8391997435192682, 0.8228919622509719, 0.2747740327201249, 0.5812655731504868, 0.7876670571124128, 0.4144448134362779, 0.4620429320399355, 0.6932992048071143, 0.5695666718313923, 0.29685920233586127, 0.5742693113075406, 0.03594855523649465, 0.6290323190571977, 0.8662630519026732, 0.8355950173676466
0.45866676769419734, 0.27253939439097585, 0.5161603132828246, 0.1913545038386314, 0.6760589086846337, 0.5109073358911789, 0.06320558605435223, 0.7491405283650042, 0.8499870725318508, 0.463217792326602, 0.7226908893551546, 0.25629808037052715, 0.33644917118344964, 0.26689943625436985, 0.09844486617245607, 0.07278704387297785, 0.8518379242680856, 0.29390268401718656, 0.33785310768708443, 0.9715062634419139, 0.2264773967331104, 0.0057049382042395624, 0.7111162682913594, 0.7348782667815298
0.6625263828978372, 0.08474050999457583, 0.9502227818420547, 0.07497874760598877, 0.4720777917011699, 0.7428690495497523, 0.8645930467434926, 0.166156467045265, 0.8777052892222406, 0.10488108747544223, 0.4046960125610126, 0.8866306918997368, 0.8200881841294899, 0.9056253510007869, 0.5849117281302469, 0.8258559408600252, 0.4489471975627226, 0.6286867689459317, 0.7502381204151715, 0.08805485066235086, 0.36453337579175527, 0.9896892011224817, 0.5390157879947323, 0.8388459805908501
0.9682359683278428, 0.48615890419125074, 0.6193653460739003, 0.42238045126161194, 0.015435198394878613, 0.783564523371393, 0.3001548257233908, 0.9152003107170779, 0.7712811477990867, 0.1808260869324071, 0.4174643497414593, 0.8089325750566772, 0.33918113210115175, 0.22983501272903695, 0.33599682659976027, 0.965195414166917, 0.17179014825168393, 0.8156082512893211, 0.4010096103333234, 0.09970809118104684, 0.42386261525178015, 0.9098805904623587, 0.15539612515255696, 0.7984157539635639
0.8759939324312819, 0.4257083001667211, 0.1912726178330023, 0.6681640037370418, 0.7740325099998548, 0.07325515571544894, 0.4330203224949092, 0.711879281227438, 0.5052431517701634, 0.2848396928125495, 0.42422692455564703, 0.3271165209058755, 0.16119103537735413, 0.02934119001325708, 0.8591290710579682, 0.7665467746442247, 0.11449236637388593, 0.37277702707436666, 0.4626006040303865, 0.7978617732678399, 0.6249578857096072, 0.19194327608643047, 0.5612347185688984, 0.224416862803422
0.07422803197996575, 0.9280235114343364, 0.25640415042383746, 0.34840797564043735, 0.4872910469830022, 0.2735116642979546, 0.2286912156345594, 0.5283714096125426, 0.957714036867221, 0.5466370793892702, 0.24971835501031248, 0.6403529349848444, 0.8679239176163606, 0.885682134285573, 0.4542533486897644, 0.6670607405081593, 0.746569251222783, 0.12991810160846662, 0.35935511696126, 0.30596851123847557, 0.6413436745319343, 0.33418325447863806, 0.4147351103987005, 0.03140299909907296
0.6674294924353112, 0.36611545889687713, 0.0775672543437963, 0.47905253126419167, 0.41377294047457613, 0.4199981791589008, 0.9838538564121835, 0.33275455272127086, 0.8157324272115538, 0.3861125149909552, 0.6341141180903415, 0.6368543712779533, 0.8341227046417968, 0.7018687338687808, 0.3653441569814512, 0.4539104557321312, 0.9225791190134893, 0.6696085096857685, 0.44881282884479734, 0.30442858258364924, 0.24691466590619227, 0.04763400314024824, 0.15350739212651798, 0.1629592899631762
0.31386784828475955, 0.6752556380077556, 0.8194747108098164, 0.07404053407836997, 0.3717960088897795, 0.0054226733538906835, 0.5733177746233462, 0.8249811280642229, 0.5688576129079883, 0.512685123924696, 0.8444171207420484, 0.708753796504608, 0.8228122025522131, 0.9202042950249535, 0.7285162341870337, 0.22282079522338893, 0.19010801913454456, 0.7717945361637397, 0.29911995687139836, 0.6673919817986215, 0.1759738646751674, 0.1270406178426492, 0.49077361953846144, 0.8852825856242588
0.7106935917341721, 0.6734887794062854, 0.12090540900136582, 0.016514897649680615, 0.627915329234291, 0.3688442369720456, 0.5937097460827861, 0.05939977955558606, 0.10551029607465356, 0.7888919184708489, 0.24451284177000843, 0.5976924253496569, 0.9988236548592466, 0.6660083463696611, 0.8221220610616929, 0.5444593389590783, 0.86843883546714, 0.5577835860920086, 0.4390989356024777, 0.022461601661261654, 0.08021244736975619, 0.75971999818459, 0.41746864708320597, 0.7629814691010417
0.4929006034707716, 0.10048283194363627, 0.8471059936651338, 0.34797551847449704, 0.9027162686338166, 0.768418430531911, 0.8746935532675238, 0.605994520460896, 0.004917424026045891, 0.4605920202280438, 0.13515811263436084, 0.9479387311032442, 0.33066666854921156, 0.15877128683558384, 0.06375869207655593, 0.8951209054315429, 0.9378355102311832, 0.7047283173148907, 0.598143548565764, 0.0018692839808225337, 0.27683681527237824, 0.03354799730266356, 0.10223504875399558, 0.9210412008105019
0.674413711439001, 0.3578638613068307, 0.6505249058010885, 0.7571858581464281, 0.4066254143785424, 0.2987277949749684, 0.6018978162436268, 0.5771262653445947, 0.6881599236972635, 0.4960981712879935, 0.25308928755366145, 0.046153396560177584, 0.669250178568309, 0.4785272768262955, 0.054135385697732574, 0.0500395526655667, 0.8919102239974183, 0.8777200955250816, 0.06476164890752478, 0.13077330718257618, 0.2629678492117885, 0.01208543524836947, 0.1407418323060715, 0.31744059938247504
0.9496575914496393, 0.2572792738120838, 0.7199462809621817, 0.6775449469207377, 0.2791806882740411, 0.14253488644961942, 0.726244817864903, 0.7381032840882715, 0.46529124992131465, 0.7729169440035162, 0.9561002916950447, 0.7957939390535071, 0.6688866259008738, 0.11387505730324687, 0.39988740229120334, 0.8983757510929308, 0.8845622677290007, 0.32878850584865416, 0.47578746027708596, 0.16063638835946237, 0.5329255990194659, 0.39162457433526043, 0.8345779719903983, 0.9673707816279413
0.35138115876800213, 0.25241332504306435, 0.1606084400684864, 0.8079046327759511, 0.12801262420776782, 0.3086836959063659, 0.16872224019949678, 0.8517792278117209, 0.8258894716759633, 0.31034291327197405, 0.7470780732572229, 0.35574453122444594, 0.08025411008544392, 0.12659374414004088, 0.041788596209255124, 0.5726234936561617, 0.8894429526393349, 0.5560859596997149, 0.8102703522965291, 0.4232314409821367, 0.5454724147634301, 0.18665545847301623, 0.3089113679408315, 0.8458056858121974
0.783037113933865, 0.6683655328492186, 0.04715210919690205, 0.9425265549131951, 0.92442005705903, 0.17088460382780157, 0.4713943775133487, 0.05314471419014466, 0.2010472233473276, 0.6597503038064256, 0.9280202119695298, 0.6850555953622443, 0.24732103631352587, 0.6805604357482865, 0.29577169930833924, 0.11843596619563557, 0.40915442281240677, 0.31226582878263853, 0.47502301171510175, 0.7562767591022185, 0.793651450456925, 0.11846690949262861, 0.6172240648574497, 0.8201492967717042
0.05531538631047472, 0.44314834441593953, 0.16640947180082488, 0.4108760921384339, 0.12981774454616923, 0.9126642632110338, 0.923986237004611, 0.8781906554155243, 0.15853074880242202, 0.13485726448121982, 0.07897320931414264, 0.3600057453389274, 0.7635400442139011, 0.752186705629809, 0.28421790038819683, 0.10823804095594158, 0.5529291255185441, 0.2876011855249685, 0.2006216687862331, 0.4719593283141589, 0.7851364716088866, 0.8706603300822177, 0.921846677035453, 0.8081427616438389
0.4579425096662505, 0.3500889798575746, 0.23272738487824973, 0.849965522309984, 0.8328051023604092, 0.8652480534372321, 0.8912142062845778, 0.9100413171791949, 0.22664514700443594, 0.4857184247585167, 0.043469013517625, 0.9315181498927493, 0.06967067566260132, 0.8456581274868046, 0.04952627015700273, 0.23148042464451968, 0.015855581854158363, 0.10449265115356965, 0.9519279317409571, 0.5587175511588283, 0.22543906604965136, 0.8255624400014996, 0.5354767053649782, 0.8311020040144704
0.06543024670969955, 0.7859026954410634, 0.1002121317530924, 0.976037162969502, 0.7493894677905457, 0.5683585698045854, 0.8968098663911183, 0.8124093670412564, 0.7244062992250707, 0.6076155229138286, 0.27886577969652204, 0.7514931806653445, 0.3207483134576481, 0.6377850929552616, 0.9806274096045811, 0.3282816010800178, 0.9878158695451246, 0.7122436501915774, 0.3124826803720986, 0.5008986035664056, 0.985355007529339, 0.5195794706628544, 0.2706196458215575, 0.23579479825517602
0.6875360694358511, 0.763116876828472, 0.01936452004983258, 0.8926940975423441, 0.9693656101753607, 0.307507511593181, 0.8692740445970901, 0.9223935880857043, 0.021412654376902762, 0.5942337855096994, 0.890915243396366, 0.6887109263369727, 0.3057436710239122, 0.6001341568757806, 0.7630566292857578, 0.8339611445081184, 0.793505010136524, 0.06090362187502596, 0.4754109350420025, 0.8817380776164667, 0.33125522596385515, 0.4405743021434336, 0.17520008272165932, 0.6490822296711485
0.6167012033289372, 0.525434153820428, 0.5556291297268372, 0.7872042027680834, 0.9402669712905151, 0.09858268152037841, 0.9214555355774489, 0.7274985150290976, 0.10664258109605007, 0.7316175306827082, 0.3867044385660582, 0.8659856477092058, 0.9842675039396594, 0.2710136216877691, 0.5437442445356536, 0.9345150159150732, 0.157809447803561, 0.5826523273654542, 0.7910567677163228, 0.33548164361973964, 0.33604196073734327, 0.8125447271433387, 0.5080786835610162, 0.010983082271988076
0.547868156208385, 0.38127990702767145, 0.8349851111302198, 0.9691107683947245, 0.06389492897425753, 0.011382767943621808, 0.3078616054777812, 0.40579601776734364, 0.16660775157434027, 0.5857692990001835, 0.13118053578036948, 0.9687419955065526, 0.24415143511658388, 0.46070967412574837, 0.46507222308162, 0.4805466300083435, 0.2566033347257942, 0.37062943483345134, 0.7455146367838607, 0.449245668043715, 0.9380412787526777, 0.6995251129046798, 0.08284098048641897, 0.25162760708514664
0.562741648166895, 0.6721583383231176, 0.04908972335466644, 0.01846889117406325, 0.25195089168175033, 0.29979522190791597, 0.040226525913219846, 0.9452535335759602, 0.5539393545306597, 0.9654179837796167, 0.39598312336347086, 0.19002258455855436, 0.16837069266621163, 0.5749495066808745, 0.2381251174236595, 0.1842601422608986, 0.34278299135473067, 0.7016354434323194, 0.6534225807620888, 0.26444585378874474, 0.5688606008867285, 0.26305437176828084, 0.8471852836922343, 0.14815897262568867
0.02586734591268336, 0.48388392775949285, 0.317651315832423, 0.07511461360896987, 0.13692578185969606, 0.3942911233080332, 0.4610918438529785, 0.5585594604666161, 0.9879206571593966, 0.4653645115664742, 0.9663177036049472, 0.8241384373977577, 0.8103927813902451, 0.33571150929229376, 0.10943428086685891, 0.5300325675560025, 0.043929347734466884, 0.03765539435680998, 0.09153926839500925, 0.17732472491394546, 0.5333566602034665, 0.7233899884112964, 0.7374841337798775, 0.6581812751825442
0.23268248995536733, 0.5487907423068199, 0.8291311623307854, 0.3646088877738073, 0.358146475793647, 0.5739466979951726, 0.023733865386083353, 0.6974457100180468, 0.11223215410926968, 0.8143300385639753, 0.9326648783036646, 0.11860962171461642, 0.5315204543113572, 0.6725114843715437, 0.033692732898856104, 0.40152045428966554, 0.1743660039307744, 0.6440697256372931, 0.15358223587873088, 0.11603601466369973, 0.5420495584284263, 0.1698917728143723, 0.13496479864109656, 0.11356549041624375
0.5584182908402956, 0.019604226522223933, 0.3062934707178079, 0.9224556654974557, 0.1232920940810972, 0.4211694484146902, 0.9088555865423121, 0.9834629625114727, 0.41903805897222224, 0.39957908514433516, 0.8157332584522016, 0.730413117650267, 0.36883835472507076, 0.27217175340888866, 0.30978811508715876, 0.9029440931892572, 0.7227247553153461, 0.4470789174765919, 0.0782811438657981, 0.08696518729829383, 0.6385488724437323, 0.12261224660209569, 0.9103781642224309, 0.8585375724788111
0.4439941038399604, 0.7937629355471026, 0.10283941617799908, 0.46019978924372074, 0.6468253113338748, 0.990880532347523, 0.9350267630234447, 0.5103371637526068, 0.7029863475153817, 0.12216682189983585, 0.0009742323818392462, 0.7078615937346622, 0.32276799334785045, 0.8991130052795508, 0.5889111304818163, 0.4697187663221748, 0.10500576211404344, 0.09776459737741228, 0.07920962012173871, 0.25071568049253135, 0.1403354832504191, 0.1476760341389327, 0.9587625428032444, 0.5279759891377364
0.07277251594587275, 0.09327345222824157, 0.1235182043062274, 0.6120676561251923, 0.5547014525782753, 0.5133909893087867, 0.8665959457736099, 0.655216839433404, 0.3966522974454302, 0.517967177036049, 0.9310939412275008, 0.28473425578204004, 0.7679062116654436, 0.6225414259365187, 0.2597631944992215, 0.39579504663838994, 0.30533524753627594, 0.6975029294197015, 0.5387774243360567, 0.7315144450852504, 0.1624775471860478, 0.43663236892342006, 0.9033641171528377, 0.39770982654176545
0.03141646884340288, 0.5482950194478435, 0.27575972534897875, 0.7190712290155972, 0.40855078314034154, 0.16378398957726026, 0.3792060489444109, 0.2710144237949984, 0.28199251181159635, 0.910944565132175, 0.9931582480458174, 0.6629090107854432, 0.1918894208949301, 0.05805209065050121, 0.17485682127778857, 0.6770559744343148, 0.5280328726536425, 0.7634545712787668, 0.6070319556196295, 0.09581299993966452, 0.12924742493493468, 0.8550585852671543, 0.27541769121748527, 0.12304207678000134
0.3530972864651031, 0.5090623778597057, 0.06464196743851713, 0.5703232787121705, 0.24007066832127755, 0.632513423097496, 0.9773622680318335, 0.4242104408498907, 0.816236378180931, 0.17589555375853794, 0.9390445070944287, 0.857484410826076, 0.94584972226844, 0.5359621949922686, 0.700949558781715, 0.7447146455954595, 0.5914316410878938, 0.9350653972222747, 0.2409496292191965, 0.3340669927462795, 0.20244406807915416, 0.6785138901297185, 0.15120265035217606, 0.7253332137073983
0.1654476043332498, 0.3318495087041189, 0.1519154945449337, 0.613134223579733, 0.7471978161848977, 0.9476364560352476, 0.29059351065908523, 0.33928733354251517, 0.9090523128308948, 0.7942349040493264, 0.6027127827619568, 0.06978561259034088, 0.7685566449572835, 0.615046615085757, 0.8199564722282362, 0.7219745508102267, 0.9047199083791516, 0.0078414643959831, 0.9450324746736444, 0.8425821915222815, 0.03267069135493117, 0.42929718402919737, 0.22386906346593194, 0.40258705732293165
0.03491466243866892, 0.09243833930362932, 0.30548981748273973, 0.5066966283830371, 0.14496974657623207, 0.6964485797876847, 0.425898916727497, 0.9553113297573073, 0.22488498540393487, 0.060397626566042306, 0.9807787529005603, 0.3505602918373797, 0.1763871537645043, 0.37294541430109107, 0.9990012061568713, 0.3476312157698571, 0.7002892719318298, 0.1377620819189872, 0.2791676761352577, 0.6082029347964122, 0.8111470802442823, 0.6791624254803813, 0.2992813558841554, 0.8071929251382681
0.5116911146798937, 0.043016379896104184, 0.8917182503752619, 0.2240605108549908, 0.5406152957470136, 0.04596895468516404, 0.10833914516087284, 0.2498301247961865, 0.26153634674301796, 0.9620652887008176, 0.8223976593300742, 0.6132267747546902, 0.9120460925998465, 0.2558591401790088, 0.3639054403077211, 0.5874861722504013, 0.43782817126110907, 0.5858655663992338, 0.017239036110501038, 0.532270320877638, 0.8443766872074536, 0.8442172883290034, 0.1600926236042195, 0.9400635471304822
0.9364734992743985, 0.04589850648454619, 0.335823259486727, 0.5953334354028639, 0.6666927056907153, 0.4103643546044341, 0.5746422974919495, 0.9970434976514246, 0.16398963302637282, 0.3195469513820822, 0.907810243137423, 0.2190836580525597, 0.9333462457052505, 0.41227943866225547, 0.4919249604668333, 0.9458093022763787, 0.3387039137282791, 0.07645581189436079, 0.36903454492253085, 0.05771075419448135, 0.9113678831171128, 0.33566425551264567, 0.9557008930557659, 0.8362924341275136
0.07256918568425708, 0.5864099022527125, 0.8623572252934877, 0.32520074887317785, 0.986049904413143, 0.8026946773408835, 0.03740041477396128, 0.7447149280836847, 0.7054394195624215, 0.04222558029508672, 0.3598938816389642, 0.6722578372639855, 0.9200382018120904, 0.25368824824695, 0.7287751613035582, 0.6325780148458994, 0.9089349541408138, 0.10984236650284951, 0.37030175943433086, 0.639210533835677, 0.4798070690351478, 0.6408377383504623, 0.7766520855192541, 0.015560475145274033
0.9127815298563674, 0.15183761232348159, 0.05705079707665184, 0.5838468236218755, 0.055837462208403466, 0.5671108882694723, 0.3161578544139385, 0.9647564275499448, 0.7538516874810632, 0.3157735069688088, 0.9783197135616548, 0.28794755806426, 0.7546413005835036, 0.6720897732727363, 0.2625849095112712, 0.8627425672820308, 0.5337725253601272, 0.25742112615929713, 0.31120317240526707, 0.1289168985035194, 0.20714145405108586, 0.3093276689099582, 0.8064621087616515, 0.3363143025774774
0.5386489476650219, 0.2775749757553272, 0.9416141460864542, 0.5817353620816367, 0.0077277003688794865, 0.4832049201222054, 0.12752249985883513, 0.4674330230924535, 0.8984469710906933, 0.09705055176992583, 0.8219748745066051, 0.5769489243357653, 0.03475186669525632, 0.32426964443435746, 0.40761784875324447, 0.3039361849756951, 0.4270151946463068, 0.8571297422210048, 0.019404276928227104, 0.46211975947460393, 0.892881815338459, 0.49271403563389526, 0.3595989110348644, 0.44506124542491343
0.19440741175064202, 0.1322660977634078, 0.3933405215347121, 0.920781753254825, 0.1339067340462462, 0.009163178368903235, 0.15318637323565332, 0.28164164613229703, 0.5109220398745374, 0.5707049957003842, 0.20285841570682994, 0.7814328154660772, 0.40889690844582205, 0.48889755333766616, 0.7132896825284274, 0.06529921076921763, 0.9454586183497071, 0.41029868325545704, 0.5466952623507276, 0.3921333225280712, 0.4605775728073246, 0.6466455357777254, 0.7185573921094094, 0.21399643232791077
0.11603083687431204, 0.18198038204164713, 0.8956891517505003, 0.8102700421879755, 0.34984909230139793, 0.3930390864800639, 0.7005791901892722, 0.5404684321736982, 0.6554261325493989, 0.4066811549625988, 0.09605866284691966, 0.05953876892766197, 0.8720021158009063, 0.6377247129424806, 0.22065769119287537, 0.6187508468636584, 0.342099959397819, 0.19844446505682767, 0.5828883602643626, 0.9088773492811235, 0.35863447533960424, 0.4023114523370197, 0.19073122503947304, 0.8885894835272004
0.6285563796266527, 0.43204151146904723, 0.8830436350194222, 0.348903417617639, 0.5580586310814568, 0.7952344146403296, 0.5576376178636423, 0.9620848034984173, 0.06185963049044951, 0.5748015709235831, 0.991399954145648, 0.8737331707477237, 0.5730595486335957, 0.38408180422868166, 0.27272486963247033, 0.6939795273992487, 0.5843125822068647, 0.5035352219621454, 0.41689689818962783, 0.7942551636119007, 0.12790931320134258, 0.30197857632894454, 0.8489490682294923, 0.4354709668200639
0.036576182775267974, 0.15830974177584012, 0.21002255940716152, 0.010864391011961572, 0.6973683757379839, 0.3564581945848204, 0.7985031014218619, 0.5280607475699175, 0.27481230115766087, 0.2849479178608958, 0.3379743967324542, 0.6940573542396327, 0.6060555737092022, 0.009009125591474265, 0.2508419115562005, 0.48321577673385385, 0.8393874057893493, 0.17629792977287007, 0.6799310977446757, 0.06903631625633178, 0.09626905472532465, 0.20607938158952133, 0.6554344625529608, 0.1556535688480325
0.17450868196145775, 0.48281833187948064, 0.953540678109268, 0.44267885127038786, 0.9598774144680324, 0.025024615284880536, 0.06847219328573273, 0.3990939955025905, 0.5581292937310557, 0.7345650856523844, 0.22880110994045677, 0.6422184731218769, 0.9299541238780827, 0.49949098225206834, 0.4983279711007258, 0.7199714066521092, 0.6026010235684971, 0.2939916432327071, 0.832652861611211, 0.5425581154643927, 0.49448387780396974, 0.5119089827008784, 0.07833523697268985, 0.28795894710050796
0.863076690930238, 0.4784525717576833, 0.10802638770085549, 0.5614366618399543, 0.9300740257207019, 0.9481220473878595, 0.04336859712729879, 0.5507485109212963, 0.7792294604443988, 0.510472822541701, 0.4139158369495285, 0.7594321836171413, 0.8452742639385734, 0.746785880720595, 0.4471276293207953, 0.5371350862826538, 0.001712612575625161, 0.8848717527431119, 0.11400613597974807, 0.46063745126388134, 0.1790341399149702, 0.7021527124614003, 0.21201063398551878, 0.2065597955268531
0.17679090573354406, 0.6716867345162323, 0.7216611234251328, 0.3093032284326026, 0.37367119967921525, 0.463347774548697, 0.678982503385601, 0.47245484081557665, 0.9703579809274697, 0.9934940401711257, 0.7556020595209049, 0.7335736705544575, 0.37256353082305604, 0.8483174781354117, 0.6603573331785167, 0.35764540290539426, 0.7773895165533792, 0.7025500142878621, 0.6907304415643533, 0.546205540446978, 0.3388027681149217, 0.5246874809183564, 0.4124020087873608, 0.7800721063062265
0.18425116514890016, 0.45336255095493816, 0.42185856133319255, 0.6117456487061508, 0.9876461074222607, 0.46263686030676665, 0.738121591956566, 0.859956766877193, 0.8887957682731118, 0.2409388921616442, 0.5062038136180473, 0.7664021835180297, 0.8960991102416019, 0.8817147988571498, 0.14496410565344087, 0.2976475023108949, 0.39013280285578045, 0.108803541978711, 0.8516149726189778, 0.11954507078957433, 0.6711116521734659, 0.03853274317358013, 0.5100604168027947, 0.6379163620192119
0.774382410493223, 0.49906726019799563, 0.9099090546223041, 0.28250824306055167, 0.06461689691929162, 0.7688843434010574, 0.11874517726015732, 0.15159882683683623, 0.7817007353622809, 0.9594199803370755, 0.8300796577471348, 0.07657296145973491, 0.3287649764949626, 0.3155101890617723, 0.4836800005000128, 0.9485747285533707, 0.23523023038998392, 0.8801896770879123, 0.09114169303344222, 0.6019834442269516, 0.15276044914335862, 0.9977227407607953, 0.9546491323033418, 0.16328633688937622
0.6829617175388205, 0.1500133215497247, 0.7649417143611624, 0.9708856729360168, 0.5993338862715669, 0.9114331372519687, 0.06618793888289565, 0.9346278303561635, 0.5070607709453927, 0.33273675993452345, 0.8801182175182547, 0.5070863657724963, 0.5469221705931375, 0.5853107217130695, 0.31072847150699656, 0.1705768869682016, 0.12119903104147811, 0.4897588796930493, 0.4130459601590284, 0.41394553256369915, 0.67578648350097, 0.872473091785829, 0.8337410216962381, 0.2969473028692574
0.5472133229059584, 0.6561290427233837, 0.8080630017493592, 0.1620544026300087, 0.9699681983173981, 0.6963831654368563, 0.324478644539856, 0.4289366751614946, 0.10726245934333034, 0.7149913991708164, 0.5795519276352795, 0.02241255369938555, 0.14536458352896342, 0.8692055895998662, 0.6653683503240579, 0.574500211280289, 0.09934043663263414, 0.6068445216273333, 0.5715763170184942, 0.5444528716390445, 0.5936004840480941, 0.7570601841837935, 0.08547709685566474, 0.058029903256146875
0.9092867555309576, 0.08120753320223895, 0.8188424068091926, 0.5561608844937643, 0.40991999015181313, 0.012994624830234058, 0.7580206172575635, 0.24484026547859727, 0.9072141765073197, 0.46588694206844894, 0.5235303345732678, 0.18079296767492714, 0.1958867878206605, 0.9985972293464963, 0.24384050396623413, 0.05897350373478549, 0.4083520887569074, 0.37942160176910766, 0.11033968474227784, 0.12616227157056947, 0.6718535247924119, 0.8221048823324001, 0.7312630203234549, 0.6008231603194147
0.1708877580895939, 0.5263079285877728, 0.42067715007823625, 0.17017929948347732, 0.8644597242759925, 0.8913796334845117, 0.21361600952054505, 0.40765279485519634, 0.7327200528818213, 0.287276233726406, 0.04196468144563548, 0.5598953504164057, 0.6455004157339328, 0.9983940156064292, 0.8674415675375224, 0.06248401761930056, 0.16955536806235583, 0.9874936475466964, 0.6051519969781435, 0.4490177366464927, 0.6328076570263366, 0.963756112201889, 0.3102552782866621, 0.3070047705914408
0.27544533475222643, 0.6808954189920949, 0.9682790660077236, 0.43906622037103027, 0.10750386477693297, 0.9323188147596739, 0.8967491059466338, 0.28486338405891654, 0.05171120016550057, 0.029101684587976462, 0.6103672854789346, 0.21705952277705587, 0.05719070375599866, 0.7360419451256042, 0.011874204830698454, 0.35346075522734577, 0.26930088516062267, 0.05765407682050072, 0.3615796800133815, 0.22823040975093767, 0.5985663890392422, 0.7968943628309182, 0.05121502655947119, 0.3975853570127641
0.876611993637963, 0.7425782023669616, 0.8139311079618475, 0.15973531798372642, 0.12808918445609851, 0.17139277667122332, 0.3267163792159319, 0.7276091689611577, 0.46564077006162596, 0.24342918493136234, 0.7624530437268078, 0.7981416950951159, 0.9415807589782854, 0.7369915538759526, 0.6651473563657799, 0.5838029835466306, 0.01720678852811164, 0.8863616785165496, 0.6469935914285239, 0.3838594484334803, 0.8950940286773551, 0.41168615604633296, 0.9999918319020944, 0.6974193909085795
0.34590755568231324, 0.9117764868679313, 0.4877927641445452, 0.927124765881408, 0.16857264823110318, 0.5303386336850872, 0.272950060110417, 0.3806153371802772, 0.45661518363072295, 0.948906331659869, 0.8880920084567118, 0.04512507860083781, 0.7514210462320116, 0.7638160090733621, 0.7357685871877359, 0.6498975805965768, 0.2988813442943524, 0.9753765310916362, 0.6723025485359704, 0.663905415922033, 0.5871923244680588, 0.5140606359598519, 0.2162599987221372, 0.11383200970327201
0.628374238323599, 0.8042955246323925, 0.3181710147496555, 0.32332833268187444, 0.2708943683889916, 0.34638351765681563, 0.17592353524940507, 0.8519206599273308, 0.5415297259044968, 0.3979483637129595, 0.8276146609822607, 0.7000246832853356, 0.41046388276570445, 0.1513977081000294, 0.024827142451948836, 0.7209967542603548, 0.4042535013912887, 0.6570298784457622, 0.35392639368063494, 0.6965958198999327, 0.14475133294859044, 0.5599388730875555, 0.559329051822583, 0.12449052945784445
0.12968720672635115, 0.2457090269661153, 0.9337625476938958, 0.587458891684464, 0.42534244821142, 0.2855640640127408, 0.691138511383567, 0.8526888749776916, 0.6541488077996063, 0.5320885562347024, 0.7247579139067553, 0.3849139877300506, 0.8300032994031008, 0.77848614199377, 0.5353764279768499, 0.793373283159149, 0.22614372191596288, 0.86580578341947, 0.27214013386863223, 0.6042067690205746, 0.2571715363006696, 0.8510394022082083, 0.8668141261822631, 0.38868129600534795
0.7126210172885772, 0.8195465719617018, 0.4894272505950471, 0.5986666485696381, 0.6677443043879445, 0.8742705570044951, 0.5996761023069894, 0.7407237395964786, 0.8481078096562423, 0.823992173198167, 0.19766879326584919, 0.06961719013432788, 0.43048780992189806, 0.8277927439836522, 0.5467113933260813, 0.42640070024954146, 0.473225569167842, 0.5476291722731814, 0.10367957816115925, 0.883066881321505, 0.2651196704353195, 0.7441972014305793, 0.40396890390723617, 0.6905924888518091
0.9060962054177343, 0.7765577034293255, 0.5318808362043802, 0.539425578111839, 0.15239361167061816, 0.8557131906713706, 0.13574797199872546, 0.7338138559041527, 0.17755744390506367, 0.8909763740342516, 0.5776037528780223, 0.1343124186420377, 0.21823984691223974, 0.11954104121170572, 0.4372061653013949, 0.04292789127294416, 0.41389339474895737, 0.10913832437323046, 0.9728761172508259, 0.09907950026727996, 0.7582799064742669, 0.0428334369650607, 0.9183174687011142, 0.9337683793167687
0.1826231548045797, 0.25248490213165686, 0.012087109688150521, 0.7484793702067758, 0.30078693429019787, 0.94534625882306, 0.979367885741589, 0.9675052088661829, 0.9405694296490595, 0.6743262606995567, 0.41345324582454557, 0.4611219518506281, 0.7018878026299097, 0.12286657449345562, 0.7669717725777238, 0.8737525664371547, 0.8292945135232986, 0.8346725589338264, 0.8850126481525974, 0.18241274547003683, 0.30628948546475376, 0.5230437465668573, 0.42984710054592945, 0.12049828439159527
0.7339602912027434, 0.41203186385455326, 0.2856581635168739, 0.7192689731610492, 0.5767382269356705, 0.5808046131302078, 0.3554809906226134, 0.9169897108490921, 0.3755245219281368, 0.5344873736550861, 0.9597946103203463, 0.92152578617901, 0.7170751555987983, 0.3475698005119232, 0.14114799696761582, 0.18955140169115736, 0.7503991850658756, 0.7033128553986723, 0.8391074716690894, 0.6953172370255363, 0.4404073533844465, 0.4888391279608235, 0.17876813778255385, 0.006074029953478943
0.6096855474588179, 0.12108065751065966, 0.5870993060216484, 0.8529866060582297, 0.6509134202927607, 0.4864257493885259, 0.6610589410951921, 0.773000872979292, 0.0794751870957715, 0.5622725604044482, 0.3357029481957303, 0.5587661769584854, 0.1934983341561226, 0.9938521855989774, 0.5292836939065052, 0.4289025498212905, 0.27781964168028317, 0.12122675018947415, 0.04935608358271315, 0.026790536027094358, 0.030578056428215872, 0.4390008717026912, 0.5823403035433795, 0.9253814965735409
0.7093814171706123, 0.45141093567986046, 0.353373317360677, 0.9477571435464935, 0.6323104544255201, 0.017588519187342944, 0.51229994063438, 0.39243593906006435, 0.5267313712879944, 0.9777921304074347, 0.06930439381830333, 0.30683363236879413, 0.9489276978934407, 0.876152764550711, 0.28502320872092746, 0.5178297525030542, 0.5038100925778629, 0.3258053595661896, 0.6426703555655058, 0.847479860488498, 0.888597571822693, 0.8832839117232351, 0.7511976657723146, 0.1764526979722041
0.25983288851848974, 0.1701599288699175, 0.6207266254258025, 0.8637675359945786, 0.1024740848845217, 0.5635206403808218, 0.3177576057675683, 0.4049615087178414, 0.3005010769658829, 0.28870843649053324, 0.7653571747657644, 0.18477606860429807, 0.2265550104633237, 0.9198522386128876, 0.5191411790273632, 0.06811914725283097, 0.8222656754283731, 0.5506203521124747, 0.9406558071921516, 0.6182977510616431, 0.32969636729243856, 0.3133331086026193, 0.3387892215159496, 0.5775074474576745
0.7282735019217282, 0.07172033314110571, 0.9864582840837984, 0.5306253677796975, 0.4106698455710682, 0.5110977785041974, 0.2433308569996121, 0.6864106535999006, 0.5037917384917383, 0.07406543081284522, 0.6216556036960542, 0.7227204975386028, 0.0342705543439098, 0.6382175309857033, 0.04726577326705339, 0.6867990515445331, 0.1569311862664905, 0.07939733233423074, 0.523852145632544, 0.43195247883103116, 0.03936850644721801, 0.6622337309509738, 0.45714619550372915, 0.903185829757942
0.4884835599089682, 0.7667276201084501, 0.5291137692148012, 0.11850515020227503, 0.07622195581874369, 0.8520741713004687, 0.49224653337543633, 0.5811749403481817, 0.40542554511978857, 0.9641775621947273, 0.6999021328222875, 0.17460589666187065, 0.7834730164547065, 0.5275818007892995, 0.6604383690719037, 0.008796930293233252, 0.059627265705043286, 0.2972725441752375, 0.24604431952475492, 0.7410868918403064, 0.8426746306692644, 0.7509801826389921, 0.5606478594980525, 0.41898296350100284
0.02772896547003023, 0.4697226711155815, 0.9807392650381267, 0.40742337675827445, 0.8523312022921431, 0.3324075088027535, 0.9909341527847485, 0.17073784620604637, 0.027236970566086982, 0.5170379792025902, 0.2770340987002461, 0.8210026858174087, 0.471356163851665, 0.3554477168845077, 0.9033050400390591, 0.40671221222317167, 0.5207668281661619, 0.8407987136920898, 0.6672597814346068, 0.373862509306622, 0.4014417080666475, 0.2808731347669371, 0.7809440119708554, 0.24669517354300996
0.25376167082356016, 0.028284277730398877, 0.4932461172471484, 0.17645900010741922, 0.24005614792026864, 0.0606294920762227, 0.987230345427846, 0.21980151546709603, 0.1986934354757226, 0.01596917785595431, 0.24296380589145217, 0.3772749960623992, 0.7863493174526405, 0.7025308071144781, 0.4849052732668403, 0.18152971577007182, 0.6509930272980032, 0.8837227681307567, 0.45470207591251743, 0.27473972749106246, 0.9633117643531363, 0.9708729025637143, 0.31968845571904225, 0.46433029037019946
0.40087245837453345, 0.33695126172872636, 0.895690891938369, 0.3153993144818342, 0.40158650201900215, 0.07745273738612657, 0.6204379004992515, 0.3063439283632975, 0.3292838169963247, 0.8670465125269287, 0.028540568444745396, 0.693787447243331, 0.12244956257340478, 0.8870639019147302, 0.4165946227725684, 0.8716375924483499, 0.7412577436118435, 0.960818239855038, 0.7977202008380226, 0.43144339932995834, 0.4043945763192913, 0.5915576655995423, 0.9592985843145669, 0.5672434393302811
0.7522387442604583, 0.8036396596209875, 0.7559150786610516, 0.5543642728310911, 0.3055980084485831, 0.7538708071126734, 0.9442481657624194, 0.10563361771806457, 0.9166066950377485, 0.08704402112286147, 0.33491032314044966, 0.06099204891542731, 0.3722156508283083, 0.7609609985083381, 0.7474076822163144, 0.8384480658507933, 0.21647550440173147, 0.13993333585289403, 0.4450606474557095, 0.48938988838632347, 0.4891853718852428, 0.2422455738163115, 0.6870723978687384, 0.52175604022098
0.30634960904633524, 0.16551560692792244, 0.24211451840667975, 0.5894380158563893, 0.9239475237204997, 0.13187553527927265, 0.9691875093647044, 0.3314690366495646, 0.5715940651688164, 0.4010236646059264, 0.4614658101724106, 0.4984023888591056, 0.21189719121360284, 0.42146165571940764, 0.6780615358971038, 0.5206126060770342, 0.7494111473043376, 0.2830656132537862, 0.19331064159090317, 0.3325980469553049, 0.44414759882292465, 0.5889141033809681, 0.3176146227723913, 0.46331040147854186
0.8617499325241617, 0.847465648711225, 0.2838945547573787, 0.5735615776041774, 0.7449403159633453, 0.49158835472072515, 0.37910254494779827, 0.7450638254587301, 0.4662470191181922, 0.8711754495692671, 0.5680776100322492, 0.773252450002249, 0.764816898201918, 0.20059158831768475, 0.6979679353773901, 0.6438586084581525, 0.04504691978706321, 0.8604415265743312, 0.04543270178274128, 0.23881711669328587, 0.17771265364066102, 0.5211314532431175, 0.10610587466532584, 0.4688651530852065
0.9660820532985792, 0.06212074201066242, 0.15941737402747258, 0.16450126621783534, 0.9643074701500499, 0.14099131581031632, 0.3791245401176766, 0.9325132548057731, 0.9300518925400598, 0.44452208848967867, 0.05335523357461547, 0.5387716707314546, 0.38584996722187714, 0.7560836513511663, 0.17278755195149897, 0.6483303034924058, 0.8664747309656838, 0.20539143727099696, 0.3169735133229362, 0.908126069954864, 0.5682858520653938, 0.24498171400095692, 0.6864061871326899, 0.1824980945522684
0.8177005111385429, 0.48312281786681155, 0.442752858124436, 0.20322822491292358, 0.41828386211253865, 0.4296340247483438, 0.3244037931012136, 0.19004946370717268, 0.7292526286547995, 0.39145534626997325, 0.3894255615517761, 0.35440028484138963, 0.575011053782794, 0.783478794381948, 0.16056250941193795, 0.18290595936709486, 0.08017548911516825, 0.5668887968841686, 0.8371341037790315, 0.2798961554710243, 0.3136028857764358, 0.2628637115277188, 0.42137589043704127, 0.8155965023533406
0.5136638000414178, 0.06270672936359489, 0.015134660785954823, 0.8261063281617345, 0.1358341123987057, 0.011542653104111178, 0.2251054542171499, 0.6544472792787261, 0.45009314128284306, 0.6714958047961287, 0.1637429732892628, 0.8561308796674342, 0.358296364827386, 0.37315576496933556, 0.29941071276643483, 0.15238110724202536, 0.39613033144470466, 0.6558068943748506, 0.8270595134768642, 0.1429286067717065, 0.4423665992323351, 0.5778212643221164, 0.8055673154763534, 0.1484379036136979
0.1320951384390141, 0.37608047214283546, 0.3702597504307865, 0.80559912949972, 0.924925099226425, 0.7268896643261172, 0.9599451687463577, 0.9509838626632571, 0.436197463867968, 0.7243419365193425, 0.8875417397418653, 0.8985667119094098, 0.2505094820875311, 0.3086376277620253, 0.1394458586488696, 0.7855062601782865, 0.5892803794145889, 0.48204576070084815, 0.8990328863121342, 0.15408711400170494, 0.7791099494779102, 0.4750215414254386, 0.6781112614725451, 0.3567667921426919
0.4270228163037325, 0.6793032521310807, 0.14618292139650613, 0.7066737059587781, 0.9751506669302699, 0.9773273669616043, 0.4643115004332987, 0.019805369728384647, 0.5527935898928501, 0.3494309585787224, 0.21445057523114197, 0.7799951284977703, 0.6062088785280532, 0.7971572988458812, 0.3102052830279558, 0.29701505197293265, 0.010354811764530791, 0.37353194093534614, 0.253065561175163, 0.6524025553236749, 0.4870460673835393, 0.030695252446723997, 0.4243948529738635, 0.9379914626401608
0.6438348984759569, 0.3419574185974832, 0.6488903380336661, 0.5821678837379937, 0.4794467563283281, 0.11046190214701523, 0.9425626239082144, 0.7526694280012555, 0.8535551745707572, 0.016578741571344202, 0.28722771183438167, 0.8093379916295019, 0.8256177723664596, 0.9405750877857915, 0.11186167738818087, 0.8430838586972296, 0.7657176849277404, 0.7095572747359583, 0.8379186493196252, 0.48166428615591794, 0.6022368752486599, 0.21437183421095674, 0.42190986974675015, 0.9410751841135039
0.6029441851103972, 0.13967495415925657, 0.07279934135304889, 0.6317227716667602, 0.11023064974027741, 0.5145100911665405, 0.6509758675155298, 0.8553684497100742, 0.6813219341802134, 0.03760092782734159, 0.036501054508937814, 0.7641290335637145, 0.29984269150368315, 0.3001219554671616, 0.6564182118910157, 0.6843473724093803, 0.9403369640916983, 0.4991918576851351, 0.6510528948717675, 0.9893393027524154, 0.012699637938835773, 0.21946996510384065, 0.06771721816049803, 0.698417720071498
0.3157621359160603, 0.8200565103459527, 0.3894831935278723, 0.3522524709236673, 0.7299004271183904, 0.23529582189380083, 0.9020952804132663, 0.6342681739557964, 0.027463600983338443, 0.1419420878346097, 0.16425171821938733, 0.20334114153473626, 0.49872103018198854, 0.12678455247370368, 0.8754902975293596, 0.005769391924015821, 0.08719512962099218, 0.5019066582578113, 0.7914917668581534, 0.3219509707697953, 0.9268233237078144, 0.23991510285004936, 0.21810248106934915, 0.05144770033010848
0.7856067394791791, 0.8978043774804281, 0.2684575747497302, 0.0444821349655119, 0.056104844571303936, 0.5484833107202212, 0.6323210834273046, 0.5351012958843122, 0.9189510893306843, 0.7074115637096794, 0.6487569663188183, 0.8035342326720751, 0.5693680151067936, 0.07872168248077016, 0.3627315001646926, 0.5020331718498795, 0.35987719126438233, 0.214135543044498, 0.4092730956269194, 0.5227789742350625, 0.8684021869979858, 0.17784541641686769, 0.7871597929437112, 0.5430307224280337
0.5593165265189889, 0.5162605374833942, 0.017435951257144255, 0.9313591095747131, 0.6075911519516654, 0.3937716321526723, 0.28429523318297256, 0.08752270232965953, 0.7532001180646943, 0.08233953729945231, 0.23289869526259577, 0.375619414018301, 0.8509195049095285, 0.6268231272656148, 0.3017699005728057, 0.8647058146308846, 0.3398570442747254, 0.8975496296368888, 0.4526226624176448, 0.6961124639042984, 0.8335342891206835, 0.9447293630408549, 0.7956400900465277, 0.15880270245666683
0.6851402936416673, 0.04897865362882259, 0.28567724482548673, 0.6846622632338206, 0.4087136624346608, 0.38073627689469136, 0.12557873282775112, 0.03255248203830585, 0.10964480084415773, 0.7503960982442084, 0.06721269071425773, 0.9531027812973287, 0.4437523979219341, 0.43267527309769327, 0.41503839503015305, 0.9254858721520158, 0.05349302405928591, 0.8332207579382872, 0.003930429613318576, 0.5045735071211026, 0.8826056247535032, 0.5391119733396333, 0.8324536099665814, 0.030324332159213152
0.5334610632315396, 0.8841350243670543, 0.9852846325969753, 0.9283045426476674, 0.3506121376864848, 0.8088477705067432, 0.17402328057625205, 0.4255481350401975, 0.033115743694170696, 0.7796701102643783, 0.2244697252498553, 0.5399317987347914, 0.4081960821343147, 0.5276945217087026, 0.37512161322932425, 0.2734346639040105, 0.6070900561216807, 0.6442950475772576, 0.3605515196031026, 0.9918223668068031, 0.2845630954397409, 0.17571505605563287, 0.7943091699353382, 0.6789415129361471
0.18825768928577724, 0.44625078692527975, 0.6877094652193232, 0.46973042934471165, 0.31036536402382264, 0.6441076265204071, 0.6068743200987858, 0.8887271176192197, 0.6769005776436584, 0.9814080228938706, 0.4548501907104512, 0.06551906396142382, 0.16646747969348652, 0.9433796680688649, 0.1960118221770023, 0.9162952908755821, 0.5202550565918914, 0.845068396953348, 0.7718680790286201, 0.4050947326266189, 0.293988709906127, 0.9581774766221975, 0.5261713933191596, 0.194167152901788
0.5145107324341096, 0.921968012113766, 0.03716085890037302, 0.13260954965014526, 0.04051387136978113, 0.3526235896887221, 0.5817749582134728, 0.36167255903480955, 0.287791901841008, 0.7126827634449495, 0.9254404822253246, 0.9873434110137865, 0.17788134308267978, 0.1284746491988763, 0.17950019327621658, 0.9533848069655703, 0.0507737145965117, 0.5594208408923029, 0.4419377701538284, 0.9611948474786249, 0.03894832064881726, 0.7985399108323118, 0.8161614187210824, 0.0658358771919445
0.43233881214977554, 0.3561888839797748, 0.4179682676287312, 0.49211524829098097, 0.33415850562593696, 0.26764088279229814, 0.5930965886601866, 0.8539270905464751, 0.8802807216776392, 0.633896140529668, 0.4443103873961599, 0.1648617415895367, 0.8481046854388457, 0.6213823106786044, 0.8811329938573487, 0.013230522591000882, 0.11108735111249712, 0.8981621748633574, 0.5606907528177719, 0.16833650837517045, 0.6396915944934543, 0.8834895097585558, 0.19095484250392647, 0.7801279420679524
0.06505135113326865, 0.4360732850817415, 0.6927159155588666, 0.5420735122313711, 0.03620418642119849, 0.41029309479421805, 0.7034408725261357, 0.10791782008730233, 0.5546492397914782, 0.0847963422889183, 0.11310160823771886, 0.8230224991891123, 0.8688359240167727, 0.19830681142720008, 0.5693542685412052, 0.7003235924136555, 0.9060523889130812, 0.17615317757600524, 0.9770219676482236, 0.44275798887093176, 0.1529193065499974, 0.4577281228091329, 0.9359753823592892, 0.5507060220092486
0.4342517997786808, 0.054406762612550175, 0.18705135201719691, 0.28564220728521295, 0.3329338024255345, 0.010820113115655228, 0.7416365388449523, 0.15673424858134322, 0.8253083412865363, 0.12457726368050326, 0.40050601735679114, 0.23433209704468883, 0.1715645267023772, 0.9230810692324526, 0.35354564032616, 0.34797848888491856, 0.4595438834719269, 0.7512417574819825, 0.025178821846801203, 0.5371131413298242, 0.4596632575213956, 0.9845360399641085, 0.9965937066173258, 0.07173020602033209
0.7332750670260302, 0.10777919203008979, 0.13943480293299748, 0.7829092966201241, 0.6252449468424751, 0.4014732838628109, 0.2707532466757798, 0.7166048541290743, 0.4791750412581792, 0.49328669549246906, 0.7008912745643647, 0.20097481490017088, 0.6313761093294352, 0.9342970410643908, 0.471229143890193, 0.6855433734920622, 0.20146618626946233, 0.29819537988398104, 0.6505064942672723, 0.8511329514177416, 0.27972290184358184, 0.19119584252937183, 0.005428147009159723, 0.0022110600123010915
0.5599927053281254, 0.6952548960597787, 0.8508553656737831, 0.8966367801964996, 0.38720464027947266, 0.6130607725545392, 0.40965797485532096, 0.3373166980119816, 0.5740294367839958, 0.7246266668307797, 0.7211894671619307, 0.5207667862676548, 0.7189052665363215, 0.24920721322897055, 0.22593655004160185, 0.879611624521854, 0.10525763502102126, 0.3953680426853269, 0.023836581065589835, 0.8176520669008801, 0.670356775394061, 0.3473596364237167, 0.11884455394742122, 0.5872551086897175
0.6254255803876086, 0.9485022691081583, 0.022543347626521104, 0.29616994071472436, 0.19057109209130096, 0.37282757975003733, 0.6986202543798976, 0.8939999866596007, 0.23337385541774758, 0.296650896154921, 0.23874153237017992, 0.14590199246211855, 0.009539048861852861, 0.6867960670598914, 0.5121758909289014, 0.2812846308450585, 0.13709583801469116, 0.6821772567017587, 0.8653115009248128, 0.20121863474730006, 0.5663372592919877, 0.5859109072944649, 0.063044744348279, 0.8870568623866655
0.05904222985129748, 0.5847457433898652, 0.9489520743782243, 0.4891005570404833, 0.9212540788821346, 0.08289707542634361, 0.40740389600506144, 0.3091507673432581, 0.34982525627851857, 0.9875042947889918, 0.31448869085922937, 0.5735519340865242, 0.49173583972087265, 0.9500950774603196, 0.6348050598926974, 0.684233122829379, 0.28198938794715445, 0.6874059053312269, 0.5434158752415297, 0.3806324239647436, 0.1405487684033072, 0.1373158632659054, 0.7385018001124495, 0.21841248041396055
0.23489735964496183, 0.5090348760813739, 0.8267625863428649, 0.40659569222432435, 0.5577558799754082, 0.7868723920376951, 0.4125878004180308, 0.9308041737880187, 0.8180576239692615, 0.8176791352472039, 0.02458891496675575, 0.31336469111861875, 0.5946783668735065, 0.15114852313413285, 0.3729234776241359, 0.8855588829122364, 0.39673077779942456, 0.426441099655955, 0.2225261143465579, 0.9081869085962113, 0.1831958293420779, 0.22759665059812417, 0.5499441474774486, 0.3088256930899441
0.709141180127491, 0.372188466342111, 0.42811844483543837, 0.4254892754361621, 0.41490888437638473, 0.4092043655283405, 0.6827283839327533, 0.3068766953487262, 0.9531614333969497, 0.11387646989402977, 0.5535852534285229, 0.29076607897430473, 0.34562018010779294, 0.6490676894064729, 0.007317622978914695, 0.4013638393197688, 0.11706724522850509, 0.31558294403137055, 0.2576650935316801, 0.04924708906029096, 0.038129014564546204, 0.6229593931930242, 0.8369138464905436, 0.7786939041158856
0.19053895372727048, 0.9541082824524201, 0.8929510629136013, 0.45138008528771134, 0.8794565976184133, 0.0848365911890101, 0.8256598560242974, 0.9287153312270231, 0.41177830098143997, 0.8724976588604527, 0.2075008152771547, 0.8599745865816839, 0.05636587197250531, 0.7117094989128677, 0.667793997897603, 0.40224931951683873, 0.44908721918172, 0.2691048617727636, 0.7083551746798983, 0.6295633251263457, 0.6258648921905493, 0.06459678481620179, 0.854837927010198, 0.07486657087893644
0.9737688012954117, 0.007839985542742345, 0.8056475821304095, 0.5297506113314032, 0.6311265174792344, 0.5143787629497444, 0.8365921749125308, 0.7327719405230589, 0.8929873092372124, 0.10015115088122384, 0.5211141752575357, 0.10570216550472744, 0.7681719381838596, 0.41746092426313774, 0.26208502375619036, 0.5471766602772712, 0.1563853075510252, 0.7263230160188705, 0.18927448883309095, 0.8207415481654416, 0.8753833528603981, 0.6711626737743934, 0.6004900819693099, 0.303421698388195
0.43101544302562556, 0.5860577766404612, 0.05842421095054984, 0.30494587322016997, 0.05049751190620011, 0.3620310501809406, 0.91001142333918, 0.6937635301402433, 0.8228011779779938, 0.6199436429661597, 0.07281970943979021, 0.6902512920987961, 0.20267394168199704, 0.9650023269351833, 0.781265511301967, 0.07708330140633524, 0.7017226198298135, 0.5083149905587172, 0.3222044289466345, 0.0661689167848003, 0.7267167629517532, 0.5336039449509133, 0.9632020986914587, 0.6819966758683091
0.02176940236853031, 0.8774718850778566, 0.7350515700833796, 0.673491545172206, 0.7627928162434413, 0.8750876849036184, 0.1539459338012813, 0.43879378287787907, 0.7028710536709903, 0.21824762791076047, 0.5601451723005894, 0.2863402982661055, 0.011265635702206511, 0.2963456734578618, 0.03002747856772836, 0.01802016755813618, 0.4302459897136688, 0.7532001547135078, 0.014277327862718958, 0.5784234406258583, 0.6874294736539812, 0.7335259518707038, 0.6706680476963933, 0.8061507813390247
0.744528366655748, 0.1863056411166586, 0.022442526778106875, 0.6059501563208438, 0.9602431277700197, 0.5334704067523515, 0.6594787235290458, 0.7657640229697156, 0.6610147863962739, 0.3313403718764919, 0.4907966735112623, 0.8844232994648096, 0.34526549056578704, 0.9002507760261413, 0.8129849714384028, 0.426983057937001, 0.15947743876245812, 0.7899957232815904, 0.7902304565371766, 0.5027090430718302, 0.015134781742245473, 0.8063103828086556, 0.6932031681346493, 0.8023672627061629
0.7896971344966544, 0.3195435765762191, 0.7749524745988001, 0.011588530327250046, 0.28925487396675653, 0.26916634584886023, 0.5685050473271245, 0.02321859995067388, 0.15060114765289512, 0.27657477916463336, 0.622758407419182, 0.8138727393801457, 0.9766928904350851, 0.0473059901461661, 0.46509558279008434, 0.8711666138768033, 0.0023815894563145035, 0.023820901749653345, 0.2554316078687223, 0.2136394703173593, 0.85591859321794, 0.8227802980814686, 0.2735559103065196, 0.07773312228621443
1.97762144793e-07,0.0875073049736,108.026635583
3.45234827151e-07,0.093582650386,79.0214269118
8.21116145793e-07,0.195037320154,171.787822739
8.56184798199e-06,0.308938417121,174.210566537
2.96407655463e-05,0.708092036365,129.473066032
0.000154273154878,1.20729131305,297.045155187
3.06809381143e-05,2.80016398559,286.022857728
0.00036821880069,5.95955080575,553.32140919
0.00127923508863,12.716816717,926.563232898
0.00787994753575,26.8325697122,814.025809973
0.00357192381063,51.9659537552,952.554048936
0.0552573239592,89.9863574513,1227.59868787
0.0610508690006,193.274602895,1396.79240304
2.33727395573,398.056788535,1559.43537397
5.06933275945,687.430709469,1522.27228049
