$x1,$x2,$x3,$x4,$x5,$x6,$x7,$x8,$x9,$x10,$x11,$x12,>>f1,>>f2,>>f3
0.6895545210611258, 0.3186660001348577, 0.387576598798015, 0.5560518632278346, 0.3963364972652047, 0.49816811641318604, 0.749403178921241, 0.8626773719632815, 0.22886454702124848, 0.32096109000544515, 0.46494531888632307, 0.46303164475202063
0.20242218036057824, 0.055868210001176255, 0.6795734534653506, 0.4561683085548043, 0.5557970632539447, 0.25887958527737076, 0.4874932526032386, 0.13896895354315486, 0.5651203223816983, 0.6679121518410183, 0.0016418039965898634, 0.2691605591244832
0.3527075412276762, 0.8753496294380664, 0.09009866170691261, 0.848268082553863, 0.20576890842654894, 0.02251707500895972, 0.7439419861328688, 0.9917154750342919, 0.6670135625307165, 0.5072501529686325, 0.4446989829696596, 0.1181729718007799
0.7248397103292884, 0.6768870574314441, 0.43830685514816436, 0.8272763722511143, 0.9262686137748057, 0.1565960383018844, 0.5003405687376948, 0.21425331512218992, 0.07975653726898857, 0.6353039216161983, 0.7121324822477682, 0.7050420634250066
0.5577301029772694, 0.9574797796248352, 0.5042190142616907, 0.626045123680702, 0.3376263734203191, 0.222137124117175, 0.9113623608836303, 0.5500441964627198, 0.9202904968806969, 0.4346815048649225, 0.49735883406665327, 0.8142022740286404
0.8889702357390319, 0.20234011084297765, 0.34540377712301384, 0.7925986336801096, 0.5850864159600218, 0.4028549472807107, 0.33604805008020744, 0.22864400278279018, 0.7724878097025688, 0.18132428225477037, 0.46096387976248143, 0.47633123773137953
0.8377743107974248, 0.3558857582674363, 0.27219349881848454, 0.44028563721027525, 0.005662987730384872, 0.6416611290334302, 0.20406902728529097, 0.9786138480921298, 0.44146179603938984, 0.01917886793668444, 0.6197070295049113, 0.8463025130042471
0.10562060659234773, 0.32310567845076577, 0.341898769776248, 0.10877311305823922, 0.23408100807176435, 0.05496315696965304, 0.7693284249322032, 0.6107209442999905, 0.7597121057647851, 0.026437971628662238, 0.3353721736902707, 0.8462505023489741
0.169879196264606, 0.4942346217172905, 0.43468806926776493, 0.508234080174889, 0.4039050174157929, 0.15599197802706366, 0.4181866796999969, 0.7218679516338224, 0.027370649012369852, 0.16966005235638726, 0.13163880747808865, 0.9916699199914191
0.129168266914229, 0.2692494318593406, 0.8302175383985833, 0.9892993330999627, 0.6076963004126303, 0.38816584816726984, 0.8644127416452164, 0.1264752074174026, 0.24283096507635515, 0.7728421945215572, 0.7205441613744074, 0.016918773018675615
0.43106879772028517, 0.734620709436295, 0.07154776581197186, 0.5696794929414702, 0.16174193344290877, 0.7011781175072093, 0.9425274162998137, 0.6610465809641551, 0.2558034825966108, 0.8522516905638033, 0.09718886014775241, 0.3440079600191682
0.7239509582960504, 0.46852760925211134, 0.7387593449381079, 0.6586184766315278, 0.3216585716077197, 0.5429725456149798, 0.11088292483911422, 0.01297960833452938, 0.18517837961355244, 0.12119396754067258, 0.07571248322283197, 0.25673466043537074
0.9558667330212022, 0.5516684206597365, 0.14788710759933066, 0.7874997488503439, 0.8706838997939025, 0.9880606374323394, 0.597813783197778, 0.8957441922166748, 0.6081760470590762, 0.4878751915051516, 0.5464336472147471, 0.38085619051599584
0.08089011815506819, 0.9184408554161433, 0.3705466812149655, 0.8669910829922504, 0.47655166184656317, 0.5889443697906167, 0.11556518655187276, 0.38502074581932655, 0.5142674970868094, 0.9486602669304789, 0.8112630292028264, 0.5970639476763551
0.1354333080600847, 0.48440044700099216, 0.8062775568808903, 0.8166158382305986, 0.2200997871025685, 0.3829358428906865, 0.034050663913114065, 0.0542267498186535, 0.9362050877611203, 0.13880547353588368, 0.9536872469495719, 0.0008509029692441716
0.03685624249493602, 0.9688239765080169, 0.6112184468371438, 0.8122758776420298, 0.5935037511810669, 0.015426013640220004, 0.8599384683742649, 0.02242180303532293, 0.8567209867995749, 0.29338656003006935, 0.818136844415911, 0.49658223401763624
0.5040569667453585, 0.8864630155310034, 0.7922748896802922, 0.881626852200767, 0.15219551553589283, 0.581321798013779, 0.5579836322446637, 0.33402439576712883, 0.16102127278749823, 0.9457007156304532, 0.2791268906815413, 0.8334118250521118
0.9878331278068802, 0.08022290068611093, 0.7693856156651917, 0.9833952562409967, 0.3257964825799604, 0.30157850384141827, 0.1681976691446999, 0.5602464385470353, 0.5680991501034376, 0.470402328561201, 0.7418862231272437, 0.683872920130548
0.16657636974841672, 0.1926768783617806, 0.7983405548931911, 0.14264234577983537, 0.02426962985480574, 0.36882357527536724, 0.7355939458489913, 0.5096984486648474, 0.6113750769042828, 0.5120068364361413, 0.7413708674744907, 0.5983435471608204
0.09904955996473885, 0.31555396819318415, 0.17817592084810618, 0.9230711727878855, 0.49250488854156094, 0.22012701585877414, 0.7859625081051739, 0.8350391123621655, 0.39576138114438963, 0.23859465397746493, 0.6380715076971217, 0.7001468799489667
0.21100776326352788, 0.34098975123342723, 0.2644123645703418, 0.5215422329524824, 0.05582041774614577, 0.38701657873308604, 0.6964512844304306, 0.45619474605937127, 0.9407817738635345, 0.4008912509411723, 0.7380152418013438, 0.648790440110981
0.886353948614165, 0.9118908129616939, 0.5787680082908434, 0.6043629121369, 0.16415610813071335, 0.055975048639459346, 0.013444636987922087, 0.5411940111232724, 0.800454086671833, 0.9688683971464184, 0.27814574354535815, 0.8096594261624802
0.6020055552054596, 0.6469905783623049, 0.5271556551280198, 0.14923429777356245, 0.6180364190977689, 0.8406257133308978, 0.7470523582376726, 0.9808072545713639, 0.9579257227636151, 0.7243775603163031, 0.7076673766480449, 0.7378539292296042
0.5974402856074771, 0.3374286813959859, 0.5733778258652351, 0.81367790847514, 0.5916819288504522, 0.17034796053698997, 0.6106230476152774, 0.5005064552372823, 0.6785415320993518, 0.0889812604211363, 0.883062711880973, 0.8665337208086974
0.4621770000217019, 0.5020268237994033, 0.5024886640465834, 0.6371721461777853, 0.5564437159553616, 0.5514774155842527, 0.057342060629786085, 0.60366622171357, 0.9160815285598438, 0.5084342443451275, 0.15415444197181405, 0.5193142346041449
0.8281027634761933, 0.6369470588893884, 0.9347241323245757, 0.8283004930178062, 0.4809023265529988, 0.6308644474468205, 0.14943848401929893, 0.31328456213037703, 0.6491552662039264, 0.7852841742146138, 0.7457888654744232, 0.5893129181472698
0.9949413666720991, 0.5800333211009909, 0.00012933074427734503, 0.5149590540113251, 0.3426797461170341, 0.8987416307014435, 0.2502255834364224, 0.9588844562250008, 0.360144583196397, 0.49591703047707203, 0.822854309967689, 0.881488775480739
0.07615202544318289, 0.3193988900191277, 0.629713242198768, 0.3665890156220106, 0.37403194596985967, 0.34517195266786094, 0.15740658442915823, 0.6904389463502122, 0.0026327345651775413, 0.6083310279439831, 0.5630242981351914, 0.1161490250861249
0.37997885120791197, 0.8768714848596526, 0.8810925022247819, 0.013484461192424524, 0.8691416451634066, 0.7558363144828689, 0.4584940631122104, 0.7101750056294096, 0.44368427723945814, 0.7408448928171136, 0.6928094981099681, 0.7273741092783919
0.5812543807517753, 0.19912101629724133, 0.48081542367000885, 0.9131060242893831, 0.22604444508623, 0.5951234711533311, 0.35194114758755535, 0.4123513684264051, 0.16690464517874015, 0.7718063302778179, 0.685728645633753, 0.981467758895009
0.9210999621367736, 0.9275293385673582, 0.11390163951104748, 0.8452394002087676, 0.49163588244685175, 0.20293003585825065, 0.8625006483967809, 0.5485073995313544, 0.035708453542490526, 0.82492070873704, 0.9168487260848404, 0.7670696978550017
0.8461606478472888, 0.12206546833315035, 0.034670583415605805, 0.334760580702396, 0.3176901317793406, 0.20943857272587052, 0.8602598790665195, 0.014535623524584707, 0.6212975265030073, 0.4811942275511988, 0.7551704894992439, 0.004775613830277692
0.10737223095581783, 0.13483037604242554, 0.5133300636967043, 0.9280728568633522, 0.9323720849483956, 0.41627739597069224, 0.6872043566891362, 0.2528937129422195, 0.22646939550885214, 0.2601239863275523, 0.4198098730415043, 0.5614564355833269
0.19536617420611446, 0.8852548541401937, 0.9680487760747603, 0.9313568699462229, 0.039259501255827334, 0.9338806251289069, 0.5473829945970142, 0.8227291017362706, 0.47075045833604034, 0.922539430975968, 0.8332838888629978, 0.1567198045553192
0.2704692892995384, 0.9439525980489674, 0.7029537386265046, 0.9464309113564308, 0.8320601034619884, 0.8331509894489595, 0.5429151123702037, 0.6152414375051145, 0.7906036056642389, 0.028277231670931324, 0.8167325137743762, 0.8806068304590225
0.42766582017312316, 0.01472780443963051, 0.1910828024034864, 0.4153622371933613, 0.13844282712368106, 0.26741230498071333, 0.027668082026582108, 0.20549583318112963, 0.6576415633467962, 0.6395485087530887, 0.6823944394673493, 0.5070299421106416
0.24359226947840362, 0.48889712265590657, 0.8085257979697212, 0.43665657818825776, 0.3123521983052545, 0.21736255391796888, 0.3913447856836525, 0.051674857714831934, 0.7876760386305457, 0.08698656307149977, 0.8518243222069896, 0.3683635277463929
0.24808216768693991, 0.1326759647905803, 0.7663151993685773, 0.3976283695503803, 0.52026689276356, 0.7797642864885018, 0.8196957025042494, 0.5401882006718304, 0.20103203414944215, 0.48747465620838926, 0.05124006880385745, 0.27497865446703806
0.11289372619154714, 0.4340908115464802, 0.03459068906676932, 0.45663427741221463, 0.9349352219309442, 0.5494441681138155, 0.9282641740638807, 0.2844774100749484, 0.9816975773845988, 0.040128270712089686, 0.4436573781030261, 0.667766557072465
0.5047506614984459, 0.2278555679952976, 0.3978815656624749, 0.5058461045842292, 0.2166918553458158, 0.9140830172461362, 0.38285160069005797, 0.35953862083717714, 0.12933712422707688, 0.28573522584368083, 0.3494649636843056, 0.9210365522447314
0.3708038778684538, 0.08411335086627969, 0.24412663653035782, 0.14908191608058285, 0.8674352563214117, 0.5827382043925925, 0.5575973768014022, 0.8624835543941759, 0.9743899191741746, 0.26892792844208147, 0.4330589313206349, 0.9162261987249906
0.9373064675754166, 0.7507025785784198, 0.5720100632612627, 0.8511684710566272, 0.6936697468168977, 0.23690257840089046, 0.16720155801495684, 0.9194423820065337, 0.7861278523632887, 0.2364735464765988, 0.7050530911427727, 0.47142294148821806
0.007835884685916894, 0.23228538195365778, 0.6263447617549808, 0.796101001430835, 0.5466895780308876, 0.4898792661752347, 0.9878788680091117, 0.6804201784868047, 0.7058587313816381, 0.5519522980360114, 0.5181877786129019, 0.31061075621505807
0.984034266365878, 0.7723935197457921, 0.8577918002267203, 0.6199099882194389, 0.028678507696564104, 0.3138550642655734, 0.7392790861928359, 0.294314135109905, 0.42356349794701786, 0.4255965408498059, 0.18375532579710063, 0.022085785445423167
0.9504982868407345, 0.12272188674842843, 0.03101995840962546, 0.6523186042600592, 0.07912216714150311, 0.7146758622344378, 0.1605975317456525, 0.2254553727473636, 0.7877781021611648, 0.9167771324826136, 0.8580020008119442, 0.06756136775371158
0.7800274838207363, 0.30743043169100204, 0.5866766723283786, 0.09025285898796209, 0.01803008508269499, 0.5638410983107848, 0.7990356167102609, 0.15587438478299875, 0.368405630044482, 0.8610776949494237, 0.3004903437977131, 0.8559264583163934
0.3194901354536692, 0.5907925244305283, 0.40085396124862727, 0.6200444430670473, 0.5378544580522748, 0.3072874439901008, 0.8881434023390407, 0.19238945464340218, 0.6654230585421066, 0.34278401358127053, 0.7471626713128044, 0.9222770996397256
0.5494220258494034, 0.3841835494331244, 0.2975155156556779, 0.05690469559078348, 0.7400440662146234, 0.6250841981182573, 0.5546353412296101, 0.9668463389685398, 0.769207491510897, 0.21526889551371786, 0.8374258521089023, 0.8292208826843179
0.22010944873553673, 0.862601797421321, 0.5028170021600636, 0.9112696239904088, 0.3690919738167864, 0.6614865839440475, 0.7136135360487963, 0.6414100982448667, 0.5294651350423836, 0.5072569290818565, 0.2864513191232242, 0.09007942906277622
0.6712867144111972, 0.9582386000580531, 0.6850785572640173, 0.6453577885335452, 0.5721339923974297, 0.11195331732136904, 0.18711968855473726, 0.4993385703030857, 0.6866467618484013, 0.45784386498772534, 0.7542989854736302, 0.2732555322256879
0.16720850235264506, 0.5493815722177399, 0.7291932411940917, 0.7000164255380052, 0.13226834692748923, 0.2840569650981153, 0.3186476142729875, 0.35737866823603426, 0.34493314230077043, 0.6519037536997514, 0.5394929352112863, 0.6710381516265824
0.2705625389611487, 0.07866195057667713, 0.6608703549913831, 0.9701053802142877, 0.3105882729919801, 0.2829807961631222, 0.5810409350745473, 0.8548215296086689, 0.07869285949340277, 0.024035505246334132, 0.1940750484708651, 0.08444549778564903
0.26664951307974893, 0.3518217963890835, 0.003364627827267541, 0.8479466645276802, 0.7979378425912502, 0.37430721612063533, 0.7758034515491332, 0.23072674770182755, 0.7640869433274166, 0.26814836257210684, 0.3732650104042098, 0.6510770482794007
0.5889301818363245, 0.5590624866844779, 0.472181672556385, 0.36023616061168695, 0.6106274741633574, 0.23068738592211713, 0.7090676534052769, 0.28730676883322914, 0.6291166423593633, 0.5218359377855222, 0.5176621738382766, 0.8398958053284706
0.58294126332202, 0.6604015234301143, 0.3355400234501492, 0.521092464638742, 0.8978839897953065, 0.016817204095006533, 0.43395769810238405, 0.8557089721739499, 0.05334093205472057, 0.3132923821436543, 0.4120545289944958, 0.8792634173571828
0.8132084920593551, 0.588316876122642, 0.9608745459143654, 0.9835598749814275, 0.047929935686544356, 0.6198893698589956, 0.390050493244152, 0.8023034771145109, 0.1759469478503658, 0.34975973136202987, 0.792370069656382, 0.611422620745351
0.3583544607920094, 0.3044853531458964, 0.12359617570301529, 0.6006296834602899, 0.5451936698187142, 0.9099864007886895, 0.9199480180132495, 0.5910564215082544, 0.976030048456385, 0.7592708484628177, 0.12154978657936966, 0.6953828637188205
0.7312931817336615, 0.4420583071765348, 0.9895852278065099, 0.3208428876952387, 0.6348340551609963, 0.4614005750268031, 0.8618270600000334, 0.14225143979224242, 0.9880817578114844, 0.3268151540949842, 0.6453439634875827, 0.43328675923449644
0.01087149715993474, 0.85568880427919, 0.9154398760212978, 0.9472533136279152, 0.9960316176750775, 0.2146148335760648, 0.011373711072588, 0.3165521104468596, 0.8052710460134973, 0.48186950579087495, 0.6601640680982076, 0.970330488186297
0.0966435459705498, 0.29176697780669836, 0.11564643596536284, 0.04897912652352199, 0.6471256964518839, 0.41684556378346316, 0.5857806125682006, 0.1848545650035559, 0.07303044752989885, 0.33463694324820636, 0.7030176355693478, 0.3740947000677961
0.26261131532130233, 0.9545088951646148, 0.8053676726857222, 0.734184812039448, 0.6223950008103302, 0.11256984674487758, 0.583169159107973, 0.5626570635657753, 0.054629060905125204, 0.7367375807948164, 0.9284936846325681, 0.793997081869985
0.06397945675208216, 0.02515955740046305, 0.9198680484865857, 0.09697758355663977, 0.6958881071913195, 0.22231687973527048, 0.3658694845630174, 0.39404691261985536, 0.8483137569109005, 0.5071296755801902, 0.2596026856306485, 0.9004065040383556
0.24014647539280332, 0.03654425177976883, 0.587109361657893, 0.13157752680431267, 0.8219591943029655, 0.8239513621006449, 0.44718905446447, 0.08718101264664879, 0.7458619134593457, 0.5834530755607389, 0.4735118336121499, 0.25264533213713714
0.03854610454126928, 0.6693626666506514, 0.35677308807686414, 0.8277761185036955, 0.24478666453434783, 0.7052186715013757, 0.6993710829695121, 0.49843271135276046, 0.4376296403986615, 0.9046279639645033, 0.14213003373960686, 0.24277065021338606
0.7283728717826331, 0.35039869089006637, 0.09254690058981863, 0.9175335625137795, 0.5088046514069607, 0.6532633370284818, 0.10717623688614997, 0.9418827835850776, 0.8704006112191485, 0.8352328608917023, 0.6701638144136082, 0.11853581530729651
0.8819970647704669, 0.541022306203272, 0.6859999994160033, 0.6606450339986703, 0.15378877057659135, 0.5494533441786248, 0.5291354606323755, 0.7424338054854341, 0.9903571896291612, 0.8725808812604433, 0.15452561907828288, 0.9414331335263388
0.556111956705931, 0.3842537092135093, 0.8170478818005533, 0.0003998683173884743, 0.7437375308198791, 0.9765464217637793, 0.9376191295750489, 0.38015671882210833, 0.36358460689781136, 0.09882096731553092, 0.6465402929073161, 0.7619544119339552
0.8649267174159594, 0.6686778582552951, 0.00234330477115674, 0.6334774677596664, 0.9472851050792165, 0.8193907026463203, 0.4462833402357722, 0.7632922034347881, 0.25472463263223843, 0.8907383012488632, 0.1301495849415073, 0.4099600736291571
0.7872395774907951, 0.16372012825109328, 0.8084596471123042, 0.30395843543819356, 0.6724764520004423, 0.4107859969335982, 0.06364171712839184, 0.022541372673125393, 0.039033501115130154, 0.7863466003692114, 0.7098037809900442, 0.30563383201127914
0.8798270583366729, 0.41114174318591956, 0.8297837562493152, 0.9225942142960069, 0.9433790256324245, 0.7474786662904066, 0.5619398739869274, 0.1188488300295224, 0.7339624874639912, 0.6551122746501218, 0.7618012546132401, 0.022926273614660708
0.1689523958935808, 0.2422446434642508, 0.6235628178041519, 0.28274661329279027, 0.8450248629583231, 0.35884857717882135, 0.2672517775541906, 0.44198554782849453, 0.0723468034098278, 0.3845824034066715, 0.1252928108536373, 0.42080231303479887
0.13585168658809743, 0.7444930121718272, 0.14092524412913476, 0.06697303776739194, 0.8812093070636886, 0.6646683742590951, 0.4955436303092827, 0.32868520296330095, 0.8261694237344911, 0.847924235957596, 0.7477117931538088, 0.47707725947412694
0.9897184379538372, 0.2985015681278764, 0.7308230723968715, 0.352400859107589, 0.833039309543489, 0.296619219005974, 0.8686153378363126, 0.20158376714996007, 0.41500187149614565, 0.6488189693650674, 0.931791813901371, 0.1309297308100773
0.6340466985112263, 0.012221339608334825, 0.8508519942610576, 0.8454811225158795, 0.8815590065345268, 0.18859529747949488, 0.9859357930969096, 0.6563007485891641, 0.7445206939692227, 0.7206288275689782, 0.2626644957526423, 0.9105406950306871
0.8398765748280319, 0.15114310951950016, 0.07576682249952504, 0.877334269078302, 0.732190584571819, 0.6911167862188375, 0.8409054956054896, 0.35685285731228356, 0.7662715382388453, 0.5102188999126519, 0.6127363785945914, 0.3917141430401764
0.021674786142121483, 0.11286316998961998, 0.0009494516035231104, 0.3675495683533856, 0.9923429365830867, 0.6798990771511755, 0.25302923768251306, 0.3668443133248237, 0.8590671797361736, 0.04076995730042399, 0.8738762737509612, 0.49815234380613604
0.18755465212781686, 0.8714966748909801, 0.9467635479765384, 0.6987712388755994, 0.28810697907954663, 0.6100475778283543, 0.7760172906258396, 0.27389529731421625, 0.3810819579196554, 0.7918840560249713, 0.3968698515480078, 0.9028431053635432
0.8307504731075157, 0.7127427520813314, 0.23552895601409574, 0.7087547900583011, 0.3785992786285858, 0.4249389023766653, 0.16725663744977104, 0.49984139043609344, 0.40915721161638996, 0.20619170533071796, 0.1231141794627042, 0.5528229176771876
0.6697290991811493, 0.8567716127271113, 0.9416743845818679, 0.682109245333499, 0.24095184031689276, 0.2743970340752132, 0.42142802834324744, 0.36341660207648907, 0.594386327177726, 0.43090318145646456, 0.687700223325121, 0.9850272946104928
0.2762187242840395, 0.24265729408294257, 0.8498756751956361, 0.20870693529238316, 0.22734772921066204, 0.6389383194995397, 0.3822303729483211, 0.334083923231707, 0.25510966093725884, 0.5482349168879772, 0.312112981124649, 0.29018992588207715
0.14568614206567687, 0.4219484678578356, 0.7875678025927456, 0.27740624656657786, 0.7123176853244134, 0.44843510539412756, 0.4533891419358682, 0.2298488939192238, 0.7734887328692496, 0.7419968781853912, 0.9417042530613033, 0.0644681374146977
0.2630844370039044, 0.3205998609777253, 0.9677223011081141, 0.11629956493400839, 0.2968490735871864, 0.2132874802865382, 0.671744753660032, 0.88081917977985, 0.12582043744546534, 0.17691000422963554, 0.9681760182109933, 0.9467248120999942
0.36820723800063504, 0.3505108037215241, 0.48377886358868316, 0.19443758146015622, 0.022836347549859415, 0.2516822394290048, 0.6249433058177952, 0.965928095808515, 0.4519540139968107, 0.8688107344703165, 0.8773367878132486, 0.7825030833603388
0.24001382747026667, 0.9558730047977799, 0.11873449833221406, 0.12506444068410338, 0.8669654156231241, 0.5338094342106376, 0.16605621309772656, 0.8218765767668349, 0.23723242193774874, 0.622119542274806, 0.06700726258429424, 0.24252470844262253
0.24693411392550269, 0.3350710700202053, 0.48822744814259456, 0.3990914012539001, 0.2104798916181997, 0.7499394082804538, 0.08763401281136796, 0.8523278303056838, 0.6662480954350144, 0.36280830245064444, 0.8125174310572507, 0.7026088773742515
0.004912448498169519, 0.5228997514607653, 0.47790383844004714, 0.6892807810316617, 0.38068308868184364, 0.9575514795546419, 0.7019846975258891, 0.5759474158358429, 0.9504104822204288, 0.5487082292101176, 0.8959062166655137, 0.22187234638093056
0.868019668683534, 0.5280005547061782, 0.11103364290825302, 0.654842264524626, 0.2376628170359565, 0.3850372039848081, 0.12445758480181723, 0.8246872984191739, 0.45770399377164506, 0.1696580443928225, 0.9667400604342493, 0.2677815198853406
0.022366569430568917, 0.13167451587713985, 0.9651345765296689, 0.15290736194081067, 0.15166870982020364, 0.4779359435231588, 0.7878025401580827, 0.495358761378212, 0.05899795759442328, 0.7604285125845031, 0.9566461610326964, 0.6166802910526327
0.9300649835461565, 0.32393531325878855, 0.4784882971409784, 0.7499354040413381, 0.5731019692470894, 0.9972420189663278, 0.7441701654579455, 0.16225576238940775, 0.8632894546039882, 0.8238931877419219, 0.1342653984771328, 0.9295622894203521
0.760971809433051, 0.8643620766772676, 0.4765621125769103, 0.43338250105362386, 0.4685053989739675, 0.7646803761736929, 0.008434782415007502, 0.9594195321422487, 0.784477317013097, 0.4087484428247662, 0.8061260908522834, 0.9004123839699891
0.13708550274525055, 0.23750407375257943, 0.031861960794798194, 0.3622806702233725, 0.262574917642894, 0.5125485451581763, 0.022538913332980193, 0.12844192100610774, 0.15105601453254425, 0.23620365194598947, 0.7032836867120243, 0.28757930632509643
0.1905204959843687, 0.9382443461266364, 0.3567733108609318, 0.6836705873637576, 0.3627035016887492, 0.37548517338681797, 0.5799010395282147, 0.07808424228590816, 0.01363193534709306, 0.8255402444675868, 0.24320683484399708, 0.863925534763503
0.8935738340751999, 0.29117211143164523, 0.17162462300683956, 0.5173051117578843, 0.7977090678213511, 0.8669355210782597, 0.8096418795367161, 0.2330991649890236, 0.023050049611897605, 0.25165633374333496, 0.5377288918670625, 0.7575982870582679
0.14972873349125282, 0.6983990145853031, 0.6027510156725127, 0.18655209263330208, 0.6738494437644235, 0.0416375032812587, 0.6477847848761227, 0.7022696778671522, 0.39764686487830425, 0.9360624669693512, 0.26206824373169313, 0.11372800712211883
0.919768070215875, 0.46289300041135084, 0.25892955074406365, 0.19429711920881254, 0.7231355230699112, 0.08635658275088065, 0.4242098909516374, 0.5641875755439504, 0.34268729663559727, 0.43014926658718466, 0.5942401718769736, 0.2457877489174165
0.9193236957754286, 0.2703228128744257, 0.5251413502913052, 0.4865264164307941, 0.8034461956917721, 0.9718069526439097, 0.5799703022597408, 0.29896905837884813, 0.02337180343094636, 0.6839988914357601, 0.7314218811850449, 0.29546434069600724
0.785269091922834, 0.7591462070234147, 0.8790084925144714, 0.4940071063194019, 0.6554692659831994, 0.4860141292888588, 0.049862836073566674, 0.28993503939373666, 0.5983489029627157, 0.5305909594725933, 0.7974268331334297, 0.9784200504712627
0.622837315427655, 0.8967793573381825, 0.22017879174297195, 0.7620257289882564, 0.8817554338880723, 0.13457254137176455, 0.04196963629392725, 0.02976591048743582, 0.5842817046674217, 0.5788268696989571, 0.48201342018269855, 0.8803540227061538
0.763834047468794, 0.9958483002063985, 0.5162846566646061, 0.25315496666398296, 0.39838938340218943, 0.9706559806069044, 0.4766480702126741, 0.4672373469362576, 0.010884915582141552, 0.9284745364090565, 0.23522475678857302, 0.5320431538666116
0.6539164730236502, 0.873343872641767, 0.6688301549681611, 0.34995930510387674, 0.4898240046401705, 0.8783419296757927, 0.15779374264866508, 0.05893084943784477, 0.5537561887406874, 0.6217535397379159, 0.21058724464871104, 0.7341557014159096
0.000284792262988,0.620520893435,2.24809015707
0.000522277058777,0.653695632592,2.68764282803
0.000516450353214,1.26467043716,2.53119753868
