$x1,$x2,$x3,$x4,$x5,$x6,$x7,$x8,$x9,$x10,$x11,$x12,$x13,$x14,$x15,$x16,$x17,$x18,$x19,$x20,>>f1,>>f2,>>f3,>>f4,>>f5,>>f6
0.6903775448217249, 0.6119345998643019, 0.8759167733992168, 0.7842888867640272, 0.14533078878413097, 0.11440699138469168, 0.7429125390868542, 0.674458019353814, 0.19657397904922025, 0.3885914743341857, 0.4148243365374269, 0.633953987853141, 0.48322532190558853, 0.8691520060253433, 0.24963758654787283, 0.29255504765739704, 0.024967612130686767, 0.4984284170779134, 0.5470053049099733, 0.7980177353706334
0.5336512379347123, 0.45132165297685756, 0.9772714310226469, 0.8381942199260928, 0.8763544085228552, 0.04062285361059681, 0.45635619540973194, 0.3845120822393917, 0.9033610450455398, 0.6316656274473234, 0.5335774449796132, 0.9986017422856346, 0.9639122878232707, 0.4310238515927739, 0.5898048422888904, 0.09613931519745533, 0.9317983620293613, 0.48755612341131604, 0.09390992791714892, 0.05805861164732673
0.44760821416456575, 0.5723966640266459, 0.6741884989987985, 0.3126923682951669, 0.38673690912382763, 0.0790608625712399, 0.35855760545915094, 0.8081320960143216, 0.049959741214944176, 0.3781302226300868, 0.41463465957680545, 0.09413067835532651, 0.0693696122599341, 0.029427060181123954, 0.5956001883248995, 0.7330818421143699, 0.25612743501217894, 0.4177411335183401, 0.473022272188969, 0.48373653214314005
0.8876044344430049, 0.9645436906851005, 0.9339143916222619, 0.38198805555714366, 0.37851850031817513, 0.8515699655879474, 0.4296787484015129, 0.7194151172744296, 0.007534267568922393, 0.7785026962933456, 0.9079750491256765, 0.8014681976911756, 0.6093733574809218, 0.8610046627014329, 0.7809892433370822, 0.1428956676365878, 0.016469846184329562, 0.9415279796953505, 0.35683149395216474, 0.6164610746722637
0.9465970240074618, 0.19004150908752926, 0.22559034486696894, 0.32247996710634175, 0.08268794294792303, 0.335593507467299, 0.6810599386920897, 0.31851196643800916, 0.3514063712871366, 0.6847895384016702, 0.9078406134836123, 0.9849450709492096, 0.03381580357392289, 0.3361863217328874, 0.7312303849711643, 0.828048901375864, 0.44017707306375364, 0.3516136483855037, 0.9681187428597321, 0.050964932769301585
0.31944578706993365, 0.9924654042846176, 0.9325626089961869, 0.010529910507185103, 0.2518181493576692, 0.7397618212985844, 0.7307378719817661, 0.24368510469424298, 0.6255958285635781, 0.736032022431513, 0.6509859835886163, 0.9054761511160206, 0.21549359619603337, 0.3266303221898611, 0.7864507352017768, 0.7007057839076333, 0.5569438892991482, 0.52307932288061, 0.33130546069469424, 0.20663106723381464
0.15344500086479518, 0.39653847385864116, 0.7190623692697934, 0.1397116932757847, 0.9445883790838587, 0.4480733536461169, 0.08908695737774108, 0.9192511134118615, 0.03542636417470779, 0.3532630911764576, 0.9416951018553908, 0.4460802800692101, 0.7099649773712493, 0.09140966469440381, 0.24016396911938265, 0.5657956616629101, 0.6904696081727291, 0.16740772309596852, 0.9755511318014862, 0.8039076138388477
0.2112678826377774, 0.02585362671803282, 0.23500809268301692, 0.8662341845419251, 0.9435241498630689, 0.16667522233482557, 0.7283885425664162, 0.5674486349874703, 0.7319822412741801, 0.6474338079044082, 0.5664145976739504, 0.8273230165015313, 0.6702265313454141, 0.257603724373647, 0.712693047964503, 0.11253582921014849, 0.3322839420873127, 0.946188039940481, 0.3264025781407558, 0.8313928537098251
0.013250966267363218, 0.6546220490108613, 0.15056046351473995, 0.09272628440922726, 0.6289026600149367, 0.7225196506761938, 0.6219487742220292, 0.38729434584058875, 0.5619592354703817, 0.15602354617815806, 0.012308487495131804, 0.25530258327571287, 7.557538986635581e-05, 0.8888323068532795, 0.3777089170468718, 0.45382995669755866, 0.9360240389552091, 0.884699330040729, 0.6708421116850152, 0.37032238638154846
0.7700759516794301, 0.610001104232847, 0.7512319125778014, 0.5741433842983871, 0.8232441585085055, 0.06034143785064461, 0.0981263382137968, 0.025872495356562886, 0.6075765560471861, 0.996539864851105, 0.91568880578697, 0.1461130649976652, 0.9975600830927218, 0.24268981157417435, 0.9202574955926796, 0.6893242630766317, 0.8723472835603152, 0.22020848727655185, 0.9625711109286894, 0.6551328637380054
0.04154670738413424, 0.27101687265827223, 0.8417351518141359, 0.023036039276032816, 0.3290077960963139, 0.011576044966408183, 0.6084827534756665, 0.6963799260717642, 0.8798323971898754, 0.8195463776642284, 0.9992798767261575, 0.01452092080481282, 0.2854549585931434, 0.06619997480510598, 0.21608078148056575, 0.3237213832260437, 0.8969394007062491, 0.44610107657683606, 0.9914232257680412, 0.41306468781300776
0.5803239499909421, 0.3237016533842427, 0.2367662820352292, 0.9123757719070343, 0.5586911481066845, 0.4939092600961501, 0.38632370437778485, 0.9252325868508954, 0.3467951380791189, 0.12557798635134898, 0.060221148050074835, 0.22955452154577782, 0.16397500720077063, 0.9000796981973317, 0.28571177986580865, 0.11618934552508042, 0.31869900936688544, 0.28432607755951134, 0.16218486419975942, 0.06361640613545627
0.39462489759480535, 0.801268642134865, 0.7376259385869582, 0.7162464917048704, 0.19683348276273138, 0.2533393067708326, 0.5827895733530546, 0.14776640274082264, 0.7456358031869283, 0.8127668719675651, 0.9199662640303092, 0.10799128260369217, 0.4805565547869366, 0.4725500768880556, 0.6495288147838846, 0.8310569775178608, 0.0054578741713129375, 0.3663057651094832, 0.010718652453625688, 0.9527235372009928
0.331291779135786, 0.0292142283488237, 0.04509013086182334, 0.9822758461445981, 0.7765829627862796, 0.7312803845071209, 0.15642731770167373, 0.457377509661105, 0.3866500588190275, 0.024010249819098717, 0.9773397312927233, 0.09250637028431885, 0.8278819492279988, 0.710907625894828, 0.9878962516300731, 0.3492565639905375, 0.27156096174561184, 0.626716179662233, 0.23126528242833355, 0.7266213323095166
0.7608803691010796, 0.9857230058323965, 0.741523960487473, 0.6815143197822197, 0.17116212216061433, 0.9876361622492367, 0.05845604629271517, 0.9663025749214212, 0.04242451505014577, 0.7686974655923021, 0.8110219338893497, 0.7612760053716068, 0.6686583914749293, 0.2918561767907064, 0.5552258753160523, 0.30261525572469217, 0.8375779039367854, 0.5493968473967794, 0.9443516716549079, 0.38408192599456603
0.9619589456527964, 0.9842822940059165, 0.9792542316853258, 0.20880871817393098, 0.2525498772351339, 0.5939286127666878, 0.843220250320464, 0.34516447710652143, 0.959049146837904, 0.7005847021390764, 0.7789291951303177, 0.07309947360887481, 0.7595286456837171, 0.4607237310719907, 0.6582963973940035, 0.7341197900001788, 0.6190965136121558, 0.5364321883966617, 0.5970808411087632, 0.005094673840286168
0.262975389884914, 0.4283692199525365, 0.12777860627855886, 0.13505446988553327, 0.8737335540147885, 0.30619423270221935, 0.04170001071301277, 0.690065591597221, 0.531693678040235, 0.2465489242277078, 0.8977929872730994, 0.5962167523335307, 0.2310387102581326, 0.4063622814940808, 0.8428619202762527, 0.41864569973445753, 0.7866040111202179, 0.28806756325704974, 0.18333515813714585, 0.6007341066538954
0.9228509888501483, 0.7621461251680921, 0.5261904328726975, 0.2394865092496138, 0.6779967984591286, 0.43704185777105553, 0.9834377348976193, 0.0673428446397244, 0.4314315264309422, 0.77438019665929, 0.12220432279955018, 0.3872412846613643, 0.7199125591737806, 0.26962010103025624, 0.3634335282441803, 0.6752436555124873, 0.15530886011657996, 0.02761973452932065, 0.8632259374949524, 0.22933712966374098
0.22927993180845008, 0.4749742921349942, 0.059995480501269016, 0.7910907447981048, 0.654286420815609, 0.5158796693348159, 0.9437129299418989, 0.9916816046951579, 0.4896211307309455, 0.3505053672112898, 0.27526982069243466, 0.3173138278597397, 0.6066120058257349, 0.1745579486288079, 0.3643892931423426, 0.2736931479728747, 0.8788911308826265, 0.8294732081913611, 0.3465043116287837, 0.9792302783130566
0.5060879879343548, 0.9096813107525705, 0.2319853260689917, 0.28082373659858184, 0.42823345239309796, 0.6212133703770988, 0.8739699814835477, 0.44031636745612923, 0.15121068386668357, 0.8253872817323549, 0.29660261364856055, 0.6320183040522988, 0.2973748571888817, 0.4240890585429338, 0.7147568129855044, 0.9206793956062901, 0.28246540597828573, 0.7619268352445401, 0.02638167965978644, 0.6925479936553673
0.05066837119684531, 0.7049265043604813, 0.9668252804494517, 0.3081913581930221, 0.18594067260364988, 0.02083255158160624, 0.8074038043329274, 0.27661095812342107, 0.7674393922526951, 0.8608234909264603, 0.4013250110691212, 0.8416658448801855, 0.1312247990472657, 0.7002681712161252, 0.2801931147012291, 0.7027370661997618, 0.9698092722437749, 0.4168733516769074, 0.20536571833480954, 0.022459656204773526
0.15178483530629816, 0.6916872789481542, 0.1410620766036368, 0.8201392780327114, 0.9254740697516597, 0.4755131016155062, 0.3891938925863474, 0.47946805505134293, 0.01470309442181561, 0.4469432405459196, 0.14752574683709252, 0.8663117620068013, 0.33391148920795166, 0.8551599801399208, 0.11633094263799337, 0.7928164218211439, 0.9477959815807458, 0.9372131709730874, 0.7769016050510228, 0.5179482304712802
0.4690632235574238, 0.7655253087333942, 0.16335582833967166, 0.14086532147528585, 0.007864633152068978, 0.5709727153134175, 0.8133924670072034, 0.47914096274243745, 0.017629377466900298, 0.8573986702008197, 0.45536209301227726, 0.892405456503141, 0.12579813589597788, 0.17540157596801254, 0.871174720182615, 0.1846313764407278, 0.14737010971856923, 0.9727996925384463, 0.03401738711578306, 0.9907172019547944
0.12106635653046449, 0.7208351426605506, 0.09039064628728932, 0.05970583547032171, 0.7902330671165229, 0.8329045590962149, 0.15349557663492497, 0.9639406486017278, 0.4932889283121743, 0.6484762002314648, 0.6102158368952381, 0.518092382915856, 0.29310899425463244, 0.19111642449745025, 0.6795377430062425, 0.9827760612890316, 0.9749140549876669, 0.09831028596033486, 0.15236742254372282, 0.5334169620540972
0.10967359590668013, 0.3407125503374022, 0.2402724104554913, 0.03395912882534036, 0.5094571674496161, 0.05006086396213949, 0.1090446012941837, 0.41109764659391945, 0.5333434376530743, 0.92331482523472, 0.5554896662561589, 0.4403373396176091, 0.932961088282033, 0.6703103226322237, 0.23403736841590228, 0.5753870776595605, 0.34709558427364384, 0.9036515494571152, 0.4001884377363851, 0.4153309831917974
0.24943952746098697, 0.15606931784440425, 0.3978480082738367, 0.9175215609737233, 0.6386649253703066, 0.4876633740223958, 0.8966304851292253, 0.20753642109084414, 0.7383228219914456, 0.4666350376003008, 0.6241417268591762, 0.9823089855440548, 0.2356463565460971, 0.2242799165774324, 0.2828850268802763, 0.20671435608158883, 0.9210887608251556, 0.24558652592554586, 0.8226788883744889, 0.015357961451898383
0.08976098890698314, 0.4523878971032299, 0.5278641309461148, 0.5628719023830603, 0.8098584674259139, 0.41918360943149335, 0.8777149920184457, 0.4988427535383998, 0.38531831229017055, 0.3080189796144899, 0.6981440073152744, 0.37243582950913046, 0.2789228877104518, 0.5039908406075647, 0.5070282365361137, 0.019080349728158752, 0.428101350789061, 0.6084966238159741, 0.2561488230835194, 0.39015755795459095
0.7049174302752776, 0.22135923249697198, 0.8578828903206921, 0.6669592653176921, 0.5819658503182064, 0.4004794389374188, 0.9299695811851881, 0.16154275887880631, 0.12666352633696287, 0.18073053100775405, 0.010380348394430805, 0.7820576574812514, 0.4535375981034423, 0.8546583303760578, 0.022562795342521036, 0.059543773679264, 0.19050282950252362, 0.7034017037168655, 0.6029612377068588, 0.5339101803160926
0.9377836963727476, 0.04813442695720316, 0.9595075734640018, 0.4891251074097662, 0.9445500199217207, 0.9962793199323828, 0.26813066552429965, 0.8640876335540347, 0.5108843730292558, 0.540935948872685, 0.8570538898813644, 0.13528714962368704, 0.5221908912062374, 0.805108637729092, 0.11841772046642352, 0.2861596930011413, 0.8451514809423064, 0.6507880537328232, 0.6834712855579191, 0.5767857879747402
0.1627012502808648, 0.05347430526112473, 0.8990006045120696, 0.9960440007618857, 0.9833342137986965, 0.38842084455667114, 0.9296711629163225, 0.8310811652221491, 0.1952759845452433, 0.3337233939916462, 0.7158217219105629, 0.05546210137413088, 0.40720466633786756, 0.43882049047444827, 0.2952767127854393, 0.3706033475314716, 0.7669679606522554, 0.2440734166349866, 0.3247040495746125, 0.9581666357677485
0.9323232269383793, 0.23050425261724072, 0.8897125449251114, 0.30170135422986755, 0.5628842992098633, 0.8853307165896271, 0.48503205023249585, 0.7976330990278643, 0.299898675872757, 0.2833106718856402, 0.14144545464848646, 0.8124825100178309, 0.5499981837219561, 0.09087923169942258, 0.07481246994276336, 0.1346559281865426, 0.25517928929677414, 0.5803059602964723, 0.05637962434786237, 0.4184979822866932
0.8529378364438662, 0.9646827464384506, 0.8309496349982536, 0.3030185388054224, 0.8896906270756844, 0.9161200114539874, 0.6198886018442077, 0.2993830661171716, 0.660807810301981, 0.06919605774457682, 0.7646840267726954, 0.5421233738710347, 0.7716959398953585, 0.6071309230358336, 0.5732182090022192, 0.07245624857000355, 0.3933056890178608, 0.2917550675345554, 0.3177669357039613, 0.4776097435485409
0.17406000471484284, 0.6288331790309774, 0.7052078049299566, 0.2872445558413369, 0.0868774857197877, 0.7309067111955513, 0.49670041403974063, 0.9400762169757905, 0.6976809635734033, 0.3455177794371985, 0.09043165830357269, 0.10591570246114645, 0.7675306976821825, 0.48674852600072716, 0.09432512241730384, 0.7742050944546266, 0.5672236094070795, 0.16146847998080338, 0.22314880104547596, 0.9028862579185287
0.31132885884201666, 0.05959882326225874, 0.8479070298517792, 0.05140542508631041, 0.887048505418465, 0.10607176681779984, 0.5391796544343983, 0.7694073962285184, 0.9771328867010421, 0.41586666759364765, 0.4380359017778921, 0.4015383462129387, 0.9088249455192455, 0.17331456069661444, 0.9751921228835464, 0.6667962183710698, 0.3479151013873125, 0.28666784758762676, 0.7971259498530399, 0.7198617700176909
0.20862199388970915, 0.6318915942186618, 0.2204608533811181, 0.9711781096554811, 0.15241655852392744, 0.7762516843805808, 0.6753170409155008, 0.4885115789043166, 0.5720404783778645, 0.8396565746382103, 0.48903006736304067, 0.6359880481859281, 0.5991517814355952, 0.8293702051024765, 0.27105999596667263, 0.6026405269161228, 0.586505191060133, 0.4503861952192465, 0.43825447174845267, 0.615936783824342
0.13420688495761313, 0.20136750733077258, 0.22845542622492598, 0.16819046340775123, 0.5196458636517384, 0.588148593142557, 0.12868778215000232, 0.6490885286845872, 0.3501876202446266, 0.4459161171892646, 0.7846678902253932, 0.4498406678328346, 0.16038611483165632, 0.8389418803156862, 0.653207498355535, 0.8314700181938965, 0.45767555467390686, 0.6321448520144977, 0.529264057178102, 0.5019128457462221
0.16931221110350048, 0.26674506097253725, 0.653939330365533, 0.1530090140351008, 0.3601348881725749, 0.4275854534002681, 0.10000056780895472, 0.5424643857963658, 0.9128882253453171, 0.9827850018312031, 0.5875465047309368, 0.08319828700186871, 0.005846386495103828, 0.9976430443573436, 0.9932804518564068, 0.4435000105118634, 0.843124778528254, 0.6917914320258394, 0.05440879804285692, 0.9857691456241817
0.2999194117834749, 0.6336799234958869, 0.9956925305768396, 0.06320969769718876, 0.9379464590127766, 0.07623974581189186, 0.6675966903247663, 0.31843116955875195, 0.33289133596397313, 0.17867512008961428, 0.42471252124000514, 0.9015392825513033, 0.5727336803127638, 0.9373757441140743, 0.1113948830387892, 0.8525437260482199, 0.5885790967233193, 0.0408577102916593, 0.43580408102825763, 0.11776385497111552
0.6212775880937622, 0.7792801031968318, 0.5758510960367156, 0.36135859317092467, 0.07761897723564748, 0.6358989327304464, 0.21534218423232787, 0.6766256326734594, 0.956200370203752, 0.4941748203685422, 0.9714476034097667, 0.6018516353109512, 0.8944233088533186, 0.13242982723749153, 0.2319315208812499, 0.7087944532703585, 0.460899798323296, 0.7185230660505363, 0.3960205025018291, 0.797516644008274
0.025521652815260087, 0.9780087397595862, 0.47984397374737053, 0.8331667752613295, 0.5680350110874044, 0.3328227740718186, 0.2543041091533689, 0.4340296680721444, 0.014565258153597549, 0.6198780810623107, 0.42142758734595875, 0.8307059376331479, 0.8642527252315914, 0.15398891188668962, 0.2731184239906068, 0.21003055395615533, 0.15127197006681858, 0.9930969024835383, 0.006113249375363283, 0.8722312345398593
0.9012523883040442, 0.624136242445174, 0.6787441492904874, 0.2540225058018375, 0.06394856530790838, 0.4965763424359799, 0.7589942889876972, 0.14889926385946872, 0.2609672630030282, 0.5001946356546387, 0.12803152758469993, 0.8337326288902289, 0.06734129064065453, 0.55630281578748, 0.8173149493732245, 0.924136206321742, 0.385621166995473, 0.7956409641250909, 0.3629479106679714, 0.2483952937929932
0.4335541610719683, 0.04711257885010389, 0.6931209281330041, 0.1710977650447365, 0.3743178546709687, 0.2668910804394432, 0.3543850342883301, 0.44217927512315447, 0.12871789356383134, 0.41293536993224667, 0.06783943108092061, 0.6086776403339283, 0.5934014548862384, 0.20331930336631587, 0.3094084298076225, 0.6123807730766994, 0.4707152757904367, 0.25792464230655143, 0.06602355323076847, 0.7215013455716363
0.5576950256795015, 0.6608763837382391, 0.45763279923115785, 0.01394199347235614, 0.9838436510311817, 0.9030213660366178, 0.9280476591114032, 0.0011729167572225307, 0.8307651638344231, 0.6515401254931228, 0.7079005197921137, 0.8065514318126161, 0.9706099700803847, 0.4665453409185861, 0.3119432066895923, 0.23718449360024318, 0.9329770804741933, 0.5395478360238929, 0.9021514315588084, 0.09601880049258416
0.7673927520532375, 0.2195111493931844, 0.8760074105099408, 0.027274018415474943, 0.8156121722835569, 0.6794930601599493, 0.6644164614693054, 0.9251543963550127, 0.8541681350868731, 0.609161881669621, 0.15334701797003292, 0.3699218635601973, 0.11222187143115125, 0.6195960349258404, 0.2284190112073088, 0.2681986413712726, 0.31672709392692633, 0.3183281074900153, 0.5146624621298311, 0.4996332042246985
0.9421030684034793, 0.7138179596283547, 0.6757032853514889, 0.7543331284520906, 0.3967189680602088, 0.6928696764004292, 0.0170507240037292, 0.4803728239462799, 0.474469253239446, 0.6909045352153349, 0.5304558657574502, 0.9553162841552817, 0.09378357615389832, 0.45128992195827333, 0.02916728104838573, 0.7397520083103192, 0.14488977268448577, 0.5185362320078102, 0.022545868857532625, 0.19038634802829257
0.8861609291361663, 0.019155148747436956, 0.698223484434922, 0.2780219498563613, 0.45374710480239244, 0.12321670417593122, 0.6403076589220269, 0.3148045781298632, 0.45729746107540403, 0.4198871589788188, 0.2970607263473811, 0.9896957668025098, 0.920646661754505, 0.5784699717063373, 0.953938608143837, 0.045189424915203724, 0.8560559654758002, 0.3465054548522941, 0.2153234509413442, 0.6007412539637437
0.4341157410818912, 0.2653877678334614, 0.9575527345812305, 0.48389793860411034, 0.4045517429106906, 0.28837503102158313, 0.6354295054042244, 0.25096415398124594, 0.7987562612247803, 0.07092033709449486, 0.08539893504327023, 0.6801837383085501, 0.25503371715522327, 0.14436726343726303, 0.3315924716063111, 0.45653835561478373, 0.4510366434627434, 0.8722789357857017, 0.8275526604780316, 0.020916863063237034
0.4696381574492987, 0.6322148271122826, 0.5329565162451629, 0.3166264712117406, 0.8474782062510262, 0.8271944853023957, 0.7736619230907407, 0.9724723540499769, 0.37618322884482647, 0.09096325052899168, 0.2959190220001847, 0.8538998151627776, 0.8726072738140581, 0.9613074525112695, 0.5999955417028126, 0.9308831728309481, 0.10117323902244213, 0.8375934406371166, 0.923553668398847, 0.4849599888174204
0.9137410121773014, 0.07582609396098061, 0.22068540049805385, 0.8355671708673214, 0.5692171700740376, 0.058150236347136675, 0.3221211786322914, 0.19733158576660903, 0.9157889532166648, 0.32871945657528123, 0.7622860245943268, 0.6179887896852153, 0.7096923417160738, 0.15984084365429574, 0.03426601394940898, 0.0034957225732551445, 0.4305049456615392, 0.3430000410369797, 0.7471339653323023, 0.12608722302695918
0.6920711375407942, 0.8788691310426592, 0.213571245246308, 0.2901410853800809, 0.8402552113590149, 0.870465768940955, 0.35214516802575124, 0.5777682467136445, 0.20114805017680704, 0.6172091308848743, 0.23857305796952488, 0.4090753143796404, 0.4261295475020852, 0.5069292229975199, 0.03804638847957198, 0.8164730993905177, 0.25687958840482694, 0.3814026606121744, 0.9404620142189244, 0.886331682293668
0.24652368590380258, 0.8423630653688075, 0.8734314557047768, 0.5028008687082905, 0.2641783059377123, 0.7147286065573498, 0.9917450607462198, 0.511612574098618, 0.4735491124459664, 0.4100348949625985, 0.5120165989557441, 0.025252269297022067, 0.2753164891460461, 0.7242234070458327, 0.9623657576831545, 0.04368904447544486, 0.7427272671512826, 0.6830302229291192, 0.7890940237431082, 0.2604314810966467
0.12207000797325385, 0.9802671207478083, 0.042021774777938004, 0.9792300360749387, 0.1792980619415947, 0.07535267912897092, 0.3067597668327533, 0.8980639509983785, 0.8520915011470888, 0.33325367061566036, 0.00978665743957463, 0.9437549326948154, 0.6265857380220268, 0.046460887798586814, 0.7791400588870662, 0.7718599610597514, 0.2772526644812804, 0.8350057561756067, 0.23249969552016125, 0.12807183743532335
0.6820087186690563, 0.9797699199045133, 0.08751630447657333, 0.8756446262917749, 0.6580530548137843, 0.2721600443042307, 0.09952738290845764, 0.5765908802967504, 0.12523388249464673, 0.3352001329083858, 0.2470522836238298, 0.323405203435315, 0.36412125618340474, 0.789642873755349, 0.09588319656238875, 0.0007807230697677303, 0.9753677879733385, 0.7300439176977981, 0.7499128324429503, 0.8934839093553113
0.0935769670784451, 0.12600942807520532, 0.937892033226063, 0.7308246959069321, 0.05994923445918965, 0.43325508524065603, 0.17827409133486427, 0.05533811431276736, 0.9466576784482592, 0.8205274314878858, 0.49502725934261926, 0.4763920801376076, 0.996978556284998, 0.11135865940915024, 0.3628865675650933, 0.7495202878814762, 0.12419055912617127, 0.8967429545059786, 0.8329045351772316, 0.6966121841871881
0.6084286998596535, 0.7053206061570346, 0.46021150783341747, 0.5551186113660371, 0.5780333016095537, 0.14111274803988205, 0.2416851870005532, 0.7916905516792007, 0.8456472019056218, 0.5272874149905292, 0.29079081876295854, 0.6735411062767124, 0.36488485314741204, 0.4628911728603461, 0.6408251822114435, 0.03817725826104801, 0.21423926454355602, 0.9287412772377794, 0.14627036471261678, 0.49129836033211105
0.6304585372787171, 0.5839336696442716, 0.5841270129669398, 0.5503934131737354, 0.33526404651196173, 0.8281085856822429, 0.34592507871245204, 0.07081836323108692, 0.9228623786357995, 0.7884670781765047, 0.17847310063801258, 0.7017435757448968, 0.056427618352201225, 0.6597353681114686, 0.46120850224032806, 0.03629890273901748, 0.7061396024816999, 0.4908866497539571, 0.05500447491311422, 0.2873406461665884
0.3614547509876186, 0.23178350295369599, 0.13647248205958573, 0.12139021587261856, 0.9895831203896985, 0.6651942245547864, 0.23080939249088228, 0.03607896426047985, 0.011164877515133731, 0.7942301145609139, 0.8308276959753987, 0.4451172667076597, 0.5246513627624461, 0.012221200774145347, 0.02708008053733968, 0.26243579434795883, 0.8959213746549715, 0.8642895577269267, 0.7029630676041025, 0.03988654186090013
0.67326581416364, 0.7940763547191612, 0.9905509778624212, 0.9850320467554935, 0.06665706081883882, 0.7238438084537184, 0.43321686450850605, 0.6287383748766907, 0.33127671631365874, 0.32020788703059133, 0.029307611844989867, 0.43486214192463335, 0.9320048892457657, 0.1961992562828324, 0.3303953285342842, 0.5608762486587782, 0.6623630101215232, 0.9907970968738358, 0.4097275135053309, 0.9199578740462663
0.008592315520784322, 0.778960859339371, 0.642167554175714, 0.02794499434018649, 0.07773494698850303, 0.9243605880948732, 0.6543095663280167, 0.6664337831213837, 0.3523071341292051, 0.6301085981464047, 0.8618428222692129, 0.788273343492557, 0.027185999887827883, 0.4339073911534165, 0.22166761830985982, 0.33382119557747014, 0.06559995412169717, 0.8527350072665111, 0.5452872149225664, 0.9536188757086046
0.8227674554070254, 0.3539097058571188, 0.40312510827740367, 0.5700068550185086, 0.11209877918221178, 0.8035744917380429, 0.7160017716087416, 0.30857652870457, 0.5056756007095609, 0.4635712834558239, 0.9673351073636856, 0.08049448368989764, 0.4167036859588328, 0.569180878436639, 0.7688476521596759, 0.35865135699530104, 0.042934886014740936, 0.9818668119599745, 0.5289992408587314, 0.6674051085234115
0.4502149903050561, 0.2298435683972192, 0.5053824139099978, 0.8701950918684911, 0.4374891765519181, 0.12708186695454593, 0.5286486975935359, 0.08870794546585847, 0.038895882649831015, 0.17012643864004284, 0.7241996202999899, 0.8946728414281296, 0.7120741111113288, 0.017191044598914518, 0.25987637890148363, 0.7982007712111013, 0.8657129194545892, 0.7555154242333132, 0.28843042228747595, 0.7836210680622298
0.05436713379964153, 0.0007215821890050877, 0.14889935793181175, 0.8491985935021683, 0.8811946500412582, 0.9772770222374437, 0.32976668222834904, 0.42653480421080014, 0.7547077480222372, 0.39643654829356556, 0.23927868088312065, 0.9153190051092697, 0.8086759710412584, 0.24895482827109283, 0.29116965646090265, 0.9709632462135471, 0.14174954197633205, 0.15778126726486408, 0.8784942200118211, 0.3628219272638492
0.788751203715047, 0.627718799122191, 0.011753950684672887, 0.585739511664357, 0.8624613330679206, 0.8813219758470199, 0.5724519553696449, 0.8556431484669729, 0.2640048620458262, 0.17152320690835865, 0.5862631209591792, 0.40593859254605646, 0.8543181751237536, 0.8673317168106452, 0.08110054662794541, 0.5422305390465569, 0.8187081663523205, 0.9828316952296244, 0.28142972603040517, 0.9077878213998727
0.268364016619109, 0.708315586659258, 0.3238079741695381, 0.8272548099821841, 0.34978670835932246, 0.6713248999644448, 0.9174585399004522, 0.4949571449829714, 0.42206935621601926, 0.9924156681135283, 0.37215264130517645, 0.1221518638264345, 0.4104995067531144, 0.3756198710785428, 0.29883383259190066, 0.1057463600657842, 0.4262751016657099, 0.49607294367777377, 0.14913526092037854, 0.8538796010054459
0.778368764898781, 0.1814854048739004, 0.42867314086826913, 0.5239365451883772, 0.3472388176501453, 0.9988263989347014, 0.7472865379717105, 0.6669674035280568, 0.5510388742382156, 0.9660959254465521, 0.5560364694852512, 0.3944170228600079, 0.12250519714120667, 0.7211185217916076, 0.7101065886925082, 0.8376395534334687, 0.10912944558550397, 0.3886652654532802, 0.04795568864623412, 0.661611353513293
0.2392848786034668, 0.27723283116456787, 0.4246219222863862, 0.9300615867689658, 0.4875743937792465, 0.6194912496998107, 0.5335455716350909, 0.2612975883762665, 0.313019121073316, 0.99496071117791, 0.9829149809064306, 0.5253363787279187, 0.6312314080924326, 0.6316596690132504, 0.13542942937283564, 0.9807481701700586, 0.7861399467875085, 0.34558147584197596, 0.10461645027602218, 0.7286400666379819
0.7496494131731051, 0.48990226729750275, 0.18118898614935253, 0.12154222235878576, 0.42381911315808884, 0.6576767069344728, 0.288430709215705, 0.16199039084358768, 0.09213635116470908, 0.8968463467201204, 0.8384388617985059, 0.5339050609737755, 0.9690826649647794, 0.17389904599303785, 0.40934386437193926, 0.35088445176140937, 0.8504033849652388, 0.3944665415166839, 0.9626336796521208, 0.3817986179467031
0.6750675541177166, 0.8933922077167221, 0.7375048692720072, 0.2547864719488898, 0.7833642791586233, 0.4254682575254103, 0.5979864534608671, 0.4956549166493004, 0.9713838176588036, 0.6757180118738086, 0.2539903512870091, 0.7768290284341055, 0.3733735574354109, 0.11413204652022557, 0.6620491161122927, 0.9628879053165813, 0.843940859314463, 0.9000810872766088, 0.5492860816968185, 0.34408072127199885
0.45047196643387943, 0.8839679955970423, 0.3701687337576641, 0.15081546863776885, 0.5249541140304839, 0.18946267591969757, 0.6596415368416005, 0.9243812105597445, 0.7561228361235482, 0.6861080978323898, 0.2302185492652843, 0.6704832093702405, 0.5636207167643473, 0.10780261904586652, 0.16256872502322883, 0.6590541246627829, 0.46309814536477323, 0.2501676740686949, 0.23664718317848588, 0.29272816972100346
0.5828983285164456, 0.501199200501496, 0.09851853785036169, 0.6780945203321431, 0.11524929667982109, 0.38616367774979, 0.14061524269822057, 0.10742566880923077, 0.7398897415460115, 0.8516954686682331, 0.25425948383595354, 0.0869079902985338, 0.13343082881229462, 0.7528709407719167, 0.7711071323181687, 0.3378709140448295, 0.010998446087187363, 0.20629388584817443, 0.1581009130565838, 0.4556208503963324
0.41178606860489975, 0.6816925037364451, 0.7188448404863216, 0.3025667638310361, 0.06032749681227334, 0.7276936865734719, 0.5837256612068137, 0.943504485172846, 0.9369202782447227, 0.469389931403142, 0.43570205937432926, 0.2996632352669335, 0.5044443108568918, 0.4356563028052576, 0.321313825464591, 0.27526797148006754, 0.667614001535428, 0.10101188661084626, 0.8486306393399747, 0.7038312637331479
0.03935704858249989, 0.4292792190100013, 0.41647561562815494, 0.27147853244139697, 0.7905206460690456, 0.30569989480104387, 0.9359001252111065, 0.49439075723068127, 0.526741311394651, 0.6034009767160745, 0.5294806176356567, 0.8563009932262596, 0.6285052102170302, 0.5825345837101974, 0.19234666292132696, 0.8776383608263725, 0.4791230620553284, 0.45359371714833197, 0.5800400370178068, 0.16077818125759413
0.19497670990988625, 0.8429779289138448, 0.9274462040484789, 0.36050247304992866, 0.2275194524572829, 0.538188106165848, 0.5727340539181137, 0.39293412793621163, 0.45665325545281243, 0.4956613591486786, 0.5234897514538474, 0.9836433207565989, 0.16793682860280135, 0.5270424301956367, 0.595628711341867, 0.39249731511900177, 0.5655034605234894, 0.079399620524637, 0.5132556963761262, 0.09232977515261076
0.4492469122167987, 0.4273588976763828, 0.5134470594779245, 0.12988902288187576, 0.3549438054372037, 0.6970654091733443, 0.07841583576612687, 0.6664325117545882, 0.42554190515179535, 0.4341069815320252, 0.40937932141876865, 0.25631656102505695, 0.23577459276122614, 0.49622241308093684, 0.2644856709712159, 0.3272113984464904, 0.958232378519744, 0.2471009468878782, 0.10595837858310542, 0.031769332683768914
0.08292658050485247, 0.8698691217854957, 0.8121166337390574, 0.0912215021400673, 0.9810290755743648, 0.2492959186324012, 0.9308863325346943, 0.5013161492773132, 0.30346810793945156, 0.6955858668682084, 0.5292145423130501, 0.034315198480489695, 0.8766936013285647, 0.5972700301230474, 0.08754467217835449, 0.06771891111011752, 0.4593260628021857, 0.19629025977183912, 0.5382044413263413, 0.08599844550322477
0.12104373727770912, 0.4747449912494479, 0.45633374924524506, 0.5375137820104732, 0.28137674841749627, 0.4583859996090225, 0.5045073519359112, 0.1516649772004005, 0.34675969819161323, 0.0699128483885949, 0.7005048443016384, 0.9469290528497641, 0.14632685151166613, 0.8831072633064685, 0.6017818008489049, 0.27112634117963874, 0.3656277023419139, 0.6711885425977013, 0.09710312051531689, 0.8144406369868095
0.6713833260057788, 0.6218749285148947, 0.9770945296276432, 0.7489261357490221, 0.3177965355452007, 0.6881686477160932, 0.48273846304438217, 0.16928315074284328, 0.7394460254744256, 0.6986485552101906, 0.9270058752629189, 0.4506448434288318, 0.789693744009116, 0.15942771419450186, 0.20642227256091727, 0.6646834844155872, 0.11860512558740599, 0.31313139051681327, 0.09881937612118263, 0.5266629378245984
0.3871607680531458, 0.6952320595284367, 0.8872226857450537, 0.6997409023961694, 0.5085053695967205, 0.38883200985133515, 0.37484177299225574, 0.102337388564825, 0.8773403408012893, 0.8103670581177588, 0.04187965541184324, 0.10442331291131457, 0.7184178846677463, 0.09243729208231088, 0.019432504557183816, 0.24072674528084825, 0.31609843386975056, 0.6520100226644566, 0.5960498494320585, 0.09313553700899224
0.12640896155304815, 0.3028000708763219, 0.7520756818945968, 0.7857975223720078, 0.5679864117485398, 0.8588833922635237, 0.9844388340332486, 0.9615384035552047, 0.8245403946287483, 0.5834420326992, 0.9005315203104288, 0.599006424428779, 0.7243442199823207, 0.3119943938160801, 0.1808194670442227, 0.9666575323364033, 0.8875895735494324, 0.34937328364164955, 0.19932826872827536, 0.5694163753536219
0.9065485768903296, 0.7679608422241843, 0.8508383549190653, 0.5581013125543915, 0.3165641370658354, 0.917696072267246, 0.7768592661172854, 0.20896803687223875, 0.8810479520055678, 0.07936224087777799, 0.12553917942935178, 0.04102860346769177, 0.2928090815157901, 0.8534290117311771, 0.4191509651084896, 0.17132014174440446, 0.11172338095613243, 0.5666809661730065, 0.9632074372392572, 0.49959793806754405
0.36408276560041497, 0.8144479019792729, 0.8672504164174402, 0.5257313203550652, 0.02521173876491578, 0.8736911658145495, 0.18641681654805375, 0.7316238264841612, 0.6239761434598571, 0.1276596352975694, 0.49493164801395295, 0.9463899526186154, 0.8152996486820393, 0.9755841101824368, 0.4999496903648276, 0.6678471870004671, 0.4460493497310012, 0.5700731328855687, 0.7340697500411297, 0.6447716577820135
0.3154637363528733, 0.22805774216588015, 0.29335543771080685, 0.1372958705162558, 0.6383027345904202, 0.5549728402933701, 0.0029856161423582606, 0.8426892832446969, 0.3572388152113072, 0.368488500059005, 0.1955192321997472, 0.6016978778878812, 0.7445372629471478, 0.6270694853285094, 0.4988800178191626, 0.32348576564151965, 0.02397211600161131, 0.1814174365530672, 0.6815122493198372, 0.41566450654962606
0.9959999310557833, 0.63253693993345, 0.4171687259702427, 0.810726088229342, 0.9545888140437191, 0.6296108026206239, 0.12304710872714042, 0.33670481263383323, 0.30393956631154107, 0.7840763154339829, 0.4123951537176085, 0.9335359112808586, 0.2832031302777267, 0.2501451462122739, 0.7330693202735684, 0.9654299372544033, 0.13499364100983946, 0.3926663788051652, 0.6746542881560368, 0.5554982678313505
0.47889546859070764, 0.7455829181802244, 0.48984302300850946, 0.616621884537678, 0.729855742820938, 0.7762531874398689, 0.8907615423313127, 0.1855614360565877, 0.876482720012999, 0.06222683845932364, 0.6026667817346881, 0.43025142656802207, 0.4598842177082598, 0.828778951865121, 0.7374241888656382, 0.5279629853829533, 0.8303268432376476, 0.5630204574843803, 0.11414709548423885, 0.574129391005309
0.6512187422300656, 0.21422170305535948, 0.07622442241628424, 0.668894396971783, 0.3941897445961695, 0.26541517336709675, 0.5616081482192373, 0.38429172647397547, 0.3610926357088141, 0.86806939060342, 0.021019438151284042, 0.5071816468894934, 0.9460773740818792, 0.6869075896694451, 0.9637141043914986, 0.3168062003736275, 0.5529289978775415, 0.8008940232346285, 0.5966337548002757, 0.21306783287772857
0.43296511779287516, 0.4565178922729183, 0.9499972830472566, 0.42086645496732755, 0.36703469891288565, 0.5634828745133649, 0.9873608987868269, 0.9166183038028811, 0.37568217268659476, 0.276554383872605, 0.4529244925504593, 0.6267657916013303, 0.16533384264183648, 0.7481085721273301, 0.11940974963941398, 0.8785240099749427, 0.5350336869037512, 0.21685990736043137, 0.6512554124336896, 0.541679300291191
0.9551404373182447, 0.20009870315585976, 0.4822039122993542, 0.7938558641533044, 0.07390503368559165, 0.7413685345556773, 0.9846602985492967, 0.8800381311480212, 0.48556683853223737, 0.1242403014663217, 0.7997375787953706, 0.6863754294076624, 0.8260769369849345, 0.4411674127972528, 0.4213273218374486, 0.19802009265846565, 0.8167416869764366, 0.6997709554259264, 0.24791982442069282, 0.8991355389188751
0.6352881277374074, 0.18316031809521482, 0.48581733213983125, 0.33315309330556653, 0.7557680699346675, 0.20798334978765742, 0.4332593030604719, 0.8033916550184638, 0.2548540310487454, 0.6679196052725267, 0.7985846107201147, 0.7098291220136822, 0.4382212768186019, 0.9440276970813736, 0.8526155918894112, 0.20101228015496653, 0.09063253612441535, 0.2755137201306015, 0.13161989516949368, 0.3248770491233022
0.6701689248351083, 0.24999649054519713, 0.7143472170106587, 0.34271950342185675, 0.12201839854249397, 0.5496863419925767, 0.5964913570302677, 0.4718771580307217, 0.8699777714290456, 0.6843232426348177, 0.6748781531419134, 0.756054629256456, 0.73091231701128, 0.8631092148356977, 0.9260096517896799, 0.8159456088373681, 0.6556814335451266, 0.6924663038097026, 0.35914997127438497, 0.2050651833612046
0.5610923656168453, 0.12147739021920145, 0.00936992438265205, 0.5816260024032198, 0.6068957177775919, 0.9378046094813244, 0.6291542448588221, 0.5539344460311891, 0.8400272098163668, 0.6342159336140558, 0.6281403169277817, 0.5645201025508804, 0.45338903344115955, 0.7093893867363128, 0.8622845178370426, 0.4579170354117946, 0.5202078419857092, 0.2776493775830955, 0.8427997985877917, 0.9662024078566641
0.6490445804216888, 0.17776232823738114, 0.8630538916460068, 0.5620994023444444, 0.1397436080840031, 0.0007922392619922336, 0.7768578986808944, 0.4074866236223095, 0.6391496511675042, 0.8106752787291671, 0.7553872439458471, 0.7593123384259486, 0.9619334671129542, 0.07502829425643576, 0.8610392077496348, 0.7712405811598765, 0.7280366205920987, 0.687740255928863, 0.3196903068654747, 0.5483110991897135
0.08490938096732381, 0.8022472415726623, 0.8323950933750098, 0.89436041784072, 0.1511073780307498, 0.6777609101978862, 0.6099713706678739, 0.9772790732390856, 0.9368353424778159, 0.7861659304602561, 0.26108224124553514, 0.7005609255720763, 0.07090788322554153, 0.11590274443448656, 0.5575504986555203, 0.6774697515025672, 0.3119117706458172, 0.1609535279327855, 0.5083193064325296, 0.5711745381996064
0.4159280977256711, 0.031681119081557796, 0.46642216327698016, 0.16081024372805452, 0.43992572352829107, 0.8757192241265744, 0.6457255183988814, 0.148839448522334, 0.9960209029194436, 0.6309029183964685, 0.7649831138855134, 0.16140890151533094, 0.6206059889775771, 0.07759445225129957, 0.027405350238083326, 0.4833652634241744, 0.10107644982981967, 0.9720786593783511, 0.40954555527162695, 0.8276069162279037
0.15164694265364775, 0.25381384136282326, 0.2554715881999995, 0.8430099899109803, 0.15633431396850084, 0.9434527096503486, 0.9791736284045611, 0.10300366039082853, 0.3962487496684278, 0.4627810942184153, 0.07056864494032056, 0.7758304252872494, 0.2827567882534022, 0.1817722114512733, 0.31239585561810623, 0.8850396387980768, 0.7662336888405774, 0.9364942099660101, 0.7494125645317408, 0.27437785589029373
0.32553350719989105, 0.8032573823145065, 0.46076915104993144, 0.5856686473781808, 0.8054080868967347, 0.9649962144758348, 0.5752309052987215, 0.6398238562777396, 0.4805222058474895, 0.23134122591586415, 0.9161963907032847, 0.9219239823296328, 0.05944886517877923, 0.9512549801513338, 0.02427127546214569, 0.182816376277538, 0.22944535322188941, 0.5445193021925496, 0.7526950199426827, 0.20572932452759574
0.19183097128482063, 0.34851601973741797, 0.9124789251644801, 0.7644349828318278, 0.27227791969045456, 0.4471181825174314, 0.4083428549482542, 0.0677304138520628, 0.5093516435829227, 0.06022215234147488, 0.6080159306148565, 0.14418255944440694, 0.3224586231082025, 0.09429862726380622, 0.1374784780232159, 0.011438904709135445, 0.4293353597255898, 0.7119039638753656, 0.20044545604456987, 0.5668617452190515
0.3313132895293194, 0.5415050602680862, 0.11570550930968482, 0.41646257998209835, 0.7674728386210907, 0.010166767492452045, 0.2592537413250725, 0.4017138728967182, 0.9987374827552475, 0.30230966307004614, 0.6645284089147805, 0.653961783397482, 0.2617175134695202, 0.6954154293252522, 0.3727771258999335, 0.7359813374500804, 0.04102400271775386, 0.8823251721743209, 0.052678392704796906, 0.8364817918645493
0.3401707148781985, 0.49413919398235295, 0.33536259557163484, 0.15608304339002355, 0.06008815856020999, 0.4299480649375842, 0.17199709637225546, 0.8894616240310317, 0.6486152932804982, 0.9749813244686715, 0.9273934988901034, 0.15866777877034377, 0.12610051829207491, 0.20072913096248435, 0.004967741520572888, 0.3747959806865806, 0.5108484719166012, 0.1418726125288915, 0.9477687013515144, 0.23882144989260823
0.3423422654071031, 0.7117295982242722, 0.1653409004047992, 0.5783686257961904, 0.21569098022706068, 0.11088091501902819, 0.21958013385626818, 0.8044667612630548, 0.9401462977809353, 0.20321590433064762, 0.5367195809721005, 0.2530610266836364, 0.7062054345899049, 0.8468786269919589, 0.856083485807604, 0.08188333409826198, 0.7815318749363951, 0.738846119777951, 0.20324007832096735, 0.30412542704801493
0.25622329177069514, 0.9436195852395578, 0.4771297794617716, 0.8882035893935585, 0.6622599249352222, 0.7513984823404992, 0.4689789862261664, 0.9528149011927667, 0.7868251268940394, 0.44389781618588253, 0.027026170911648495, 0.6338255923266785, 0.23883656931147834, 0.8377742027673962, 0.030854031643516522, 0.35186633085519103, 0.622695840781353, 0.3828761406772472, 0.7232922972080075, 0.7407378493301242
0.000379894182414,8.02552057149,353.54517211
0.000137633883582,8.12547518083,323.706111055
0.00160387942159,19.493583211,528.709724009
0.0436776677753,58.3259325735,815.40307665
0.0177909605329,138.628916415,929.56473201
1.1860937887,389.444318148,968.466273031
