$x1,$x2,$x3,$x4,$x5,$x6,$x7,>>f1,>>f2,>>f3
0.9214526847940598, 0.9970236119749963, 0.31656761576293624, 0.9223110363014958, 2.7109357642496335e-05, 0.879510026975689, 0.05704953566950821
0.577472393126099, 0.17029657438271906, 0.808629655523822, 0.845054810343764, 0.01105398769484034, 0.742322792133337, 0.17070231510172984
0.8532704329571127, 0.7474701618752124, 0.3377377992307319, 0.7098033235314671, 0.9404050699539992, 0.5170642276938392, 0.833035950128455
0.43242443041166034, 0.06791854731152958, 0.21547947737895656, 0.11681294983399093, 0.8443368797882482, 0.5642708254301005, 0.2713934413073291
0.9117627032183977, 0.06389491074424336, 0.38065592824928896, 0.5656603021076324, 0.5354218374199728, 0.7542848850247496, 0.27876710457248355
0.8114521400670852, 0.03572279212051954, 0.44215502711455223, 0.0541170600792239, 0.1643644516625009, 0.018110508432382377, 0.6766556634825134
0.41629478819376853, 0.7047645347827978, 0.7636356534391775, 0.30000446354538035, 0.7374323390140796, 0.807649164441105, 0.6892947213381402
0.7898527774231691, 0.4376618173241551, 0.17098921428961533, 0.20228636525973565, 0.9012944034620051, 0.8297778149467118, 0.43907440234329265
0.545956030908801, 0.8527307427150801, 0.886713731387703, 0.5066790664601244, 0.242933868376899, 0.8467479392282393, 0.6589428095397509
0.29784234953636934, 0.6246042340441521, 0.2125210088867745, 0.7831121989336747, 0.2062378499585935, 0.8632466771599282, 0.743734451892859
0.0550279411405461, 0.8944822967094607, 0.995657600618489, 0.30178961616063915, 0.037633825695514767, 0.41352404303647217, 0.9570611489758721
0.21061438743093086, 0.2700703974568731, 0.32357671464542315, 0.05972732376002887, 0.7165341554052475, 0.8669144792837152, 0.6007485923142374
0.11444231444883257, 0.1725017564968815, 0.15215311462545134, 0.37818526350488746, 0.11459251504569046, 0.3855266955129315, 0.6416410547344239
0.5381429194962872, 0.3004203241084995, 0.22834251759971913, 0.23690729798620647, 0.5078481504689042, 0.17265725634707618, 0.8078516397602179
0.3822100091135805, 0.5636725043005993, 0.13635087298061044, 0.7572824237079071, 0.5458022864201476, 0.13534545539133092, 0.031496823306773836
0.0017650874304538933, 0.12407823674755347, 0.40428299053462835, 0.15076900819021866, 0.09325807656633889, 0.3178166581778987, 0.16767254288258904
0.3815204664376378, 0.05284342445268031, 0.005194235532837044, 0.6673121156984518, 0.09371495920037298, 0.612264985071935, 0.9847118374745438
0.211487085270899, 0.473095486320368, 0.11944840377011956, 0.13185085726180945, 0.31863071890605266, 0.40821222541297375, 0.8797052423554806
0.13876069375411326, 0.9604154471151906, 0.7070984526662538, 0.8040070933816995, 0.9362606709164613, 0.27181653662672967, 0.046333142298245256
0.825545378949573, 0.7287259414950346, 0.7921226690936939, 0.5916825504818288, 0.8875606562065953, 0.33924979191158167, 0.046570160821050255
0.571501214187092, 0.6887429602911801, 0.14901053434684208, 0.3706114256413635, 0.6772589465499629, 0.6962006504978289, 0.04232561521164313
0.6344123377771566, 0.8740232519638045, 0.9734662126533387, 0.8197056917190333, 0.030186197061239595, 0.46047728653207365, 0.943955356210719
0.2327279837563222, 0.42452670047817487, 0.48207681357374976, 0.5677553840869413, 0.6691012591318023, 0.4431349240978275, 0.6065568311566693
0.5004005494985238, 0.3709582824649239, 0.6738263807683685, 0.8546810526423816, 0.4002879000811591, 0.4913033803776251, 0.1387664069772483
0.9348478792679284, 0.0659009198853342, 0.037260317490091954, 0.08499970584782879, 0.2703332565499319, 0.8253387007384578, 0.714607213200335
0.7759652303358883, 0.2872340503928619, 0.6039208931195119, 0.6644453866118459, 0.4237848039316192, 0.03136586577684208, 0.40480492135994994
0.600073869621715, 0.21895638161009712, 0.42821017781695936, 0.4888930957183236, 0.5698761310074911, 0.620892993646277, 0.9372484448784018
0.8694755058799684, 0.9736070020985619, 0.6232625690919997, 0.4232291991389785, 0.8007749864962058, 0.3246119967314611, 0.3888594138643038
0.2555423312076478, 0.6272339940819883, 0.23736104377042344, 0.44233021603385625, 0.15043807763020178, 0.01615735944275265, 0.19611092363051708
0.23107820248728939, 0.6871220647645107, 0.9198876799322546, 0.5452686564352733, 0.35453751680752943, 0.7184308345933481, 0.8665943971573654
0.2184257280169838, 0.19341257529202527, 0.24436762335630224, 0.24243403315896295, 0.4398329156520666, 0.4665500112657027, 0.5405783658786668
0.06725873588414666, 0.4247289902273179, 0.36074991686153957, 0.7104770809060088, 0.2724169756338236, 0.8842207526812943, 0.7069423089012465
0.4846266174893219, 0.7208932799277237, 0.29046698500067736, 0.5244973861527036, 0.848565656810277, 0.4505706714136237, 0.0947247183050024
0.9677964717173602, 0.669767015098565, 0.9019260466439449, 0.2965541364256744, 0.5377674041481632, 0.4622616048839181, 0.35448317716864663
0.2504580342320776, 0.5691333690874004, 0.3089422103042052, 0.387709410297428, 0.4041353916618582, 0.22013118007987664, 0.39070874417898127
0.9181068091681851, 0.5908778894953647, 0.007280048228166858, 0.46123340136410307, 0.004962490445992618, 0.6581651196342667, 0.18284484584468896
0.29284257319560014, 0.3908375894175973, 0.8531319697107158, 0.42150457980606737, 0.5926743572369713, 0.9123645040685672, 0.9387353698625701
0.6114903146365375, 0.3592158383923042, 0.42218397955111575, 0.010379452951755797, 0.6111466250096461, 0.9584478758144487, 0.09866183658008476
0.0021474439622911623, 0.47346421473135214, 0.8638705289151958, 0.8485349003753523, 0.5872193902407039, 0.7805103183768947, 0.6903712251358255
0.9280121407978305, 0.10413217306828582, 0.6893589988843366, 0.6451566036719273, 0.08343121111294494, 0.6461085550164778, 0.3710218993561488
0.14525939024998347, 0.7787817953046986, 0.7439116764161018, 0.6860443564494011, 0.4436333691118459, 0.5426731181325355, 0.508437640255109
0.17333943467919588, 0.12203898300629279, 0.2906646574679972, 0.9452635605245654, 0.7716562793311478, 0.07610717530583899, 0.47359057331111454
0.053340564068505736, 0.808236184343466, 0.5424126065187524, 0.012528596763777267, 0.7027523807783254, 0.027269671070275447, 0.062375195116394
0.2654971337716785, 0.1605030793317529, 0.20980280240806037, 0.3396695371565722, 0.8547435089423214, 0.3248913501387959, 0.40934969745252003
0.5627389649903752, 0.6361040359680091, 0.6431200076361621, 0.6347343787093002, 0.24976180257837122, 0.5305942215690238, 0.31479031254518364
0.404091309703028, 0.12728251316394434, 0.7693272361548065, 0.8447773880748136, 0.914330479028987, 0.31856532890042333, 0.39763599704604713
0.7806421657741832, 0.8183415084384811, 0.1429642980958259, 0.7528820854978302, 0.04947377732203706, 0.5787812853081662, 0.07481942668391672
0.5701092071850206, 0.9280446394278336, 0.5965054340747732, 0.6064066343011794, 0.15370716795060546, 0.15222033225327736, 0.3334009922669372
0.3561120763547585, 0.6085567929840401, 0.21180504324618166, 0.05366119550583559, 0.2518474987555144, 0.29702442829465703, 0.2001404799809101
0.11115879006739449, 0.5346121374457384, 0.4550394027200214, 0.19838175453016893, 0.5569319469820267, 0.7522106948937967, 0.048801222706689296
0.6371632047016569, 0.6614909115106185, 0.7057389372347823, 0.6334716077263265, 0.13368107174856225, 0.28030532231329586, 0.9340420279263661
0.600876637553433, 0.4436625328611933, 0.3875107382856656, 0.6556709127379179, 0.5899503708447754, 0.18200218419487058, 0.0746317340062701
0.6525245667390833, 0.4760201777364287, 0.5136874897478375, 0.5681742057221546, 0.40956529933187, 0.6067383148314419, 0.027513529361545053
0.4336383601314244, 0.8731568840226022, 0.8992521252828278, 0.6169348068537495, 0.5294969907314033, 0.6318522733767332, 0.051614067517249285
0.7888577716598163, 0.10280850072711778, 0.2866994321544015, 0.11549653256012737, 0.41634939303271745, 0.5073273596259251, 0.23231121205952343
0.5252224602455615, 0.45764263127247096, 0.17140738986639303, 0.48024259788412416, 0.17872598642512716, 0.12076805290956527, 0.26371656070707095
0.4698093364859678, 0.32484967200041515, 0.23967525034702641, 0.2846504888951582, 0.9907520787430577, 0.8568029344035185, 0.30809096351985243
0.7437669205896613, 0.6369040310492177, 0.6628172462329953, 0.3969587025133495, 0.7600935224907907, 0.8663037371035852, 0.09250282379532127
0.7302183059087086, 0.5931755838533327, 0.047008330118830766, 0.7077787601220537, 0.6368075212870045, 0.35948281153904205, 0.04447232002604051
0.541374830166863, 0.4457460874870296, 0.914192339609252, 0.8776379118029413, 0.8933706908796376, 0.2590334182111885, 0.8435559876955757
0.7962649894917071, 0.6777428784439832, 0.7779416702729894, 0.11023860531672991, 0.7489547510292179, 0.9725160848650766, 0.08490890033876486
0.2864516826811436, 0.43401371228858554, 0.034755023873991764, 0.7587387970914885, 0.048790770793825655, 0.39057612163124555, 0.8183613043673817
0.2579147546173618, 0.5402712289672547, 0.618916616348332, 0.13680998429782476, 0.5208676882169984, 0.7230706957818219, 0.9891688156481976
0.34505795342793, 0.9647842933519567, 0.5574869208147444, 0.5727642126984996, 0.5326994145448612, 0.6667585640380569, 0.9641857187080276
0.24308879772562708, 0.8560209792980997, 0.12985719082368652, 0.6995278468270181, 0.9177342933050504, 0.47538452877156423, 0.7893286656906034
0.368499196792326, 0.8058452809691636, 0.9312432324670635, 0.9805543785605411, 0.30955995483821264, 0.7579916572345236, 0.4762543897586987
0.6693494203001827, 0.5865129442592466, 0.8548446468813411, 0.48981932737309974, 0.9975155490175905, 0.30350006812926644, 0.6575842308188654
0.10321206969108787, 0.5580621034205779, 0.20800992891333303, 0.7154660988723185, 0.13917016205248556, 0.3321621551050059, 0.04710108990521367
0.7774928397260583, 0.5676304327674203, 0.7094219493246683, 0.5843076741268259, 0.5760632934354697, 0.19431138368698941, 0.6726885915082969
0.10025163813141869, 0.973196369229409, 0.9072534291536593, 0.8041492588665686, 0.8058834166612047, 0.5126982982144718, 0.32191571662620266
0.05666586105782956, 0.35458570948581214, 0.44532967701707227, 0.1902159562920297, 0.7209981097556935, 0.6580117655319107, 0.01619111594342848
0.9327445524805962, 0.5621892787498, 0.9962496807854757, 0.48598352770054754, 0.11965843891382566, 0.9781857433993801, 0.8615765619577985
0.9653142393269005, 0.1079346550596656, 0.15847099486920369, 0.35793002192097567, 0.18261870413105152, 0.11035491657992735, 0.5974266726133931
0.8843938862179537, 0.9368676093777017, 0.8667881055721044, 0.8998911460905005, 0.4421351436345379, 0.3432587396962101, 0.09932016019782575
0.5853691057145903, 0.47362392650345375, 0.95032084679223, 0.5200586525403347, 0.4192606234800639, 0.7541550258840773, 0.4828692433043915
0.02587331707453855, 0.28852128045966985, 0.7797407775460792, 0.7843415901067475, 0.8485232595912674, 0.7191716500913188, 0.8427668728786711
0.26802956265468303, 0.39590393529931733, 0.11369062406475716, 0.04733502748398999, 0.916137269922645, 0.6864279325669569, 0.10775394695795837
0.06367856312489739, 0.0809450143550603, 0.7155250936988012, 0.07311426746379335, 0.09444843065078146, 0.1944740293261713, 0.8707661185093997
0.012074674084038173, 0.9473073098004836, 0.9696434740063047, 0.40925582995513865, 0.12879888494865122, 0.44312554748585886, 0.6250694378563251
0.5592731486915643, 0.6610664585638274, 0.030892069393776755, 0.5104823292448132, 0.9050346346456017, 0.7768702074056006, 0.5227156303763802
0.3622002490695402, 0.023341135853552908, 0.4895890773276955, 0.28461020880195864, 0.02956450853558068, 0.5305299390696864, 0.5654440847305884
0.9941852203099223, 0.0707142953905715, 0.8397712805265574, 0.7862494916050304, 0.007859414910150964, 0.5504665815707868, 0.73974503458528
0.5199337793669311, 0.6774244154527193, 0.09098315252189138, 0.16369870370946593, 0.3998490496193142, 0.4049180391430294, 0.16218576735995316
0.38020616128583384, 0.26948445738794147, 0.23975050782784313, 0.7031916218939629, 0.12215724001390393, 0.9273807133509591, 0.34957568020784446
0.7928708390760608, 0.3321048258607271, 0.8622474625655152, 0.6256363037434745, 0.413118741827882, 0.5947797439414365, 0.61687236764972
0.1483092186607211, 0.37114719390245654, 0.5835944824428653, 0.3081027749797377, 0.35142616302109697, 0.9605321790021109, 0.5256681041270919
0.8593515960221595, 0.37650789853281375, 0.5323733869466917, 0.96496466606704, 0.6672934249034358, 0.03848608298606604, 0.38830862143878186
0.5530758728583312, 0.5069128654880771, 0.051447609740530864, 0.9837528165826389, 0.9142713866496941, 0.9966389705631092, 0.08873568986835823
0.28684206726036465, 0.03952410412989815, 0.013372706047229954, 0.71231134612538, 0.40870799821667336, 0.07063037537968575, 0.17057830187007306
0.8737854899615128, 0.07989851202227072, 0.25059482737728545, 0.4125490793408364, 0.6228157314598725, 0.9871001914698005, 0.012583746672418461
0.27085881538377243, 0.40299696453763956, 0.8630440046209814, 0.1341784986073341, 0.5425344083983897, 0.3242468046568846, 0.864542828107198
0.6447256818537281, 0.1456804614756112, 0.38508058149550617, 0.7016097268949817, 0.9191906500204367, 0.7965166322429027, 0.2756041017047891
0.08169976278267566, 0.541083305926525, 0.9325327003420567, 0.37506362069560795, 0.728726947583803, 0.3088657506644821, 0.5888786083411123
0.5696174309450522, 0.020544282024117955, 0.3748879938307108, 0.1063983026610642, 0.9517581160637182, 0.16719232688879082, 0.15184488281831077
0.15702243457528553, 0.7824122059078864, 0.9587554680430287, 0.21962909699892263, 0.5988857936918242, 0.964449508794723, 0.3928627572077641
0.7381222416815072, 0.7567936189973088, 0.891824708065281, 0.24944961424788914, 0.5719271572545516, 0.991201482716981, 0.0023444175273776846
0.46162281936885985, 0.8057107946670851, 0.9380916597214969, 0.14003445213696897, 0.37571752714955364, 0.16469749859603122, 0.9744422219625514
0.7850848885925821, 0.6097115036898287, 0.553223048605859, 0.7377687149393753, 0.9124071846763268, 0.42111259549543945, 0.9808621593181499
0.6028591982007216, 0.48040876149015976, 0.34804057356286067, 0.8803965318813266, 0.7285292737292176, 0.9376282475993946, 0.852996347405399
0.35436715232906024, 0.9692484685837105, 0.14634059776586994, 0.07259500860179735, 0.9202409707802706, 0.7287544008131562, 0.5776167707453911
0.0282539647535,49.5673021211,345.623483007
0.05047175745,47.4734308707,375.588127775
0.346468556437,126.658371198,395.38508001
