$x1,$x2,$x3,$x4,$x5,$x6,$x7,$x8,$x9,$x10,$x11,$x12,$x13,$x14,>>f1,>>f2,>>f3,>>f4,>>f5,>>f6,>>f7,>>f8,>>f9,>>f10
0.2621134477027609, 0.3972808538756436, 0.03789013536198005, 0.6119446036486869, 0.33669886144310945, 0.8505486362000334, 0.9478631133690407, 0.676522767805247, 0.4222672929951714, 0.3782576731634014, 0.9697185768818715, 0.3180935913083388, 0.5404359182500843, 0.6402987611133556
0.23075637486770673, 0.05094675524358905, 0.48081622887524045, 0.2749464886358337, 0.0787988929969119, 0.34315600984488603, 0.5890616603637177, 0.06707395646644698, 0.7054280290630842, 0.7050007415591426, 0.3564358894560168, 0.9123805216753198, 0.2895110549532004, 0.02796384109955885
0.0939755742736692, 0.9894808434708503, 0.3256290980558877, 0.03153421254197597, 0.6259627261122269, 0.553433263148649, 0.3016740150930165, 0.37968676568708515, 0.8261284969253387, 0.16508449410749726, 0.3121267426057379, 0.039805186770737966, 0.038068701309723285, 0.0029163265250919945
0.008528401157722576, 0.08417129941434986, 0.44075715177172814, 0.5141282972063869, 0.6937752898724069, 0.3795675069159806, 0.7887841738516017, 0.44851641515213736, 0.8821249381492942, 0.993942908538094, 0.9251279060023327, 0.40495241264520154, 0.6717994045792822, 0.694369290095431
0.5425012033476638, 0.6871357621435208, 0.17992747869890413, 0.383911060852117, 0.6830313366653428, 0.14121828564801864, 0.29299134635853474, 0.9492244932202982, 0.7321493993869255, 0.08493325416969422, 0.43150462223572306, 0.9908722420094452, 0.09805073141996778, 0.20890576038469388
0.6356165835775571, 0.9420124959610513, 0.012430619386761932, 0.49190393428419865, 0.19388126698241626, 0.10915401800964908, 0.7161583572823437, 0.9624323672945959, 0.6181272477890167, 0.14702585903677634, 0.5367975085609168, 0.07332652855895405, 0.8932786457915525, 0.9637345846387099
0.02408411610535255, 0.06932993718675873, 0.012495769680047952, 0.9111767798372633, 0.389399367502697, 0.5222176674880391, 0.3941341943165707, 0.44453442418917244, 0.8568758021766572, 0.1152036203608161, 0.8552310214244928, 0.44602750184954476, 0.35508397856770413, 0.2019358239456006
0.3783922570679863, 0.8232429603629049, 0.20202415507478755, 0.7605395916337012, 0.8323078955796129, 0.022111531812034402, 0.9642535609635048, 0.7516056588640573, 0.8382820965108074, 0.05346235789616549, 0.4052159785896323, 0.9712165037055687, 0.10839476568942541, 0.15695813095546596
0.7703748120846844, 0.9182317603115945, 0.4674768253356696, 0.9573271133314093, 0.2246356654817281, 0.5339256666613698, 0.1427898920736561, 0.22528526260339965, 0.6012049689302665, 0.6121513726347463, 0.6977874818442931, 0.06872270788497148, 0.6669077133946334, 0.12075416905154979
0.43076334550293627, 0.4340135901379595, 0.6439251663107451, 0.5217046937513048, 0.4538313920829584, 0.5724336216929903, 0.5383685779172436, 0.7062441791519541, 0.7163876619464259, 0.3258561223760026, 0.40176811616477115, 0.055551318296003904, 0.8782273274908348, 0.5935523719549949
0.5774270508470094, 0.9391551320191909, 0.15891493356655684, 0.9854311886514359, 0.14210370758911528, 0.60874926504123, 0.2825103700888041, 0.6318349105877238, 0.004525022125234424, 0.07578534977775664, 0.3005091359414285, 0.6323295344124641, 0.5318649247192487, 0.4816268864329235
0.9728440121700003, 0.37921112279500435, 0.40739681690084517, 0.1878145375482091, 0.3780388473744094, 0.6112661543168684, 0.06532836277349674, 0.3871769796593141, 0.31934068250951686, 0.3668173756330152, 0.1685049639367845, 0.43202172618379464, 0.619473729753991, 0.36985820432698724
0.3841269800322906, 0.9362158369406685, 0.3099373553608541, 0.11291177025970978, 0.9861501937320126, 0.41869547741987034, 0.12303666854563, 0.028683388833105394, 0.5448483673608171, 0.3989276954221921, 0.5740656280360026, 0.1688637514873227, 0.30206805367901834, 0.2593988719904581
0.5293899696813724, 0.5740448881475568, 0.7404638343718514, 0.35286261122743123, 0.21211471783666858, 0.21248375766977323, 0.24138710317934264, 0.7918422694004164, 0.09834800755045003, 0.36294331199739815, 0.30229844382452575, 0.15584378899288565, 0.7449379066631526, 0.7533802436081426
0.6651348583144341, 0.6593365891412493, 0.44692303355760044, 0.7783657460201139, 0.410428575041894, 0.521844780911605, 0.6949598722787771, 0.6552588261549106, 0.5879622366319517, 0.9207986386255576, 0.3669991771031734, 0.7577321628424464, 0.42727456481023385, 0.19726385498896104
0.5327712113907715, 0.5217670988113128, 0.24059600624620736, 0.5244673611117749, 0.5847507960151875, 0.11176002442210586, 0.31774975409961637, 0.9398305721899908, 0.8043667364786722, 0.16489977783162946, 0.7772178313567012, 0.2082259142613273, 0.03519663322167088, 0.3906315679221417
0.26187426879264486, 0.592694904440782, 0.44068176183532803, 0.629638521544131, 0.6459872511836373, 0.49338846759477695, 0.19886732526205064, 0.45681208803326234, 0.8432178381916438, 0.5083440690332737, 0.11865756948213213, 0.6063520822190305, 0.7394253846202515, 0.17445725533105028
0.16926640179853036, 0.7810879343886029, 0.4521267310651177, 0.15777953627241592, 0.20392276292988132, 0.4498861346412235, 0.020782645483894635, 0.08228620001151032, 0.9012130298129865, 0.12186188478653959, 0.1622476469025229, 0.776350711083176, 0.16832484517408863, 0.7980412472085174
0.16033194668421713, 0.7761450896893799, 0.12392514008869004, 0.14164056219560417, 0.7087737002522577, 0.6470511694156813, 0.9709125780340564, 0.7655592623114993, 0.5555618269001543, 0.7641973434929484, 0.225865115370675, 0.7315003048321751, 0.7439881870322611, 0.6644687932630652
0.6246858472524087, 0.23834808367723692, 0.5410118834535635, 0.21194869868040367, 0.8513408180378733, 0.15988549315008493, 0.8717327143076515, 0.7893747534874345, 0.8108791099543726, 0.3645106521111874, 0.35807948568208736, 0.2277367464720339, 0.8615421914091841, 0.618271326490807
0.42544386108539634, 0.4005195390334517, 0.2614812950668475, 0.9027406308649504, 0.09876568096769323, 0.931583285147872, 0.6040332507456391, 0.282238417158443, 0.5278904234454062, 0.49564245998627265, 0.712386927495947, 0.15342071455380002, 0.5101910774172497, 0.7604398817805614
0.46930104101352066, 0.9599445678532108, 0.8853666852676216, 0.8400704236576652, 0.39618177032208957, 0.13498619129187361, 0.4198263130607943, 0.9702166243823925, 0.6076059842252567, 0.5589240239297536, 0.04667371381027241, 0.5148759410927815, 0.5192385162645234, 0.31211142611683784
0.4724452961385498, 0.23989337849831105, 0.68046471365381, 0.4311420612437077, 0.9865616466609549, 0.5598211869060706, 0.3112895704680314, 0.12111586131594831, 0.6758305675497082, 0.5592481458439587, 0.7168828530745305, 0.8249622064230077, 0.9865564280247532, 0.8267819655922817
0.6029415008412773, 0.9089046271978627, 0.4353150109259447, 0.001326323695763687, 0.35693221114392115, 0.1758547616431293, 0.3754583473578703, 0.9771387207037617, 0.8272667544080613, 0.611350131910502, 0.38256658588557657, 0.08016927074693891, 0.6211426780060926, 0.9153770309649502
0.14251625990120065, 0.7046902279927035, 0.06833630209125152, 0.7711068521040211, 0.5406250855775714, 0.5084701280040648, 0.5470259560365562, 0.5926402086057646, 0.12842931733034713, 0.17212029999485245, 0.3232802182915714, 0.22239860129752442, 0.3034172107611893, 0.14388401661143857
0.5207473657548778, 0.37021116978743474, 0.7720945309288881, 0.7043478574209714, 0.4564279700409436, 0.26264356621431284, 0.3119341884928565, 0.8566105362111678, 0.7164278606944721, 0.6480717960050731, 0.5495050392191448, 0.12616038500545523, 0.888852156337292, 0.002624850946563617
0.9942286696120487, 0.12013336496357774, 0.3800901475823152, 0.6710854527502396, 0.4045782628474587, 0.5847752365579404, 0.9908355740594663, 0.31611339005830497, 0.9421235239898442, 0.3128406036666629, 0.6089769230897706, 0.36163296752530527, 0.49138205054288353, 0.4675248105018269
0.8452337837829179, 0.25294231251617105, 0.9387982623478529, 0.10506029968450037, 0.27780045457508284, 0.3031229482333351, 0.7497044309927312, 0.008030852500772623, 0.5719459309873773, 0.9974505801899487, 0.7470333808325466, 0.7498078842174517, 0.7728662450663203, 0.1873046381508061
0.5840207603453534, 0.35575667729909166, 0.7769456885998561, 0.08187069463234053, 0.1903882693651816, 0.14867467890506647, 0.592331907719433, 0.5577832585606216, 0.7440299449422689, 0.8234672487772732, 0.9067184057803326, 0.595132882584145, 0.0917331722159801, 0.4431085861723998
0.5593176163612226, 0.7292285810372571, 0.3062503182951297, 0.48374336949128893, 0.47427791308676504, 0.6820506521707884, 0.08182290354322386, 0.8210234046333265, 0.15747705353049013, 0.7291498766738785, 0.23630120186567305, 0.8665498582075868, 0.8564148688774101, 0.38163374909252
0.7003518058353132, 0.14116597331949898, 0.5311999004009825, 0.5136210867356006, 0.1032132344142761, 0.25959232863443027, 0.09113781936186649, 0.7890823878651477, 0.7879983184705155, 0.9819545123183678, 0.03445865769180978, 0.21129770500219736, 0.6482909260658423, 0.9359711918855892
0.3386068135053303, 0.3197005267081158, 0.1018845500942066, 0.2525987398178555, 0.9470759348597638, 0.6850580119511328, 0.10706058611974445, 0.30510978228495766, 0.7372301929908299, 0.6648654601012649, 0.6688689084878302, 0.41400910190032436, 0.9067325794211925, 0.388722366926192
0.31721617790332635, 0.7846710625400851, 0.7786535371851353, 0.7437101286035773, 0.6283151855232464, 0.9821800632206619, 0.2852073680382545, 0.09868536983377141, 0.8047647477180503, 0.7935081075857315, 0.8623650131226216, 0.08191883405908773, 0.7034879171134003, 0.565981570695122
0.41581789282427917, 0.8099782675913878, 0.4794467371309594, 0.7918077105566478, 0.1878905410709243, 0.5561852988578505, 0.16281320905141572, 0.29859884494204414, 0.07942723111292282, 0.29951602833804436, 0.2614390388042178, 0.14973018767274837, 0.2621417936495217, 0.5538863062733484
0.3973537246235287, 0.13910553837051365, 0.4705133596685481, 0.49189230281798857, 0.5397646544686926, 0.08324741441781025, 0.09073458871614803, 0.7056037369732328, 0.7966346704391747, 0.6864373374370162, 0.31405836531209086, 0.5237709395324538, 0.8772718992907377, 0.2779939789168475
0.754020562316141, 0.4195655588600036, 0.11223446107953028, 0.9336185046061913, 0.6634102017587626, 0.28939567164199753, 0.7128995111506752, 0.872011722834796, 0.11609827863515221, 0.6512648797612695, 0.7449969624974803, 0.638914928475779, 0.5045613795945242, 0.4708880407042143
0.9580802314986875, 0.8429308561446716, 0.021597906794646793, 0.6345765186337606, 0.9122472626871423, 0.5591702069831854, 0.7096081582930649, 0.629620834070589, 0.7725598662458821, 0.6518311177598441, 0.6457588939615024, 0.8891951608263593, 0.046177648633751844, 0.40320398103135213
0.445308943831495, 0.7037896353604418, 0.15596058821537484, 0.6100189270954121, 0.1500481612298743, 0.8534256041344174, 0.6689387848749506, 0.9353941026412529, 0.06190508484407731, 0.6706438386389061, 0.5689566755587395, 0.06905188397617801, 0.2541312794010211, 0.9911448306316981
0.7349037271667873, 0.9201281182041047, 0.8030658239350621, 0.35311419586205994, 0.34706075756246957, 0.09478707105679618, 0.8924991218990546, 0.626501914822649, 0.44975307978169676, 0.38198315134752314, 0.00418466034154541, 0.8651649749005194, 0.24575093406350357, 0.8259118596921166
0.7984769835160777, 0.714761346984204, 0.7147941008231097, 0.7382797198337798, 0.20649535391833396, 0.1961979375653975, 0.5765930698099172, 0.14330684436320096, 0.4202252737348361, 0.21777850097435936, 0.3060767364975049, 0.7229464870693877, 0.5802205423711442, 0.27911474971079586
0.7611764533136135, 0.3143715001596519, 0.6113965531581471, 0.12059819271306293, 0.6247602683768511, 0.48267947847444237, 0.5611423910778648, 0.3839053960755674, 0.3906731887195678, 0.016830917052625072, 0.35611452516709785, 0.16428490305680754, 0.2563533133046554, 0.6292843009743282
0.5350678217866929, 0.9424007494246398, 0.9055479112810243, 0.4722781526782659, 0.9017455480270726, 0.9419845513450705, 0.12905820075624852, 0.4906467036381297, 0.1539176568499636, 0.8366907411498202, 0.9764001089191827, 0.42070678619694435, 0.6148910787279585, 0.4750320664343384
0.210681277176627, 0.4241027754525398, 0.6640313811855308, 0.021940708802672293, 0.09911686188309166, 0.286873380033834, 0.016043633065587426, 0.5119475156732703, 0.057382478583199226, 0.31791641523672054, 0.32044609510547517, 0.142846249029856, 0.4415184320501586, 0.4712657491393831
0.5315678878772053, 0.8645087127353135, 0.2542758872535342, 0.40384446844195243, 0.17588814344856463, 0.7635432210346371, 0.13948073326149057, 0.6976620847022246, 0.42004320991247923, 0.31352156937525344, 0.8732871991300911, 0.04634396931916862, 0.28958267512794256, 0.2570587845736637
0.997081154800232, 0.6312250659308788, 0.41995006263806056, 0.985497428301708, 0.7667256822585965, 0.7622031845100284, 0.3953600776571583, 0.7607083305222605, 0.04076035514375209, 0.2894549265047739, 0.868212760077736, 0.13335672729145676, 0.48756301525379997, 0.1961372820301267
0.23693692840541747, 0.94795758802035, 0.3742043197728342, 0.6958955485552573, 0.747571655091367, 0.8182956588047139, 0.006334622781369537, 0.3093863858420536, 0.395204189629178, 0.6733169741339341, 0.31083375750311204, 0.3887557409630702, 0.9612362630938235, 0.4831599671102492
0.08857173594461254, 0.37876689865963864, 0.10579750427216117, 0.9241617877944655, 0.07609234365209627, 0.0952965651911446, 0.2522352945220271, 0.8590694800591975, 0.21292302084483428, 0.029729426524083058, 0.48355926996775633, 0.6464386230026384, 0.11489289238349376, 0.39910703566415706
0.5075375136730199, 0.9506372394681721, 0.8102106641888069, 0.9517472473939254, 0.8023825614471422, 0.9123858379245391, 0.8100571958075665, 0.38354958103501213, 0.44100356185073464, 0.8518094322397858, 0.6804649564947287, 0.25334060752634624, 0.9680915322698569, 0.9595692603529716
0.4946479685474727, 0.1750097226886772, 0.2350440051453776, 0.7820767604514162, 0.9484295909807255, 0.6344607276508161, 0.5540244564804915, 0.05763903802683967, 0.6064516794979365, 0.20475995789651036, 0.8863354248863207, 0.7595150367795452, 0.7676800292349174, 0.5902213173686619
0.0185877124078756, 0.05170696898744709, 0.43855373801890607, 0.888098917072416, 0.6556938674410971, 0.7071127267334976, 0.10070710520007875, 0.8544578786979248, 0.03552099656512031, 0.7266728304768542, 0.32355312093159017, 0.460660609974177, 0.8526857854292399, 0.9506497534280132
0.47494312167426855, 0.5823855370837524, 0.409542317800612, 0.5983119297203005, 0.2979602296309498, 0.3614376915463222, 0.5221683189249001, 0.8211832462647315, 0.8857795635059587, 0.7838124634598365, 0.8196952109656402, 0.43231780307242895, 0.7726336590078982, 0.8876262095975389
0.47108407699379695, 0.16514605204098665, 0.9164285943410628, 0.13354282547503327, 0.34138107850452604, 0.7231396064419446, 0.6855028358737386, 0.012975707220094335, 0.6401388527884508, 0.6488943653464949, 0.9158068523276991, 0.420837848092523, 0.37305702031790366, 0.37916867706537016
0.37670570005116133, 0.5737924063497791, 0.7137124265515382, 0.007688347831676601, 0.890105688431227, 0.4621054569109181, 0.9673997122026323, 0.4752119001205447, 0.662473391783961, 0.4477330043575557, 0.786759767210424, 0.644012554888571, 0.582976306347767, 0.3118549693357203
0.7465873043904495, 0.4745734862993404, 0.28908203923708975, 0.31048728844218043, 0.5841505191800875, 0.37310029944958867, 0.9056017387061482, 0.880138510868805, 0.5775440883241673, 0.9167073377569673, 0.6829700477005547, 0.5755493231929248, 0.8672084619858608, 0.9842187310309662
0.3561353603622388, 0.55487973563416, 0.35496538513710674, 0.5274490865488114, 0.15087177494153003, 0.3483185139768261, 0.14039472000348763, 0.4606931743483773, 0.4924762141732473, 0.06856653652106459, 0.3566294420326821, 0.38229650736098086, 0.21951095491799877, 0.043114849065327476
0.4961311488151855, 0.5184331465558867, 0.07189112571104905, 0.2329911241544701, 0.5486391835888339, 0.850208131212173, 0.17827525985659654, 0.8165599736082599, 0.444449204108638, 0.1194683364493152, 0.04169797348977178, 0.8954216911366165, 0.2505407585865015, 0.2421738857489486
0.16329449799751738, 0.608655334289826, 0.5872208012142075, 0.6271132316907504, 0.21099571939459294, 0.40885154961354564, 0.21491660197232876, 0.460867224738027, 0.20257757188624947, 0.8366789169751213, 0.2983077657697054, 0.04849113110930292, 0.6330580719013136, 0.3502054432650721
0.11378747949779544, 0.34056221019063593, 0.3685414553316487, 0.9987873786060373, 0.3447870673162706, 0.10013227414184556, 0.30625540495514714, 0.657300578225851, 0.24071069018982238, 0.4249493457831798, 0.42282172696730524, 0.1479435075267408, 0.6989065222487246, 0.6956816045225198
0.7037934852527861, 0.4703481008509889, 0.03151418182428767, 0.48368276987934067, 0.051847704684080176, 0.44767500892955847, 0.0647935359200581, 0.26110359931409266, 0.8580501333122162, 0.8011534127503831, 0.5345346767488377, 0.21087932086816397, 0.4385459208491207, 0.793595259636296
0.8184763992351377, 0.2593902653616429, 0.3964849079852143, 0.9773512041095734, 0.4886126482158957, 0.6702523634197836, 0.09720458819386457, 0.1837676285451445, 0.8768487622491983, 0.3330496779351555, 0.7800584532388605, 0.7113012364144735, 0.566063615184645, 0.8822435420399466
0.10012568870508087, 0.391413499182501, 0.35513675297177705, 0.7836953617503584, 0.5191453928098048, 0.7315412477192256, 0.5685473305387725, 0.40718461026693387, 0.5981605508754841, 0.5299424238908402, 0.043777696046182646, 0.8586609882821259, 0.362905189314633, 0.4680098048634286
0.8143384212672927, 0.6796815567774713, 0.8128893414361129, 0.34214307240146435, 0.07588303246967831, 0.3429219614969863, 0.945753478024684, 0.24250366009837077, 0.8102890361756714, 0.06842183497165066, 0.7218514219202334, 0.10501935627953385, 0.12878867492413748, 0.5995480627866672
0.9299376723037278, 0.695930292734461, 0.9236294333180506, 0.06869707941069925, 0.3034009571901717, 0.7707543158789779, 0.637433550974866, 0.8161025166870123, 0.6176897049233736, 0.42004932345704793, 0.7269593858531096, 0.08231457655371999, 0.24536254382127531, 0.12992840395952854
0.52623672692625, 0.9501291447942807, 0.5738645928349024, 0.32273961939161533, 0.269046101711758, 0.0014955558565612481, 0.029692785208423, 0.12683940592000398, 0.9868171941548303, 0.687737996884381, 0.1684011651209426, 0.0438731984645685, 0.23637417850956166, 0.9546177280128104
0.4428091935155105, 0.36037990530168307, 0.9217665705017928, 0.7232751597951435, 0.022534158679672567, 0.22808923517479096, 0.6014632871603163, 0.698607465660696, 0.10745108053548358, 0.06944610293062048, 0.6289073404971003, 0.16859426708330816, 0.14780008847861104, 0.4105135974978025
0.7313184114628504, 0.8195121716261952, 0.003117057183451233, 0.632211816857611, 0.0189332844918636, 0.7375717249332644, 0.9175941427622254, 0.06402170754115077, 0.5422280932561405, 0.471133990438073, 0.41746262349953756, 0.6502388486731753, 0.9314985417099165, 0.08759450999369434
0.9976334621509878, 0.8392428578624103, 0.43827988872443835, 0.4536503097282496, 0.4888419462510959, 0.7353105799611627, 0.6637270966677945, 0.2539908342343894, 0.8166377457544208, 0.6842422076210571, 0.2076830798246161, 0.5170624930035785, 0.6865305549315822, 0.5997002971580683
0.35018829387525696, 0.30730384589725646, 0.12462951408727307, 0.6592365727834173, 0.5809334640900172, 0.01697699341582415, 0.11320764464798605, 0.08471319022986834, 0.2867540054098877, 0.29121447958402624, 0.010609975551484574, 0.9551028470050884, 0.21901534924334765, 0.593605328144677
0.7626728094810784, 0.5205033836900115, 0.6749878751670862, 0.9337631554288377, 0.46847971354077156, 0.5184679523177883, 0.36668144307878603, 0.9768616330846327, 0.839657692197695, 0.43485196023286365, 0.45645873585562025, 0.6590479232972704, 0.45941887178195473, 0.10018945958586623
0.8501408074512682, 0.43856010027333814, 0.2752365252458481, 0.24422267319736157, 0.2708774973558715, 0.6961404446658521, 0.41219974935770387, 0.8384630235565906, 0.24330924271914622, 0.5857807567298893, 0.5719585071909519, 0.5880223648711878, 0.9889780134689388, 0.7696348083420513
0.29749291985017723, 0.14505116617765412, 0.16231449641374707, 0.941377390821732, 0.9354417051542575, 0.13364405460162487, 0.4335064084143866, 0.06934322038194396, 0.33282379340606183, 0.8286662357358472, 0.5906313958033418, 0.10227812291667826, 0.15498926446588124, 0.36953036310482834
0.6862257920016043, 0.7753788292953913, 0.8625099833454581, 0.09175967473916713, 0.2734009077924012, 0.5357361849234269, 0.6619233617296617, 0.4334052485874217, 0.35011944306082565, 0.2914959701085015, 0.0885076306586079, 0.19342928624700473, 0.5200239091748639, 0.7479317497095366
0.5106333815007913, 0.381049159022086, 0.11289834420744693, 0.8017258058548002, 0.1046027810604011, 0.7723407897352041, 0.07447916355359763, 0.9493284425139983, 0.8265750795260571, 0.5575985851546406, 0.25221837708709893, 0.47406032955321886, 0.8898503185882336, 0.8926940795708725
0.7433612408171195, 0.10871614717985212, 0.4150611145388178, 0.113633568868028, 0.34411192920276423, 0.8243619156980401, 0.7665083944587383, 0.6153911874751694, 0.3079975912987759, 0.9304142175025033, 0.6343183001831513, 0.23881802374451422, 0.032132910144841986, 0.3350238067715635
0.7213657325272809, 0.2518992710811555, 0.7381823864899237, 0.381831054481262, 0.12917639377646217, 0.24850651821187908, 0.865859732685952, 0.9880409868523646, 0.8288028256929442, 0.4235823128669609, 0.9107955279690848, 0.20747781230843443, 0.11402835911020959, 0.6117054778667435
0.6631257256391132, 0.15699533746602068, 0.5979386954786734, 0.053597378953307295, 0.7034605463469324, 0.08429443136649584, 0.46656742863833023, 0.21447085963966495, 0.6528908755622681, 0.7496623796227608, 0.34310424123315875, 0.2832029523459816, 0.7763385926444399, 0.32748922745857234
0.7418054883646242, 0.23704857239407695, 0.6048285619065604, 0.9236085494094808, 0.4438527781843846, 0.04830314592502305, 0.6373330878242401, 0.5749002270126448, 0.42531053817093856, 0.9531768297576222, 0.08827425290358282, 0.0879396769935088, 0.2891803782615566, 0.8583898733061002
0.5325431124242939, 0.90984584041577, 0.006921916793910743, 0.39773483909356777, 0.20868097398283092, 0.2859510522369574, 0.7277075958437255, 0.6012836103653199, 0.09461019454878061, 0.4758385348322133, 0.580157284587697, 0.9177394387891751, 0.5811839678404419, 0.8632091776339315
0.9239428610239929, 0.1498468780599822, 0.61813706320136, 0.810356178899061, 0.8536457394397168, 0.3370727714924797, 0.6089033123256891, 0.09144372262734446, 0.79576331851882, 0.9688641627071553, 0.901778797273508, 0.041550720547903874, 0.002248815721501818, 0.10985858609087362
0.9025180559431298, 0.008817200382920776, 0.7955672783407782, 0.9606998632304087, 0.8866199979501209, 0.826944515442525, 0.22709575700168683, 0.538056772740406, 0.2954290294471088, 0.8945293152010931, 0.6120647000486176, 0.7883339652174894, 0.7680805788418544, 0.9355937523706344
0.950809272710308, 0.06392216232021974, 0.31575667683700015, 0.028845682093764813, 0.0006406801647018678, 0.04668372336477178, 0.08611525807937681, 0.7800795047102547, 0.2558444270778797, 0.1909609238452944, 0.9867600330490747, 0.7575046794295515, 0.5695066331071382, 0.9671093440994265
0.7294525016055254, 0.7314950050854127, 0.1719191729861279, 0.9083163935344917, 0.4834089115140957, 0.8070513670012173, 0.38302358266859415, 0.552059945451674, 0.13516003828779366, 0.012890409551586934, 0.8015420475726124, 0.6397456776396151, 0.5654996460693912, 0.6273081721489938
0.6576605713649588, 0.47054453847045785, 0.409275100449332, 0.732168228579698, 0.7631569680489598, 0.9997040535469629, 0.8178463704923533, 0.7505415891320341, 0.3116317354608906, 0.9814628225206133, 0.15946476380434393, 0.524090429892757, 0.852211484555707, 0.4432651828872284
0.02845448339016654, 0.9488623809674472, 0.06507077304778375, 0.9496658703012782, 0.14576205685418486, 0.32227514256315803, 0.054755106287940114, 0.8458209431979296, 0.76293364911346, 0.5902812047835763, 0.4946502676442597, 0.20674306654878816, 0.13291343458168792, 0.17597451035702227
0.9302695269913108, 0.9098234231665088, 0.4630881579399204, 0.12869197183907266, 0.2652756975214179, 0.27427919925974653, 0.07789535233255418, 0.5512694936639208, 0.09923245200370368, 0.02267857871272949, 0.19791530090871112, 0.9414035655614439, 0.6540928161479282, 0.9352691741324516
0.2781801851340253, 0.8505557326452609, 0.8448289028750623, 0.600755600444614, 0.2868160566042035, 0.5813534809292926, 0.5473322030047381, 0.11335278815550531, 0.9389741241692746, 0.4556054643234172, 0.5106208117460914, 0.3391024292613857, 0.9870880536977027, 0.49922190349190865
0.9067491100668286, 0.11078808444285448, 0.7656268808915857, 0.5423090119418579, 0.46235384204343977, 0.6508443007702681, 0.5656724404941199, 0.6037340277674476, 0.9296131489721657, 0.301452101422109, 0.903437085601156, 0.2262957884877831, 0.08419348565832663, 0.2941115174774632
0.3482030684626928, 0.9832984900408668, 0.9109126817882076, 0.054369869993293185, 0.023532553513935683, 0.9812314188516419, 0.4038767788076829, 0.7553067161085897, 0.44475107770184363, 0.20961659554975542, 0.757241369876875, 0.28508990962638425, 0.8126633235072361, 0.24923573578300284
0.13861689616668005, 0.8333693955027923, 0.47207140163391426, 0.4392205519014033, 0.3440237244256681, 0.2867772762248749, 0.027888930794972233, 0.34802705736711437, 0.24504009758490086, 0.5859999406570547, 0.5677470694749117, 0.3681881400959466, 0.8113347930052336, 0.6248072410385724
0.11802503566041456, 0.17079284212086465, 0.9208448808202679, 0.5720435363910198, 0.6123822649936973, 0.8281471908047467, 0.3453264611097375, 0.47125799395322177, 0.14936870268113722, 0.5853285514724195, 0.648129438193446, 0.8143682053084572, 0.1798651323320205, 0.3955892143577071
0.9938802930429507, 0.8757361093222839, 0.4156789030732231, 0.3753766524126704, 0.16646858196899694, 0.5562840475159565, 0.5609250830175805, 0.15648694358329018, 0.20244411672390672, 0.6162386179100048, 0.051881563293810995, 0.12253085498334637, 0.17296082578686267, 0.06732639160041776
0.2344266219864759, 0.12581857684429265, 0.15348601010013585, 0.42771695611523897, 0.2658809663079955, 0.23122165664269267, 0.18780362646915083, 0.5140505811912389, 0.8542715562246643, 0.9392585000310291, 0.5312665937903218, 0.504507065260583, 0.19741391621897975, 0.6936067315744967
0.6183894785437574, 0.947834816026209, 0.3856623910911102, 0.22892651485000637, 0.8510817478489436, 0.09576520455969251, 0.2761876426943227, 0.9995420839066491, 0.3226483925751199, 0.9643468164512102, 0.04377415749316094, 0.643181869750518, 0.9313376275790487, 0.8207191113200208
0.48920389022971733, 0.4829545805419896, 0.542555737747019, 0.0973041611630372, 0.19137524706670883, 0.46902871086851594, 0.7624930176390965, 0.8887088379574702, 0.47696139787046377, 0.4905004722750056, 0.4227615091243295, 0.5009655838222227, 0.7155941810141251, 0.1978911091624782
0.032042129281161014, 0.940606638490258, 0.5391969674081873, 0.8615279990404623, 0.9590886186000531, 0.7323007459095174, 0.9967878508610635, 0.40711684702580897, 0.3441998053201608, 0.538481765568149, 0.1476817607212242, 0.8332349495686586, 0.8357302570304966, 0.14484219871005521
0.9723966268515838, 0.2759999706249756, 0.6300033669130775, 0.522199280621371, 0.8806266462132376, 0.4165456531331032, 0.4178428686528738, 0.792372614199572, 0.9149800043235274, 0.2668292038530683, 0.6827123849093284, 0.6178992622200883, 0.5758012459912207, 0.9437648269936753
0.5817757140096877, 0.7695111066622846, 0.10622922790570632, 0.3940404644225539, 0.6248374531593192, 0.37589652329998524, 0.6941233819110303, 0.32560410803460005, 0.6844456831848227, 0.5243407046184186, 0.22175984373940316, 0.665509175059511, 0.2358658444041235, 0.8938810840995645
0.014986181863185233, 0.5347723879640323, 0.8136119145831332, 0.44875434674762893, 0.772077029453148, 0.8542047161837931, 0.09223111450481547, 0.911053948103744, 0.7876059713841644, 0.7686067579618265, 0.20236099266470553, 0.39050250722060353, 0.5344252496633576, 0.39290746601188953
0.21986180682971956, 0.418419053038828, 0.925048873886944, 0.7467824965067479, 0.4174539910045545, 0.3948261794672392, 0.3455839158896449, 0.4422318604818608, 0.9839345296799227, 0.2602438143008422, 0.2779156741096599, 0.14862723939054256, 0.23146464413656898, 0.9140777336980551
0.8344566561716328, 0.5384319049767241, 0.07464949441352253, 0.12247850812553751, 0.3716176055743238, 0.6212460296603691, 0.7634378506011877, 0.5860423683149958, 0.6334557218625761, 0.2585506456453307, 0.5461730640566458, 0.18190453475023916, 0.3561219544384687, 0.1107084575343863
5.00464061141e-07,0.0438599099321,17.4904094005
7.71687214162e-07,0.0450279577064,17.4479962043
3.15863752122e-07,0.123809556493,31.1357642161
5.13127917236e-06,0.275143228596,118.58983874
2.09479551817e-05,0.884802412289,75.7140752422
1.46033361486e-05,2.83723076008,146.713662209
1.50155326094e-05,7.09122104262,170.101256721
0.00138628812572,19.5326760489,306.336987682
0.004574392268,51.7215539402,321.593382562
0.701106294069,119.254541672,393.568358678
