$x1,$x2,$x3,$x4,$x5,$x6,$x7,$x8,$x9,$x10,$x11,$x12,$x13,$x14,$x15,$x16,$x17,$x18,$x19,>>f1,>>f2,>>f3,>>f4,>>f5,>>f6,>>f7,>>f8,>>f9,>>f10,>>f11,>>f12,>>f13,>>f14,>>f15
0.34040525751816086, 0.9248809882805359, 0.5827715772233141, 0.9894091792043267, 0.32283918026404046, 0.6136813172607802, 0.04958994603413269, 0.8817532743375344, 0.8014724172275388, 0.9657027237791682, 0.422328509804328, 0.5744161777407738, 0.2677038747267012, 0.789580843616734, 0.35515551753750174, 0.428580219724115, 0.8806434953074452, 0.4252571827427015, 0.047460975617662826
0.9269198202980352, 0.10641682136515218, 0.9532618169830119, 0.058032427498534433, 0.6721870832415601, 0.6849022993629538, 0.4340911213742725, 0.5747817733294738, 0.256505893774832, 0.3908949515498117, 0.9035753358036688, 0.755100675609243, 0.32639823197375073, 0.5066521962913476, 0.3531188396509126, 0.8422600622458309, 0.14844792836950904, 0.40566424283064795, 0.8087053859688381
0.7590621736189119, 0.03279733316833522, 0.595535200666016, 0.39915345735973373, 0.5616949175778105, 0.6628863688221355, 0.31836911774033216, 0.26138756326683954, 0.16368015377809064, 0.29308934053570146, 0.7408954261059026, 0.4286192401245883, 0.9864565394170075, 0.9401931371901924, 0.3655631542210185, 0.21227621849477907, 0.49745098918311137, 0.6071795596150963, 0.9161423892100864
0.5660186914047906, 0.4191968902979838, 0.8196608084602185, 0.9818962354015832, 0.1663148154462888, 0.7111220833055294, 0.906727044985901, 0.15091433409876343, 0.4859463792477271, 0.8377014028386802, 0.4427713713762599, 0.7772122501059189, 0.9531788784702071, 0.14396428755121593, 0.6422303442343623, 0.5425875953693929, 0.8231637451268624, 0.024773362023782775, 0.3236066675406415
0.29957295299615827, 0.2146522441167963, 0.023318074008491396, 0.8904100987344012, 0.5141312920552688, 0.37596057093260504, 0.14665031775523862, 0.8213791069187804, 0.3644262383311553, 0.4150113016813758, 0.1164086279692994, 0.8038100672655383, 0.21081932479690935, 0.5970166127695649, 0.8790534230077889, 0.13641336581310648, 0.7941056761925549, 0.4072263499781912, 0.6558737056139753
0.4374353094590082, 0.14908268589510898, 0.15700195113895243, 0.13193829962342385, 0.08371379764035103, 0.5005310596401005, 0.6122205054620858, 0.7875673356353063, 0.7503577790218061, 0.0008746959343102212, 0.2902040167502107, 0.9039082016661601, 0.4620560172587964, 0.3106011995525677, 0.5088776344497244, 0.33093348382004717, 0.3955825388278098, 0.44283479579800666, 0.7654463816668503
0.5309941181075066, 0.7728783688500351, 0.6341946314341111, 0.10775267466381744, 0.46656829306433556, 0.7707505184721282, 0.5758220808000751, 0.9568643916117321, 0.2756101969986917, 0.6087292705967184, 0.0471259859942218, 0.5878332402901287, 0.22883570209800486, 0.9971341947967909, 0.26937174498502725, 0.4152276539250215, 0.4501272682945847, 0.9574732742993756, 0.4072959553937985
0.07646777802406834, 0.60318288661941, 0.0436834949790561, 0.6450069505015437, 0.0957647631315347, 0.7860495445359658, 0.6760062413086844, 0.1758681386189791, 0.28061447697891106, 0.22931472799819952, 0.6340241795014573, 0.37827832151593643, 0.836848798246571, 0.556490803345803, 0.8094716660437384, 0.1325492933689173, 0.14937465422936957, 0.9174662115512027, 0.19263731801130668
0.9670219137600261, 0.9297441177948352, 0.9822835344446815, 0.9192571520847619, 0.3103313151160887, 0.8767014166530066, 0.8332719911026679, 0.9597404656064328, 0.6402384899623287, 0.6298605298637006, 0.7482695987917656, 0.45763273655091785, 0.4095203532407947, 0.39745060547549727, 0.4534552111088107, 0.41446242523134347, 0.9524420977311977, 0.3249852941783139, 0.06709487822168447
0.7229472857892123, 0.17950126349564555, 0.19155943290406652, 0.09701232033060125, 0.5179995873142923, 0.9569920702004889, 0.4789182426901438, 0.38508127241710577, 0.9190291586519241, 0.5257984938170983, 0.978256094131163, 0.7195583147147637, 0.5493040136257129, 0.8545210503891361, 0.0695443123255649, 0.9698713966105235, 0.24702091272408055, 0.28275006540723324, 0.2713478957997846
0.7781981003448021, 0.4093697590020283, 0.9902650244778142, 0.8976053379263316, 0.3888452983466325, 0.7539841367631784, 0.4743180559977741, 0.8695755543313022, 0.7486251859029485, 0.43249512189649875, 0.024369722853121667, 0.7573458150129543, 0.7510217895034051, 0.0318567540610859, 0.7093162190858607, 0.3986898001257895, 0.9846845856798885, 0.8287664457380447, 0.11113070767386846
0.29780948277448605, 0.034255851941630056, 0.31332727400755467, 0.8143081397821976, 0.9983005858524056, 0.8209252363847592, 0.19235699343849055, 0.17557806241073093, 0.8883707598536876, 0.5829821868958126, 0.010110212617738368, 0.14719143351114883, 0.5176648677656631, 0.8506855904714017, 0.58733390476907, 0.8105417006711603, 0.4164038606807168, 0.31361698938666827, 0.7271183896416307
0.8525465155825119, 0.4933168174083976, 0.46090434435890626, 0.6763391702758794, 0.8817070182528872, 0.1017522866783106, 0.6573160441017696, 0.30797325247741325, 0.12147759546806935, 0.1413867116708506, 0.3099837815004318, 0.5057129221522976, 0.8900867214354197, 0.6293394491889802, 0.72023180185193, 0.6053794507615097, 0.5669251621403827, 0.4911650812533801, 0.7473452729453227
0.2124256100576244, 0.0003200731236456811, 0.3923714193128601, 0.029983413767341482, 0.18674951434464837, 0.6785895935320779, 0.25067021723899674, 0.1305660818555482, 0.08660864828716053, 0.3627508709874554, 0.7444243674165383, 0.4852952019200989, 0.3225519885648951, 0.5714276648352212, 0.27186761424128825, 0.9295568995963255, 0.3875716011464152, 0.376481903387076, 0.4431077707118418
0.68546985008602, 0.30156268386135887, 0.5041464259962048, 0.4948130437177206, 0.5758333950753061, 0.9043264517025453, 0.7710470058705029, 0.5390423002194237, 0.09412142723731298, 0.919199223308302, 0.17676692321386012, 0.6966347525223725, 0.6815229886259563, 0.15293499938107158, 0.4662793626933631, 0.9618623234264516, 0.45241366985271403, 0.6537869453202919, 0.7486923561102307
0.1476663685603804, 0.5972675639411181, 0.8317426095091867, 0.12391215086669505, 0.5693735122376485, 0.7024271176555216, 0.01083070487671911, 0.606781828816353, 0.9180201076574793, 0.08425024701387251, 0.7966023050449046, 0.6039595504558309, 0.004536518653596389, 0.013565726031551373, 0.7065569620858735, 0.2466773569565177, 0.075938889508815, 0.8625188017778493, 0.08448504639722398
0.6157518010242841, 0.6462576568941829, 0.3023172553672273, 0.8179907848179124, 0.9319702258095923, 0.7400728708052118, 0.8507267411899874, 0.5848647591294432, 0.8416353528845149, 0.4296364856973204, 0.29836680656589176, 0.4227182629315125, 0.7702041168583453, 0.2523180792379257, 0.5964076590087806, 0.7993044262886922, 0.05072095744369476, 0.8379558915910773, 0.05032408590087256
0.7843171193731063, 0.8886248132741829, 0.6590404882905282, 0.6442252963676895, 0.44571887445601654, 0.22734502741736706, 0.2164218831309831, 0.025670760245552038, 0.6206230616857974, 0.23351656721822878, 0.8270478239530118, 0.1421071448322202, 0.012055687455988728, 0.6313346981385738, 0.5172440431887614, 0.44319272936042986, 0.4650672109123417, 0.0876603354165163, 0.38584232812420605
0.5242040330408374, 0.8582938852876596, 0.08957830980352854, 0.8462835285448586, 0.47499357103302786, 0.8680296569601027, 0.987227763319688, 0.9469992076614202, 0.11515318916380746, 0.213474356887853, 0.37499866744703236, 0.4541115134487006, 0.2665277409646868, 0.15031957452617095, 0.7851334594038668, 0.4037588641925868, 0.14814691046688178, 0.9321277084143362, 0.6489900371416812
0.7590230143850263, 0.8963731221869209, 0.4613495953778305, 0.6495447241053164, 0.006472876554745377, 0.12618985113260184, 0.8140179215401, 0.8332439305330521, 0.7467230644089345, 0.3445345993942446, 0.11375853864730467, 0.8580167899053049, 0.7220122268280776, 0.14103297132146786, 0.5404390940176459, 0.45036164932806244, 0.8231628700470094, 0.3865294890038157, 0.5505303684767964
0.515076146683189, 0.47877415049040706, 0.7205416130772745, 0.20149368071462526, 0.8751643969871951, 0.18592429631914897, 0.14630111207162877, 0.8071681666686569, 0.11340626840933521, 0.10615019631782163, 0.8543920260798892, 0.5428637921037585, 0.20161504113610063, 0.7066951667365917, 0.7675413906467005, 0.10925466257638072, 0.6140370351755009, 0.35389701255356243, 0.169817032043593
0.9943368136887946, 0.8919529156481956, 0.533695468497851, 0.4262510962389967, 0.9261382920342444, 0.6019426723544117, 0.03699187298478057, 0.5898613107648183, 0.09279130895324983, 0.3746004105517111, 0.9443144336213297, 0.640607111849698, 0.39236434989809055, 0.24747622747462916, 0.3673210763061576, 0.8490166585487657, 0.8889970046922665, 0.7658728767664889, 0.9453633415718398
0.8502084210150144, 0.7781285922246162, 0.5916332431510706, 0.051590595044541776, 0.984604996746725, 0.7607853345787962, 0.594759827246688, 0.284285138336811, 0.6210008526326402, 0.5893445545666061, 0.47853305907496446, 0.13838702954667448, 0.9686238098796354, 0.8435930197647264, 0.3047095882070622, 0.5395937283076142, 0.3103095486705545, 0.43370200453811025, 0.8338328751216518
0.39069985738520496, 0.6241087036185162, 0.23283022109104456, 0.22975209035412525, 0.2570379567954031, 0.13673214955380864, 0.1928929063296969, 0.057267117381724075, 0.7837988380469828, 0.05554474476939808, 0.6128329747025137, 0.12422845728033016, 0.48793237395462197, 0.20338169052777355, 0.07296066893899, 0.14433674990690615, 0.7913652722548873, 0.9912891187018338, 0.6635740983092696
0.23144707559457167, 0.30194726755858103, 0.8223313777278304, 0.45715658845624774, 0.8223926051638119, 0.8426481920859535, 0.8748070356326398, 0.5796003781825672, 0.8274275681861402, 0.5819148747266416, 0.606109673977252, 0.975634156477331, 0.06721366705175036, 0.07987365667550517, 0.567592873249814, 0.2299421405555252, 0.31098918439640166, 0.2797350298362663, 0.439066621475122
0.3381590487995193, 0.8006877856723607, 0.5464111850290893, 0.2791352987473389, 0.16037486535655532, 0.16717667949791393, 0.8621076553338711, 0.5951527616729997, 0.03431129804463573, 0.6495740839003645, 0.987461928419412, 0.9619596697174714, 0.42781245272049084, 0.11415833522472218, 0.08174469445440724, 0.685616341065577, 0.8726463284189802, 0.17486454654127215, 0.14978406297379998
0.296142938316989, 0.411564493430825, 0.03432868284774304, 0.09345886408882886, 0.45112427874184735, 0.23357487392002463, 0.5286990918486544, 0.71464116759934, 0.7943580222841697, 0.6216398533704267, 0.9143903719638278, 0.255442714225505, 0.5116581952491499, 0.8269724513557039, 0.4952207871572063, 0.01884414173765836, 0.9749439459691988, 0.010424359777407854, 0.8932414865963139
0.404108361493579, 0.019477399666946615, 0.6597174458139753, 0.08462156321757652, 0.7664161538097188, 0.9743904062812199, 0.0025723124655692153, 0.7376149659988959, 0.755858859667925, 0.6002393346541531, 0.06375469653543053, 0.3890803546182555, 0.2396261787067333, 0.20371848698824768, 0.8480240844676964, 0.0038098599351934492, 0.39289985607554, 0.6636033132108036, 0.10246850368241645
0.9066956177787887, 0.1847301297910131, 0.17756500777319872, 0.6339059907030318, 0.5494557007260751, 0.41680652898809833, 0.0035910652915059904, 0.8253036851422784, 0.6660844690182098, 0.47863438609533626, 0.6425337838375912, 0.38709537614479783, 0.09281256554247708, 0.11600352461451191, 0.6850330969769323, 0.36771805926254053, 0.25078260838640953, 0.41076865959827435, 0.5520952992118106
0.06611846556114609, 0.440067490146401, 0.871285709867792, 0.23311408465537753, 0.2879619455040595, 0.724242492860694, 0.31005246688139787, 0.9867915047314487, 0.13425421400324744, 0.003339884927070491, 0.930275183400079, 0.813575176128302, 0.7148959320262147, 0.4686274147351752, 0.47120503640877665, 0.20856179737623193, 0.7517676884392924, 0.408202758119377, 0.673500876793977
0.20913313458925786, 0.2500740177511659, 0.6155126227748365, 0.6052886222389979, 0.41342176807372666, 0.1753442474614616, 0.1708834494237116, 0.958503799763106, 0.04523068577411682, 0.6216077169613764, 0.39719441054765436, 0.611813365912137, 0.1941322607302447, 0.24076778489656836, 0.7754199152851112, 0.7435665083578872, 0.5255652872754782, 0.6765384936179254, 0.5673913417225902
0.3995616422446796, 0.5642169147427148, 0.20016728254465022, 0.7357908660615097, 0.8499593753576914, 0.44685218459096765, 0.2099868373107946, 0.7319553834630104, 0.1505565071179057, 0.2284494786993153, 0.3661990655227768, 0.19528823235745996, 0.8936257398503452, 0.48258660648897, 0.01814152039596184, 0.48502561371329533, 0.5549985467131223, 0.9397090475021107, 0.1568395764429641
0.9986391498323487, 0.8071834417012002, 0.5277451590466159, 0.5312101415403293, 0.18831396721323712, 0.4122887452680798, 0.6680336203696827, 0.06857599045958751, 0.1317883673651895, 0.10597811438899352, 0.32786854420370415, 0.9575951673491303, 0.30752118979701104, 0.9862553028691061, 0.5077669998551675, 0.9659803111677575, 0.4486192336522785, 0.35685748479501433, 0.9345664742434135
0.19040744660967068, 0.3468545567066027, 0.5903816288826119, 0.23942453132516528, 0.7312417049040358, 0.10797259867743036, 0.11290551133217763, 0.8094549902282197, 0.7167622895678794, 0.5014600604274317, 0.4254260495496651, 0.1677816521453266, 0.4870558549642551, 0.3666646324099754, 0.746439293760285, 0.54619897401634, 0.9142217900355661, 0.10223815051706686, 0.7906345293136171
0.888331553624053, 0.738086421792391, 0.4653124698737996, 0.02477365050690805, 0.6904536095871182, 0.8277945387391666, 0.3704846939561268, 0.9099219187454479, 0.9116273388228899, 0.5313828781041949, 0.6948401868487285, 0.5193555829808129, 0.9926007976843966, 0.2174850624045238, 0.8363772530517014, 0.34145816786712135, 0.726286664505674, 0.6241718765554489, 0.8205586507335817
0.4423661814189257, 0.06780131350103635, 0.8824937880289537, 0.11668762817626666, 0.9574000585430618, 0.1889843780204169, 0.32770606782978307, 0.9694974905165428, 0.4170139312706983, 0.26044037460690994, 0.12062889649363151, 0.16580206410363962, 0.7531671050510357, 0.8795571541198174, 0.8131588390854336, 0.6068927170861195, 0.1742316090568523, 0.4892327648145862, 0.13533668551334754
0.9381047826464645, 0.7935373798338828, 0.013434927594229262, 0.08832494599486684, 0.6833606725687593, 0.13640990066700798, 0.04211881808762963, 0.649865514123295, 0.7081942780611481, 0.9450182370151409, 0.22356586539271972, 0.202929658047444, 0.5897447362781182, 0.9290951535108588, 0.4979648438365244, 0.5458206348792353, 0.7230809418416523, 0.6185455634495827, 0.01576945040441402
0.4547717258775197, 0.3622292604014883, 0.7705762595941434, 0.001719366899042174, 0.15117678123338396, 0.21573972343046077, 0.69195683701385, 0.25917789162413074, 0.6902528453496594, 0.1577219108002329, 0.7070125590369919, 0.44779453184417084, 0.8709281587377652, 0.27526627588317365, 0.9380312625692521, 0.8800898462940233, 0.39026609549708935, 0.5913865197153992, 0.5194104371448593
0.3282058576351953, 0.1222412433237905, 0.8185059658188549, 0.09392120696239592, 0.1414339823564159, 0.4258788263380351, 0.858953215255416, 0.09430860218609616, 0.817544637229593, 0.1684188210014348, 0.4256098100175765, 0.8658386019173534, 0.7483945267520014, 0.6965148812412182, 0.17938054532299363, 0.08705544737184945, 0.4654155427023021, 0.24855253493388452, 0.1568309634889571
0.38002322304383596, 0.413587699791507, 0.8681018026128154, 0.6480526261543729, 0.4716493747182182, 0.49880973945385454, 0.983341953632933, 0.14062190035453093, 0.14954067781262115, 0.5298043687307425, 0.16528156417575224, 0.010097055478776373, 0.3246361171330808, 0.89243956541195, 0.134426281558103, 0.7694497904740536, 0.5874004428489996, 0.31452606696125607, 0.8801710283037233
0.25855204347841243, 0.27152697582921226, 0.869644437114774, 0.8743454562947586, 0.6208832641023985, 0.235355569763828, 0.8422328795590149, 0.9242536384648223, 0.8111431178074241, 0.4209859963603184, 0.9666290059254705, 0.6971287757888752, 0.7399491412027481, 0.7932094756675748, 0.567548571257162, 0.2765311307880808, 0.527351000906985, 0.5852960092315908, 0.5692336692634882
0.8642198391801462, 0.9600775961608009, 0.789130500971423, 0.29701222158351925, 0.8945862976629182, 0.08496092713597025, 0.24078459611597547, 0.49502863648461004, 0.9435471261690616, 0.514879191828898, 0.08384160965212406, 0.11885892555844835, 0.6698544352226672, 0.15559217420955496, 0.7726232998321905, 0.9789283409570264, 0.5510202325847182, 0.4005915525421829, 0.5412819897322715
0.7663155453201319, 0.27420229726520573, 0.44948712795795553, 0.9017076109803411, 0.6471806605249196, 0.5946969129306655, 0.15015981398510614, 0.9853855549626825, 0.14499014039181912, 0.09188798111780094, 0.8384839782070806, 0.7673280264153285, 0.2116213291883451, 0.5649557237116212, 0.06800331039524077, 0.3695408095478866, 0.3594523645960557, 0.9428681260723031, 0.1055754866830414
0.45034383477946904, 0.4578627948624411, 0.6032585925819891, 0.2225073143462496, 0.6459561105880104, 0.3910236406424096, 0.27078715768165407, 0.05840458310665919, 0.3685280898248243, 0.5483008867846213, 0.6092474943009082, 0.35220920919631316, 0.5409881217764011, 0.7386907166900913, 0.5300609479118713, 0.830805851859185, 0.51269509133587, 0.5633092064912323, 0.5244037244921934
0.9726438414985166, 0.5063111935875194, 0.998365421389444, 0.5467578982503488, 0.16579062846599124, 0.8998376892922458, 0.3288236588422011, 0.5511975221917227, 0.12076582846505102, 0.46045807057020083, 0.4198780079313911, 0.5783683694646522, 0.39486346119796156, 0.49378811634411746, 0.579474899692493, 0.7059950558241656, 0.6159167254867225, 0.08391860498546311, 0.502510526658577
0.675726994888558, 0.609699577876132, 0.0015459151820168548, 0.42854465832278177, 0.7567620038608954, 0.2638177546201075, 0.5971324195594819, 0.18617779733954065, 0.30544880586068424, 0.7575158207883944, 0.37226078453971523, 0.7094245659977996, 0.24412520323303244, 0.7285211958378336, 0.5144939662976737, 0.35139774421148495, 0.30815317206429393, 0.3204716044476146, 0.020702048258871675
0.4436141468820254, 0.4778593331592711, 0.7241872747994614, 0.9210164463448125, 0.6107168062931522, 0.020038920830507068, 0.15215191849669962, 0.4973687694846435, 0.46869257910421425, 0.13233009403968687, 0.7956416701231671, 0.2256008545740088, 0.7074245378529648, 0.11466486047848445, 0.25674652196428294, 0.9653682612427849, 0.48399460134405003, 0.3274100815986506, 0.9464613557060995
0.5853567779198715, 0.2509479020435612, 0.5625041751194616, 0.5922092015144319, 0.4081590286020934, 0.2383329182343462, 0.16231876983451676, 0.9250826395241994, 0.5175227054136429, 0.02644683475024312, 0.3875658577939822, 0.5597985546281983, 0.9097210731727049, 0.9681899398764107, 0.8029330294421223, 0.005267928356261775, 0.8574144676861174, 0.32830380186342734, 0.006579531429266483
0.45019385033459935, 0.34240162891144477, 0.777281816209387, 0.42380991318489136, 0.8207270040451922, 0.5168561659434285, 0.15979677837163497, 0.5851310478444528, 0.08265335988818678, 0.8119656079560843, 0.43645610219389164, 0.8311350662813298, 0.938969667455438, 0.24644183969264177, 0.5308197015139297, 0.01239075440573345, 0.7132815517791256, 0.7225451627168733, 0.884303594535062
0.7673760800864142, 0.08235330810659114, 0.7054794150819388, 0.7954382027919459, 0.0407024728289328, 0.5581151878218735, 0.4031530802537122, 0.8801218485097743, 0.13268889801411787, 0.9370524906071895, 0.3765749541179303, 0.48085912656570895, 0.568290448558584, 0.1466351441706416, 0.16686207414882548, 0.810422050271442, 0.5257399215586698, 0.26616760065708356, 0.5916461237752092
0.12094943973348216, 0.9902740264578643, 0.7129534444001137, 0.5756224458972887, 0.3964143831382029, 0.6614978245029646, 0.3303609130544789, 0.35214229804447417, 0.7115985300042693, 0.22671207705747198, 0.9141401567781441, 0.4455866406314578, 0.6621160542510692, 0.3137523109806566, 0.8053408301867178, 0.4629045890535022, 0.058623042091937694, 0.7039957739956094, 0.0060759285097715665
0.5273895327482065, 0.7220862536693454, 0.597376034886749, 0.45695381222525533, 0.43111471018670733, 0.6846127729935741, 0.8550154648309994, 0.8953098076233958, 0.9173013837167441, 0.21338858568990726, 0.7640175093069465, 0.9314852159545801, 0.09706794711559719, 0.3740339562443734, 0.5467444651572391, 0.8430621028325352, 0.9279155608362236, 0.7468290817700245, 0.5394959560231888
0.23564928851914824, 0.6673415412028435, 0.030799809268550304, 0.4890987797443249, 0.9194328582274616, 0.07078170703966358, 0.1081978959217621, 0.9928166616866829, 0.1436515915775366, 0.18482128131379827, 0.02578165156186496, 0.35037668014646195, 0.9767668148109045, 0.4859510102766349, 0.4198501088985883, 0.3268933878372672, 0.8160670971714066, 0.7932719531916848, 0.8915522591468599
0.9761162011038088, 0.8539561732453064, 0.000652687212929659, 0.7783236674030803, 0.922463978390395, 0.4303695252595544, 0.9188095630393457, 0.3141160494384001, 0.4767865751690499, 0.5781617414622928, 0.73650049184236, 0.6885620356422752, 0.6174314756416117, 0.06992613521350166, 0.14875708754047678, 0.5776418313750834, 0.32653414173657136, 0.14902991995472215, 0.06427549672115185
0.815051714868206, 0.8176818093400151, 0.11090749439710934, 0.5660503646378521, 0.6325232650023429, 0.12538032909626806, 0.034112995945408287, 0.674104214566801, 0.08134607841661468, 0.643910196195967, 0.18950815052281145, 0.7023305522853391, 0.873630368167278, 0.12993165995481448, 0.5248038857863823, 0.0178689691007351, 0.6932925473271282, 0.9997149072225978, 0.5575655761306072
0.841812495284206, 0.7882616623628765, 0.2844533248180027, 0.0843566976518978, 0.02242005945336667, 0.4147586301693652, 0.3427365955920634, 0.11035977888182913, 0.29064756729747043, 0.38733229784681933, 0.6390463286134784, 0.8877808339741243, 0.9691050252696854, 0.14555553420544498, 0.7558694966331475, 0.36262467630463235, 0.4548618693819777, 0.6800219245310569, 0.5013338031985068
0.3901273044511745, 0.9027879389490674, 0.03779601903307994, 0.7879736097502279, 0.37873387469093345, 0.46642343648356743, 0.40188324495827676, 0.7321608882065418, 0.1823018078002605, 0.4661030018492941, 0.06257159398878465, 0.5413773643205133, 0.6364897001089698, 0.9979513067380533, 0.07631480372285171, 0.8355930760502005, 0.9092486492060076, 0.7594736595592134, 0.3212057375872647
0.16925807550448524, 0.6519411648290953, 0.6910313692936145, 0.23302769135232448, 0.19207893710826518, 0.20705526720855238, 0.9490461668299711, 0.7436719817279898, 0.20072988352055077, 0.9239951073178212, 0.8361963857261145, 0.3048461208400791, 0.980185289745956, 0.22526918094577242, 0.25335851229311757, 0.057718176626995965, 0.09456701893068198, 0.4701974807231487, 0.3874842463136833
0.547494335602864, 0.9124761023621216, 0.8934881716721788, 0.7668238893808914, 0.31804593891664346, 0.33648294364243925, 0.968635535644744, 0.00449034328030018, 0.010519732909592738, 0.4553876293120306, 0.8128828797769896, 0.6984400695735422, 0.5380284986106617, 0.5748169589250095, 0.6887757410611546, 0.7339284472065788, 0.9861348249536696, 0.8785438131040011, 0.36236763642929004
0.6058324403316849, 0.35472221001142357, 0.5968343178120367, 0.8996635414860796, 0.802414911822083, 0.7238225986938281, 0.29356536233711295, 0.940683985342378, 0.559524917751037, 0.00975202583194168, 0.7565465130286196, 0.071706818437004, 0.004929433095728575, 0.15724066639117018, 0.5369771085123598, 0.7107265452331534, 0.4255510087838471, 0.16231826533413674, 0.387623392428215
0.05955508515029162, 0.011295208864139261, 0.4067102914446662, 0.9314838445675319, 0.3540449786825124, 0.6981094028230737, 0.6290770781877421, 0.9504520577344084, 0.12425419450786679, 0.17938105709648278, 0.3325717798602802, 0.9660511892633564, 0.9003748299725022, 0.37413835026467546, 0.6648428016313409, 0.3184992833503767, 0.6633288979025623, 0.612404573735136, 0.6280767150365136
0.9953418880614511, 0.5595688693388732, 0.05286386755580996, 0.26806582691274494, 0.24111024819954785, 0.43726215880044406, 0.6577221107397113, 0.9184246452320206, 0.2529177620338624, 0.47887638307010827, 0.4688839313334173, 0.004213665710552039, 0.43732430202562245, 0.35058881022675603, 0.7135748939605666, 0.0258724713234606, 0.3663218074414507, 0.3702898104721273, 0.7208360838162725
0.5567165060025145, 0.8210968379388988, 0.42206095564226154, 0.34603346959120773, 0.5022079308594569, 0.13798802594833437, 0.44435134073878035, 0.5564048637061193, 0.3695849234123544, 0.31611783227509305, 0.14705842761819, 0.7382377177792903, 0.536339849706091, 0.7982161601234096, 0.8042672208420358, 0.9324097196043611, 0.4500978591281374, 0.6456621815624218, 0.3174346200413811
0.5288030134763777, 0.5011619509568939, 0.5525562174535831, 0.06332728878307003, 0.6074344532518513, 0.35065563648136544, 0.4478961822759623, 0.05396352753133915, 0.7109062590252075, 0.8385549466118115, 0.05172417139087426, 0.5263407706016854, 0.827102939009929, 0.3886057235563867, 0.23063482071718988, 0.3267218876882113, 0.7033400788670764, 0.19469191364519856, 0.35122120670042545
0.7483450322691197, 0.7147745707572717, 0.6069952275620837, 0.9763106212063517, 0.41337353573683544, 0.029089730595006302, 0.22617799432031627, 0.49769336114491347, 0.8067121238212605, 0.17219732426183532, 0.9649023648842983, 0.19094303657043543, 0.6198147807888914, 0.04985372006885369, 0.09587397010036103, 0.6303663228121819, 0.21389033499507137, 0.6981402217939443, 0.06061886209135248
0.9170806205664556, 0.9421655771510103, 0.2522926985797004, 0.3870182864928893, 0.39893521528327136, 0.9851497155440678, 0.35788280113758086, 0.6693258715573638, 0.21653972024509305, 0.155779000090702, 0.7201655739469844, 0.57342467906865, 0.051293668778797485, 0.48783013554285903, 0.6036753424671307, 0.9363464753113083, 0.6910890728942726, 0.17291017691745658, 0.6002657430997635
0.75343551629155, 0.1424933606310892, 0.3557133203458619, 0.09450469019005858, 0.8364596297952015, 0.05981981536504233, 0.008712861568070163, 0.8434230542213728, 0.25168707831557824, 0.7449586537813638, 0.2644755310962933, 0.6047260071114328, 0.17392277913086107, 0.9201474530567438, 0.6754645062936071, 0.030372959589360926, 0.2066604686576473, 0.5190113136445961, 0.2608500970964226
0.9764847385227788, 0.45805712786983144, 0.5959375905034168, 0.11209727546934156, 0.0458186090391417, 0.4599247870919333, 0.8184801112685561, 0.0878176133002384, 0.0017420935637927348, 0.1228902116679167, 0.9823481650061096, 0.7768695136589086, 0.34921661425083717, 0.6989261683676672, 0.6244444730498988, 0.5895285263564848, 0.7966827822315672, 0.8428403187767833, 0.6991196286765672
0.430106148645951, 0.5427834833309618, 0.9664325324817722, 0.641314788093058, 0.2921617005132475, 0.8074099417291034, 0.7252657671804523, 0.843352473743496, 0.4943457727587427, 0.7368988298588415, 0.6887155405199693, 0.2801630259873753, 0.03060336148870102, 0.2597542005458283, 0.15828806224952463, 0.8040877504011728, 0.987176318274291, 0.0968608510966198, 0.9625029737742106
0.008164536142796108, 0.4912942383024187, 0.5229348466182235, 0.7543568938446468, 0.12671773310955137, 0.8253059968268004, 0.3154603904406825, 0.6278439739963291, 0.553917664427135, 0.5950039693374766, 0.18504502450344595, 0.6236628770800935, 0.33357771967709093, 0.7801741850080711, 0.8097827112800194, 0.7208994479227387, 0.7526583616663709, 0.8112416474065393, 0.6787526458878893
0.01538919305179487, 0.3578070196123516, 0.5943686625554491, 0.9497608055136765, 0.23487406047284975, 0.8494020823921644, 0.6996161271574404, 0.03999356888892058, 0.9878380866890788, 0.0057680994150905995, 0.04453480207261917, 0.15162576964361496, 0.928302693175994, 0.9175350737990107, 0.3711795425721358, 0.562359520009326, 0.9414197374457766, 0.13312678374235865, 0.09791393585754327
0.6476049159713525, 0.13626913004764218, 0.35111945462265215, 0.13511370704747305, 0.3657871715215546, 0.5133847430251858, 0.8010718742987313, 0.7736693682460524, 0.7510278255856705, 0.1823671437420915, 0.6240184696278809, 0.3345308747860075, 0.031000748094558328, 0.031306451447941974, 0.926535224043067, 0.766972603846102, 0.26968152244099775, 0.8181932170969759, 0.28194039252398917
0.8822144321299195, 0.3806658680364192, 0.8158721213528388, 0.6977953557827934, 0.4445567583235682, 0.6755548501244416, 0.3686378702176817, 0.05882842767392882, 0.6774723937072041, 0.5523143106007192, 0.030043593476340336, 0.3458632024518943, 0.0962104531529887, 0.6008771596682081, 0.6149899953714586, 0.8866369846135407, 0.20340848703382053, 0.05156811216691459, 0.780242791685711
0.23618857326629994, 0.08174350013848153, 0.613384108029465, 0.6366917246834134, 0.10523090864741047, 0.2559493619923878, 0.17238194437190968, 0.06956850494923073, 0.6273503596222022, 0.2301013037986842, 0.45697189636215263, 0.3510258555768351, 0.4879259831206564, 0.1697748977821959, 0.9558169536313912, 0.3767966557605721, 0.5659948678556969, 0.4574738747798869, 0.27965531515329345
0.7873551943970977, 0.6526281637595712, 0.27677881805721594, 0.690165481381526, 0.570804904473214, 0.7903621687738978, 0.08838345166431472, 0.3583513256413974, 0.12985522028061636, 0.7619799514189811, 0.9070176453501234, 0.9255924074134931, 0.26828689352877, 0.19987974053849156, 0.1270416862056395, 0.4722528126121983, 0.6043935101985836, 0.6276958987086111, 0.8039697814677079
0.8786892013813781, 0.8951837542811607, 0.4852837590454778, 0.7750787954742943, 0.08263134105865, 0.26283466164449976, 0.15811018308249047, 0.5862520296649418, 0.25044715270005957, 0.17523515016808078, 0.380227574256923, 0.7112745329009776, 0.264555759227588, 0.09521183832567759, 0.6184812457242588, 0.48407828635732775, 0.44443193306818984, 0.6530817615500675, 0.3938392572554362
0.3098763506115365, 0.5810588939423103, 0.14695028719825431, 0.47651626170145645, 0.48737460458982595, 0.9830589093691228, 0.8210543345222663, 0.9531198931432805, 0.3525358751331743, 0.7747329192830713, 0.4395818337526255, 0.8092972078302194, 0.9273557477152726, 0.2325312160639993, 0.9491995606453253, 0.2917232048279842, 0.8309922164235106, 0.07822912508490598, 0.2048596113979675
0.3429673630612454, 0.8179483238768789, 0.18788618450298666, 0.04524786654643631, 0.16551278250506052, 0.5328168405096995, 0.5322528132274811, 0.15290546328664778, 0.49377514248120524, 0.25477273561692637, 0.5603052936447177, 0.2565045303158008, 0.2025695012628964, 0.8437734452346826, 0.8369537859543221, 0.07412381034338089, 0.021282532144047184, 0.5557748434040064, 0.38504939957642403
0.4952070439871892, 0.5486565989968887, 0.20264164716755761, 0.37585150635437825, 0.7285014229452229, 0.16072340488212133, 0.1732816098832196, 0.16518342052980217, 0.5949234216040492, 0.2726964083877903, 0.08338565535457854, 0.9885074999670375, 0.11481451186196823, 0.6296536416863738, 0.38387172024334437, 0.05913620319560153, 0.11521437157497105, 0.24486726229340972, 0.6449435046283057
0.125608207348196, 0.22570020878435593, 0.1917567249148998, 0.239751976813941, 0.720463644745593, 0.17453470046771546, 0.9747476903836586, 0.9760017043050309, 0.9332528348560196, 0.09546168179815584, 0.384769676890909, 0.8776009375282288, 0.8774035614445275, 0.6049282779472097, 0.8454220864395839, 0.854787585341235, 0.5593778252904001, 0.46610558937496416, 0.13595025074352163
0.49570839150010293, 0.5194221607005042, 0.6306547341571458, 0.3198629847808113, 0.8099842087139368, 0.9040995850616673, 0.8047336108711695, 0.17640360303625258, 0.32031378694549306, 0.19626704491119007, 0.9719220149072417, 0.7413672793458418, 0.626880704826247, 0.5007448574055918, 0.7238789473136904, 0.205361733083551, 0.3289892420382119, 0.8893261404988292, 0.19798901265337987
0.15575387385008022, 0.42431799760917044, 0.5303806610726487, 0.8318088528055937, 0.1387681883115397, 0.4605961297642286, 0.26729014212365154, 0.9717495860987925, 0.352161887513343, 0.6626702774667691, 0.40176933082867794, 0.40487308772368913, 0.008543903627406424, 0.9411367403648287, 0.6934493414875154, 0.7696818800963946, 0.4219421172251716, 0.33021221021132374, 0.8127535516939133
0.5122796176325423, 0.8692737185355889, 0.292085712715375, 0.1169816737740873, 0.726597947278508, 0.280376701148203, 0.8096908313284382, 0.07731076037654327, 0.6991689556775975, 0.38689578054300666, 0.11567585221259202, 0.8768327723289739, 0.8052212130851052, 0.4776368371147166, 0.6824837427900997, 0.9634102272611281, 0.13643492342331753, 0.23068865117121073, 0.5875067662393815
0.9693599300500548, 0.20525396367679316, 0.1089465251167091, 0.6124152407289213, 0.5735805576839939, 0.5425673217524886, 0.864818388165254, 0.4505201085455782, 0.3069576033962691, 0.893092264730171, 0.5035214532541771, 0.51253061050205, 0.452523118529657, 0.6498253610997267, 0.35216851964530294, 0.3495262044323788, 0.8795310624724867, 0.4407213480536276, 0.8109815055577683
0.17038206549884982, 0.23072273181757164, 0.9837143964738021, 0.7436616469547752, 0.08048255142716465, 0.9397942572199213, 0.3842745658390747, 0.5989337955647375, 0.5484350968920264, 0.23299589282704392, 0.581424862856926, 0.4215285797694971, 0.4205520002551233, 0.017227324118851528, 0.31372592644687414, 0.27171252518723954, 0.41458774025095624, 0.46524121776103666, 0.5139352760891864
0.3944823185707377, 0.39248241698185704, 0.01659679637860545, 0.00031924523558723994, 0.09723519496081046, 0.8440223550602876, 0.33401549527447105, 0.8138429316244484, 0.5393961373823069, 0.7414807989275066, 0.8605367889013558, 0.14052774008267455, 0.04483721389966866, 0.5412041319102694, 0.83958381135529, 0.8510804414026804, 0.719243165635305, 0.9677311131339741, 0.9634707555011073
0.04817783222328542, 0.94494608949543, 0.44655249366990857, 0.2992988139017092, 0.9697430582108989, 0.649550439151139, 0.4068907144642999, 0.9365026680486531, 0.5248444862278906, 0.5083948602739318, 0.9490149668207741, 0.8223422985087766, 0.6886954411551037, 0.8067641048420576, 0.5567801722656011, 0.3007189059529296, 0.45492929524823345, 0.11954128034044142, 0.7346102725984311
0.49469969556500604, 0.16760849044513126, 0.3419208483953339, 0.9846074883364315, 0.756374659963981, 0.81981056830493, 0.29467847600537267, 0.22442819424427596, 0.0981249610097632, 0.4010063161019618, 0.8090963291506211, 0.3498070203545167, 0.975812422601969, 0.300417186357269, 0.011167771543670324, 0.17430173217066214, 0.2641490560847938, 0.16671033356352183, 0.9778203742580831
0.46262609593302984, 0.9271516567432146, 0.18682998893553637, 0.45344375949589144, 0.5353778732428266, 0.39757425903252486, 0.29682351740233903, 0.6231699735345531, 0.48280421054020994, 0.09212353884895275, 0.5949043147847125, 0.8003595483433925, 0.6904699194639184, 0.6308988353553103, 0.6012074763529306, 0.8534809815763195, 0.09027638737224253, 0.6686358075565274, 0.9649310706519911
0.11572808605391127, 0.6185429693789377, 0.3599957434533726, 0.4829403972881322, 0.8465215790661547, 0.6029511030896795, 0.11612514222732262, 0.9972545625759034, 0.6320272617320373, 0.743740515265631, 0.7525126357089837, 0.5756095318051565, 0.9739933636454434, 0.5565141515761779, 0.39939749032730487, 0.5244893583334527, 0.20569316002100524, 0.4798134772484104, 0.102493376251513
0.47434059752127855, 0.5776332956170666, 0.08956018172972824, 0.9608346346849744, 0.5315361700818387, 0.29741013650413417, 0.022873795316839196, 0.34489610738057763, 0.792587471080111, 0.968284027888592, 0.05431700605023504, 0.04514329906034675, 0.37583411467501704, 0.5676985324065613, 0.1945165499337297, 0.07523516839660827, 0.607309453165664, 0.8059787802104014, 0.48759656301491383
0.32024994971246723, 0.6123533200492981, 0.6313568743370696, 0.4241702455448173, 0.4447071979986762, 0.8110052530131503, 0.7013533788845205, 0.10243436974941211, 0.6751636742665325, 0.1840486132858089, 0.4036504466953137, 0.4606373158919802, 0.07548414605681408, 0.15845405595904927, 0.7681967210696323, 0.31983933629252936, 0.1206283260974943, 0.8494700461374576, 0.8219964269792117
0.5818254628158479, 0.8666621749191549, 0.10348656524473465, 0.6355634689476525, 0.4806694090746997, 0.4322189660213168, 0.21510007358217131, 0.8504054768439566, 0.39444471554958294, 0.3441870986784341, 0.7359714589726543, 0.7938400722792879, 0.692966078640371, 0.6031587589799562, 0.6566572856049958, 0.2548546235720768, 0.34231344444876866, 0.2097923685742945, 0.3470430118688971
0.010062231925992648, 0.1882424863255977, 0.6126246731190229, 0.38513820597512116, 0.8666497631955818, 0.6468041656595446, 0.7916113016720084, 0.13782217068479174, 0.6349437225129869, 0.5238886222285738, 0.4657100101290046, 0.03834847849701206, 0.3416565137435762, 0.21459100859830105, 0.5539425916135309, 0.7430791955228134, 0.14264669232564142, 0.8791786485357709, 0.6266046217941679
0.7338200866047164, 0.4430908589833601, 0.1162110844670532, 0.6741054174401561, 0.7230860460461083, 0.0388979605370845, 0.9598572952070888, 0.15919991055192673, 0.8944463434470008, 0.8218931906862261, 0.30499675938004434, 0.16652547443600407, 0.49236595735050925, 0.09653326931493489, 0.6912786425907221, 0.8390042088860573, 0.3102939148950119, 0.25220427334148, 0.28184085774215306
0.897975955502481, 0.2371054742841917, 0.7734982152040192, 0.9943355862003774, 0.44913623060222807, 0.39726693976297855, 0.3956985174032859, 0.8039083510855479, 0.02698741679422123, 0.4348150897614672, 0.5592718368015474, 0.4630165522221066, 0.43579769595797124, 0.3413387056357886, 0.31657094361254534, 0.5268790484995228, 0.7188367713510223, 0.1558994068391989, 0.9154106682678296
0.022156606986497462, 0.9326076368762413, 0.8248953774269118, 0.5839350091455342, 0.9812921587990797, 0.9942643316158114, 0.12520957309609393, 0.06763914243141644, 0.4917871348678873, 0.477822083081046, 0.6116838545587795, 0.7447048488139171, 0.8447338809280897, 0.6374229613439406, 0.12999456879801463, 0.10576773304568954, 0.07396018574022756, 0.7732544767459822, 0.6096864664115722
0.24979466279190188, 0.9771622480222988, 0.3252226208925513, 0.9086708932635846, 0.9335814566089298, 0.20641795311375077, 0.2031266575246955, 0.8861606531024018, 0.5772803716878057, 0.8532131603834066, 0.333781338410462, 0.7433386224882336, 0.9072259795480222, 0.06786503955046397, 0.3910788456415395, 0.3794339463668145, 0.28222530755813235, 0.37353452435499934, 0.48005366013713746
0.10601665673781824, 0.82786641924247, 0.06547201274506997, 0.9624203011744663, 0.7810689478687258, 0.5971498835884143, 0.06167800726452721, 0.48113998505444244, 0.5351113127016618, 0.2250678505285073, 0.06703526618593436, 0.6897595490557737, 0.7836230381811348, 0.6344765577043008, 0.8675364842942149, 0.7236682280827451, 0.33098355786931055, 0.4352195803545702, 0.9718753978765524
0.7331470272962756, 0.37103390538233105, 0.9336888214646715, 0.7890461660983684, 0.9741692679047771, 0.49223214036005736, 0.08659782880850608, 0.13881899165456102, 0.32300646223689133, 0.31797291337188993, 0.09908588095619653, 0.4165692030896947, 0.429447400821362, 0.4313408844308385, 0.7008381488034832, 0.5989656699039998, 0.983297555107033, 0.05640936406204644, 0.5865063668405752
2.65047892663e-10,0.000236775615031,1.89723897326
1.10081930566e-12,0.000280849304358,1.38236082685
1.40220410008e-10,0.000744006715555,1.17913643156
3.80923637369e-09,0.00135638550256,6.9179401882
1.11582375778e-07,0.0047823026453,3.63276037369
1.47112070166e-07,0.0123819306272,19.9955982697
6.00876740389e-07,0.0393872839119,38.4339627384
6.32584246977e-06,0.106667782872,65.4915122488
1.32303298339e-05,0.281717170029,56.3896112284
0.000104755098926,0.940730018117,118.504437076
0.000608414872189,2.22201360188,147.067125891
0.000870829152253,6.40547069373,254.168097993
0.0662626969777,16.8371853663,209.37049117
0.0200879701916,46.1427649597,365.683616432
0.643452221638,130.007525487,467.788422838
