$x1,$x2,$x3,$x4,$x5,$x6,$x7,$x8,$x9,$x10,$x11,$x12,$x13,$x14,>>f1,>>f2,>>f3,>>f4,>>f5
0.6129189410736156, 0.27441337310499325, 0.9589605931511176, 0.24306915185844924, 0.2698093724681736, 0.10821045842613797, 0.34604887040982846, 0.2724648951837959, 0.6399431188011717, 0.5674490307107, 0.6296245860417962, 0.7496175166144604, 0.06321203188172153, 0.9913833953482794
0.14587996238726908, 0.4174096650561424, 0.4272057399282778, 0.06413224789534766, 0.6794503503258894, 0.1066065141811563, 0.6249087115436097, 0.0017565664199615805, 0.3344820920088434, 0.4284644739524688, 0.07317965152579353, 0.41340505904148006, 0.04359677633423009, 0.7549287851412259
0.6531179928252195, 0.4406149929109001, 0.00036963540643042414, 0.00238689080545329, 0.06348255076671039, 0.21395887913697864, 0.3102689287736038, 0.45626133614189635, 0.3208225982978361, 0.24771754248405664, 0.5678232599407227, 0.2140342282774076, 0.12312743119301672, 0.7753188971369067
0.39686919060301595, 0.28669818041019424, 0.16478650134610118, 0.9209099260707717, 0.2748862615421941, 0.9670030205245275, 0.4025865711927127, 0.9933589931169722, 0.8081632388416423, 0.8205175355582985, 0.023970499264928224, 0.6036028674039625, 0.4144422919606069, 0.4290016888551963
0.04499752496284948, 0.8516454638458749, 0.4989913864369624, 0.4579584081863838, 0.1308774603289088, 0.47359793353923196, 0.00893666577355623, 0.6354118152069866, 0.3526299730826794, 0.24744559747180983, 0.25365573072907754, 0.616043376901064, 0.21594700137970846, 0.23857048021853433
0.2035441637159875, 0.4765452052098076, 0.368708786447961, 0.02546969164249846, 0.9551625526385817, 0.09048314335439922, 0.5646983944481742, 0.37700387929033374, 0.19457993744238933, 0.7877134985264442, 0.7027113237726867, 0.32029433576283795, 0.04495536160095959, 0.5335331595627215
0.15545828872944323, 0.41072477802190666, 0.3056020244209512, 0.7669116444641693, 0.7937941964224724, 0.10224061167295118, 0.36354209466658816, 0.47570164869455633, 0.6288875149748326, 0.3507332288273822, 0.25232031575924774, 0.5920211666736782, 0.7879444233750944, 0.5099403829702165
0.8325700246488811, 0.9259852381070962, 0.810397194188119, 0.9911040355023923, 0.9759667514178121, 0.7700208665466548, 0.25556071817335746, 0.5365891981744039, 0.32889866740305884, 0.7295046844330116, 0.17278771928416725, 0.5456844226931371, 0.2761421658326514, 0.5589692548838345
0.3834263189736714, 0.10247137902165238, 0.6135471952738522, 0.5079299474209116, 0.3609837908905551, 0.7777569210099554, 0.3996012819166427, 0.8998643635203657, 0.8622172130327916, 0.5583735395288304, 0.8602524949140148, 0.15897995154749278, 0.3475599760273329, 0.8463271197294295
0.7593361697636443, 0.5075333588216825, 0.48981195284166723, 0.09821599919392743, 0.7764188327131356, 0.5182800042601708, 0.21722113084575156, 0.6950379242045109, 0.9912608629551052, 0.04120386785816521, 0.21192153660871027, 0.6548127920893048, 0.2840084129565199, 0.5400137859765285
0.8523846377720607, 0.6055731233266766, 0.6710426333237217, 0.6495933218540348, 0.11643359903640893, 0.7419964623893353, 0.19435524419594785, 0.12488019997168742, 0.4742360353127658, 0.3164649484397726, 0.15875694184245392, 0.8316026256323983, 0.27515149668109484, 0.015536638621937215
0.9010523834742841, 0.17878291810246028, 0.4312203983879047, 0.3176814478216411, 0.7248557181019017, 0.46014337198529487, 0.8295906265177654, 0.4953932862975804, 0.13918013584882793, 0.6310065798271421, 0.6937565918518365, 0.19333666479545908, 0.27326425219374284, 0.3281874410298371
0.5094817975083736, 0.2932642199421458, 0.3229672678821123, 0.9547617438272319, 0.4198769730893285, 0.12854934551492947, 0.4523632866408549, 0.35792286671281126, 0.4302090447323037, 0.9232982890090555, 0.690053877282182, 0.6717366396105718, 0.6183809374564198, 0.9218366706529518
0.1183866939681738, 0.22464139546116668, 0.3807318744301085, 0.5877403754825637, 0.5655879776941928, 0.5429198142985664, 0.8416495171247768, 0.03655661394685361, 0.5134168773428901, 0.09905395610331047, 0.08438779164601429, 0.6804625201927684, 0.1879659125214025, 0.10712686531371196
0.4789178135854141, 0.9133938636278801, 0.36423734636007343, 0.5365917974746861, 0.14530223754912874, 0.517781500268847, 0.4094637989393066, 0.8204037103934415, 0.9940565772425646, 0.2769138909492228, 0.6738626368900001, 0.061873973297326135, 0.3913686125976693, 0.11941050734590963
0.4539845094866224, 0.043175168899884486, 0.1815452895469527, 0.09795241177405178, 0.7479118334641939, 0.050032849129416745, 0.220367890974554, 0.5122871210676396, 0.3209839541089141, 0.25746720534130463, 0.6879070091832035, 0.7325788071144665, 0.5517105871679827, 0.5480604499819174
0.46254237414627297, 0.20236758281689016, 0.022816356767479062, 0.7287300174548855, 0.5503919638869371, 0.7206689715428329, 0.08220064981145714, 0.3235188213672219, 0.1516874503457325, 0.20414800639304143, 0.0031309426224357395, 0.6277292932603963, 0.8213288692672198, 0.7257391820030947
0.22699620987860192, 0.21619819513219407, 0.8184112558686222, 0.997208141870781, 0.34167326567579315, 0.198257190323319, 0.7147041136244058, 0.1875472733174962, 0.5323914535155622, 0.14929745383107185, 0.8054647049618932, 0.9061070790004709, 0.5940418208523202, 0.31605781709082514
0.40636014185354563, 0.3059915274216555, 0.3048699608454909, 0.1299040148885604, 0.30721029888994833, 0.7819788083671395, 0.8655719809319227, 0.19973834937614254, 0.7297098520223205, 0.862003955266305, 0.7434939125097126, 0.8805018613691913, 0.10017105652538649, 0.4509238237741454
0.6158077400563579, 0.03860081059585663, 0.06454570187164876, 0.9452996328210597, 0.6407244294190699, 0.5648550285423312, 0.3323427627206903, 0.37967183197689436, 0.0543587913354846, 0.6728674538825945, 0.09404279718152098, 0.2203845317233929, 0.7698548075892265, 0.041803849345395716
0.2411809134396522, 0.11864029946555621, 0.8752524915881279, 0.8891379074645754, 0.8169568542070903, 0.6638230121454001, 0.3126843613232254, 0.32013616560910985, 0.7314218897153254, 0.2843232392430908, 0.5371072717848482, 0.9697484271315319, 0.2721797333121818, 0.07228442515343003
0.2788728330411516, 0.37715119024155774, 0.32742079019936965, 0.925460693754359, 0.3815065607284921, 0.1420536442481094, 0.860912337854333, 0.9486344574171329, 0.612165121412246, 0.9630477540753699, 0.45341232449317603, 0.6270395493739748, 0.2800046726978064, 0.19042680371100773
0.8042109342068832, 0.5812349968879784, 0.8109402627090061, 0.5669921462186267, 0.07094758904252074, 0.7387890095523832, 0.09806091869454525, 0.3813504322683008, 0.6343234791859033, 0.9194542240922986, 0.12217876705866193, 0.39238627675997784, 0.5487445693685218, 0.03945009019147072
0.2616166574007718, 0.576648311404326, 0.09256411885510585, 0.006399478294494609, 0.7300900221472449, 0.8994775840749226, 0.5469283823454973, 0.6590866422498046, 0.9013295383626126, 0.4112289806118352, 0.904385608783406, 0.18848112030451714, 0.26227304462047174, 0.6681640041894129
0.8051879907845113, 0.8852076788296629, 0.0035545502896087156, 0.7417152531760529, 0.8586309905227789, 0.5353281839405687, 0.06504022173528423, 0.391075904456898, 0.7082996506889768, 0.4974551675431633, 0.5286231849667594, 0.17034966764871218, 0.8681599470733546, 0.3644190528240743
0.4542101069669322, 0.9444174939787042, 0.6734568382670572, 0.2767691873386523, 0.780733586665741, 0.10884714210014579, 0.707235375269804, 0.6413935044649675, 0.15552442840267533, 0.3417432857594287, 0.45707274721011626, 0.9551354704990337, 0.830982342689449, 0.22001634691789262
0.7902232838970877, 0.31038961614545, 0.059090007206476725, 0.8329447085656235, 0.4829451753758687, 0.9416701076316676, 0.5549051526282255, 0.9836450005917392, 0.4279072148615405, 0.4586497246246587, 0.2823346176302439, 0.3972607297470171, 0.8184058977375772, 0.9899866714778194
0.14483834597406575, 0.516501550101181, 0.08686738227817259, 0.09030387536390638, 0.06408632527758706, 0.3469265680121407, 0.38742078663975554, 0.3984083306845857, 0.417387475578717, 0.10908975583214575, 0.991256087804668, 0.09429012829633265, 0.9323094388075437, 0.045472309346081374
0.9095863403849243, 0.21762683105025493, 0.13894716111046457, 0.43588135603993794, 0.056978603615434276, 0.39718700774212923, 0.1441989536281335, 0.3932520154203155, 0.34162425467256374, 0.6970903072918032, 0.23570584875541245, 0.23081733750133493, 0.8111504658917489, 0.4859426611775073
0.7058822083326081, 0.14218264697151672, 0.641200757719483, 0.2661320989289381, 0.5730350865401503, 0.34448910846606795, 0.7774414890513328, 0.051856459782768205, 0.0862884202812183, 0.21115077899136148, 0.00206857658380466, 0.9014361664391661, 0.28528927569554063, 0.8686723223428285
0.06700862618634262, 0.8496961848994611, 0.07493910843103269, 0.8582612245930072, 0.06896631805906439, 0.7573643281145845, 0.26727944352553346, 0.27035376034384007, 0.8390667508409043, 0.6711554211941795, 0.8375419383136319, 0.7433030531910207, 0.39859341351581123, 0.7498053775173543
0.9489665098757086, 0.618270760928617, 0.6007126827569763, 0.010154264476941344, 0.5769288689785439, 0.31443467885121523, 0.8596123069764885, 0.271919866501361, 0.6286414997424332, 0.4633245361927194, 0.5524114850184005, 0.8246019466850494, 0.2559292890213398, 0.5729590296955084
0.8733306911786983, 0.31808479843354287, 0.9086174530627158, 0.4680837004165582, 0.2857228561390669, 0.4110725053861708, 0.15923498264552416, 0.909130375201463, 0.24375974723201532, 0.7269480198311616, 0.11911157951151574, 0.2477201421311529, 0.7701159119419624, 0.36403979495945793
0.408481728683012, 0.10650128220223765, 0.18844729126068294, 0.49832825933135994, 0.6030012102844365, 0.27011973934555567, 0.6649029095150686, 0.9677090848853458, 0.7997501815488259, 0.5515036570913447, 0.14564595698708482, 0.09297567270953733, 0.1964585695637303, 0.21956101094741176
0.5632308041720672, 0.5899816523537299, 0.1787954368511766, 0.7483973588588171, 0.3555419322033395, 0.8809512288301936, 0.3014711839855896, 0.6671366739298028, 0.8797336330408598, 0.1932981241450693, 0.013049090576470412, 0.5507517066424068, 0.004563081125871227, 0.07495713820181327
0.236661181776339, 0.5893447594401555, 0.8357382470221626, 0.6105768559077103, 0.4832420824051953, 0.8102530439244972, 0.16072055930488016, 0.3554862621006749, 0.5762081828346921, 0.8516101744580459, 0.9361550821670803, 0.51919293839218, 0.801965495514405, 0.5396130723155045
0.37927611814699436, 0.5833551743665044, 0.8991515426062214, 0.5505116699430044, 0.7297290246988244, 0.21147092182409866, 0.4386588855286505, 0.4909771158063988, 0.46284794162752796, 0.9449638735038491, 0.1975592604205162, 0.9266695010271808, 0.9181054109695546, 0.44815012633325346
0.15827283314333873, 0.5236675281449782, 0.4262711245057961, 0.021815587475096043, 0.42725006102906105, 0.5670667729270727, 0.8836011206895159, 0.46344016684002975, 0.0952746115344717, 0.35074088474466525, 0.7065454041588511, 0.2668897948299338, 0.9202895914506966, 0.19400819293898675
0.9090596577652276, 0.9364135795876801, 0.9312935883128822, 0.4783120036630075, 0.9989407363992966, 0.7426257887047808, 0.8025101823200802, 0.8914125358392011, 0.5542705547981742, 0.3886233844858641, 0.5874713982565708, 0.2516797976285696, 0.13977432665641332, 0.438704964947386
0.3004964587377055, 0.7051353944093047, 0.21943107657596028, 0.9912419729802642, 0.46895062104213603, 0.8268809491177033, 0.703227793845498, 0.4349068774525856, 0.0775915964722188, 0.046354259628267336, 0.8465843409677013, 0.9331001418391445, 0.2592991492086688, 0.48847951872071604
0.8168671078112051, 0.3421586648003785, 0.041054132032907975, 0.6221342427784485, 0.6062453252511913, 0.5633447349230011, 0.8155315888122024, 0.7197779446146162, 0.43848755958216157, 0.34010254031186027, 0.9958152701771202, 0.011264928595725254, 0.6532146817516848, 0.4950510875126468
0.3531050143290657, 0.2632407588880017, 0.900753741513822, 0.8405640382995747, 0.8723970397421041, 0.006832841458642935, 0.5169862479022959, 0.7136293544842982, 0.5918402113462685, 0.1723460153877061, 0.9123177514325876, 0.40626415896850765, 0.10373817821009623, 0.47974490019320026
0.19369774548971153, 0.0370359563210918, 0.14945895270692044, 0.8701513235024648, 0.18812746819123372, 0.33857301350152147, 0.51689907416362, 0.8678746924658247, 0.9716451822312833, 0.7222396961501213, 0.9980489214614823, 0.5610804915674759, 0.8641722656110948, 0.02302064876222132
0.2769657171945844, 0.6006146610056081, 0.11816346506830766, 0.1466965699759245, 0.22105647751840773, 0.14909680466389263, 0.5781226950309639, 0.8977822116950898, 0.37085460769394674, 0.3712313384923376, 0.8211259192141505, 0.30561309062934494, 0.014037868512871143, 0.7155987727251443
0.13265252591856314, 0.29012132971894067, 0.909386844631771, 0.7945409916241993, 0.14993585430437117, 0.27916051630616845, 0.5622985989551149, 0.08416944697905349, 0.0050566081927789774, 0.4117954869460517, 0.6386587812471841, 0.06622577773006622, 0.2698991209594792, 0.7287972850288702
0.2578784783989414, 0.9503943933386116, 0.7194796417338402, 0.6319676768304344, 0.09313879330663255, 0.2008320480123259, 0.8895654647458615, 0.8843839468454224, 0.5825085646896745, 0.1907481615418568, 0.8861525432327994, 0.11313611786950539, 0.5365440461087592, 0.6234537710976762
0.700414252490161, 0.3372959342731652, 0.1437318249019255, 0.44888069286018517, 0.30657052618097824, 0.06661979220886582, 0.2173112646838944, 0.06616919044919278, 0.050487901295937276, 0.9119838670470821, 0.2792852253623185, 0.501171872391813, 0.21924959662569188, 0.6751035249173278
0.9658273204964413, 0.620385086520947, 0.2116971202370561, 0.8670629472721015, 0.264892023381612, 0.6913504989762987, 0.038233088575473584, 0.9096037615895656, 0.8540334035360828, 0.29862416632213895, 0.3378969918796677, 0.9650771142783412, 0.2729736405226669, 0.22729942312509377
0.05354446535550628, 0.05254690681932206, 0.17802088340209532, 0.3007595430083727, 0.2809024689707873, 0.21035317610965265, 0.10446658265581221, 0.20254663696016484, 0.79664152161374, 0.4526807269970422, 0.15063639511594895, 0.19929513306189706, 0.9933987273417715, 0.06351694244725825
0.7565747452247138, 0.41140839541382557, 0.8052480153686514, 0.23713969380484334, 0.2881771262953968, 0.13353104066337673, 0.6745213664540707, 0.9932954030591873, 0.9509482400889065, 0.4344920422859019, 0.7175680084779176, 0.27245303072754645, 0.08134895965560007, 0.5001701702734872
0.6128982672230139, 0.7940751459511348, 0.3213818851330499, 0.890900776399318, 0.1359675782075882, 0.9593261622987019, 0.9164365811976167, 0.3596880272157066, 0.3801879602248873, 0.35419466505687625, 0.14643872258498936, 0.9436749447222946, 0.07204688490281663, 0.028113741346400878
0.8071324739644256, 0.6085328403352669, 0.48993362482510083, 0.39222435601868444, 0.22469467565150836, 0.4702641723927363, 0.14967662180578267, 0.3322373960115448, 0.2506678619341485, 0.9805427014118466, 0.2986696819981354, 0.9340942808763913, 0.7508739734820592, 0.5937925509739601
0.9145226775685699, 0.7389511054266813, 0.2648787012452487, 0.11745454160882529, 0.4088101543610556, 0.45564082605268386, 0.6503510474474391, 0.6920090039408335, 0.6703904646322743, 0.22103360345658996, 0.253082621326306, 0.4642597744149304, 0.5946345608901793, 0.45706062231533373
0.24230126820143771, 0.480511551477694, 0.2822815767406279, 0.002818346655708459, 0.5248366825822637, 0.4026906503326281, 0.48021111032065233, 0.6278315003145938, 0.2096217114753487, 0.4658668097523869, 0.1924931614752503, 0.5866825197228249, 0.1922541165163748, 0.8546081506551857
0.7498450593566566, 0.3545493967556972, 0.704279388860409, 0.12638234384825742, 0.6355766771604856, 0.14302559638982026, 0.7075886631171183, 0.2789811722022021, 0.8074005474883921, 0.5305296386173101, 0.9866941671179683, 0.1883913893418041, 0.58562780294769, 0.6183065993922404
0.12191561844902443, 0.22809150978528436, 0.484857442844579, 0.2096909121895567, 0.5457484763569131, 0.6273233647120869, 0.3019178897874495, 0.6992303343133776, 0.7389501447011694, 0.39870932791062097, 0.7559678713074593, 0.6140708144870003, 0.34669092103705834, 0.9939241826197149
0.718611345869303, 0.40163738908611124, 0.2878771550486885, 0.4429706739706665, 0.9135089983574536, 0.5417116537165828, 0.9042237884497608, 0.7274880353016475, 0.5281542083040115, 0.9449709199961025, 0.529922678706757, 0.12370587125217736, 0.1571670463996363, 0.6279754142236202
0.20035463868189762, 0.8779840111830277, 0.07411464027087689, 0.7967746807751966, 0.1347244196856433, 0.8876398424574246, 0.5386184548641175, 0.42423828492830395, 0.03940307718468539, 0.06323120918940461, 0.0838547659503861, 0.41089600015481687, 0.12095622573289344, 0.05179310795551251
0.0392843329280691, 0.6390897518986915, 0.7309395965770407, 0.8225484766886143, 0.5213347490862004, 0.9589538068588873, 0.26796246858946426, 0.4250145317776174, 0.6574148757004071, 0.1526483219103969, 0.0897097392909012, 0.26545240874196296, 0.7743949354599541, 0.47638646982113586
0.23539647507881412, 0.07803830754047236, 0.5211623256212161, 0.2413404759482073, 0.10080562168975027, 0.3600397087631002, 0.2544670572643386, 0.21138592670791967, 0.67957239787128, 0.945864908400606, 0.3402703725516608, 0.8831809452196626, 0.22386134710513483, 0.711944697059624
0.7483830777756965, 0.6948180824027007, 0.5542251690871108, 0.2682177457478704, 0.31259369781019664, 0.8353336944570942, 0.7122306785672566, 0.004293592474756025, 0.5920171946821943, 0.28610161880608287, 0.20785451457153192, 0.38723703396523645, 0.4504335834560821, 0.036779369678237805
0.6133125868851783, 0.31893858524183827, 0.3721555157750628, 0.40748596724201847, 0.01638551443385461, 0.5067853441752346, 0.8471790923580276, 0.656594313356304, 0.22962229177354032, 0.6527911751378696, 0.663637373493366, 0.901225200546428, 0.14323801645620415, 0.9615408756314594
0.6326649796543348, 0.7160572875615081, 0.958839381992392, 0.9955023167546865, 0.007856501265293359, 0.026856461284330613, 0.9945438554547059, 0.92587086612937, 0.5492340147819664, 0.7190845252732744, 0.29820084131501956, 0.7084572367139584, 0.37716048774179145, 0.8043678182697921
0.7078477613937825, 0.6271103156599728, 0.20125466666478753, 0.6006744525391821, 0.11101634389625226, 0.6217311727499836, 0.4297220912241534, 0.2280207001668041, 0.8555979437649928, 0.7862520623661255, 0.6706317057865825, 0.17916369481455496, 0.5330506641857161, 0.5614637871354037
0.8033533254758665, 0.6279855439969539, 0.4952600197652024, 0.9478747171551278, 0.7752053709781526, 0.4304208580616512, 0.7459116405084536, 0.7930184165493533, 0.6105735079867463, 0.4422515944472082, 0.17474656730415827, 0.7391688588790656, 0.6523183567403433, 0.6498205597688967
0.6320684989543631, 0.18599467343733989, 0.873841456219499, 0.28988564625018043, 0.07365605824749288, 0.06777147575698217, 0.789864545542979, 0.056254189967766655, 0.30182468952200936, 0.6715282777804317, 0.6411208319212731, 0.3514745044530525, 0.0013765397329016382, 0.462231735717454
0.056992098991882845, 0.395457439088838, 0.4408190571698608, 0.0615106817507548, 0.6209557117566549, 0.8656004751639397, 0.0719547005511465, 0.5030566528161319, 0.25957074637085276, 0.11812290565807038, 0.25121386034033344, 0.46851070657251215, 0.05213303720396267, 0.6443877450191209
0.9168846295233067, 0.24943404504960265, 0.26373547968525957, 0.3531888964704383, 0.03560529292269399, 0.045615221961718744, 0.9778973695405512, 0.4190682000678151, 0.5746157858915725, 0.8387578593039168, 0.4339576233382272, 0.39685452677430355, 0.569485691450696, 0.22388100285999535
0.31807741366775055, 0.11657772869021799, 0.3730153900158324, 0.14931691147387494, 0.6130712693884364, 0.22264566871171587, 0.7932092979947664, 0.0003735874976273923, 0.47423723193976086, 0.8516481967460554, 0.8837488287511128, 0.7924099985067639, 0.7849288797483321, 0.9673190686865417
0.7444302805184803, 0.08141079591153089, 0.578892094710441, 0.785246833626792, 0.7511667768663396, 0.6095018160263361, 0.06343882153782765, 0.7820849122119544, 0.8888552853906733, 0.29240026661016494, 0.3387143908034266, 0.1164859764865952, 0.09845736973507524, 0.7294978797780822
0.5083368480938075, 0.6604255777506911, 0.46023850787014264, 0.48997210909535704, 0.0321619422462085, 0.11267650344269164, 0.8203560127670246, 0.764003381810285, 0.6972432197848503, 0.48661194206824465, 0.1186289376747599, 0.06488367182070953, 0.9421355384093607, 0.97881553742301
0.5644649573241792, 0.7853889251831527, 0.7923547264319616, 0.42564554163398316, 0.24833098618008165, 0.5468618445597767, 0.23989713625988784, 0.08185341930082313, 0.08933596607648875, 0.9550282924212126, 0.06091235342680068, 0.007768474677863901, 0.7862341304044872, 0.5390795678006574
0.6143066214976167, 0.637747902381864, 0.5491299515250625, 0.8573998792410836, 0.11202113087624888, 0.23736779786494633, 0.6013482275095274, 0.9577804194132383, 0.5738843888183389, 0.13885212710326078, 0.11241899463450755, 0.3068580491110099, 0.17595991519708165, 0.08134687537797247
0.6004721552380017, 0.9040110810588914, 0.0534354130635335, 0.2542445731513848, 0.9428479984467716, 0.3134656716045716, 0.7088776516682619, 0.4706306343579233, 0.5195439971108247, 0.2642478749844509, 0.9149187244006409, 0.017745981274486566, 0.25687006333585505, 0.4934045286973
0.4710149304220963, 0.859209425107067, 0.33997227039759204, 0.1332649972155714, 0.35379286594985937, 0.3913273780453912, 0.6050845488964988, 0.5032603964218221, 0.8891222352277097, 0.7935228375969804, 0.6124139787054461, 0.397717936050458, 0.3235296175116241, 0.28525032683738083
0.2456645452591567, 0.3368001953073113, 0.6183356952404115, 0.2344545395115143, 0.06759823044407798, 0.10986375912758906, 0.47595136615019906, 0.9340418235561994, 0.47679061760596375, 0.35916928499479184, 0.7142339416082942, 0.1359655772617312, 0.31397896404833825, 0.04319785499526474
0.004804760612709402, 0.3830032934835442, 0.3865622296746579, 0.7202022534233334, 0.5943307318800576, 0.4442284469911262, 0.9454693628669479, 0.7534359985555935, 0.11149986061663508, 0.5856079606654455, 0.558583463295794, 0.7692743910203468, 0.1642898616383175, 0.2953920244257029
0.15839084118889313, 0.4588603186809339, 0.20565470897735316, 0.9814661397398287, 0.8722945689436553, 0.3043803468661842, 0.7245753868971453, 0.15965719863235484, 0.7747162800607038, 0.480732830759965, 0.9200982909412715, 0.387085955649211, 0.34873744028144515, 0.05991422164971305
0.37480439459748593, 0.08656184017023949, 0.13282326616499363, 0.4669032053071176, 0.00592735950475165, 0.8927100407887985, 0.6172632959983289, 0.8776588310210333, 0.2619521006522394, 0.3338966103842478, 0.1519215849239629, 0.8724194749010956, 0.8787983648243621, 0.5073326106750713
0.20617047311369607, 0.19425706444195168, 0.018754277190409563, 0.2586092811398646, 0.7150660394234624, 0.8183595625177589, 0.6996745870665915, 0.639713611995, 0.2384486138058538, 0.6833163544814378, 0.04967491942340385, 0.8999494093453071, 0.2695277195348992, 0.5767209030491879
0.19065385170412852, 0.3795992231177706, 0.8209512471413482, 0.5850549242207878, 0.48919881037557034, 0.1453586662749322, 0.4630023995807798, 0.09041460913340837, 0.5255166684418016, 0.8265790781333839, 0.9195901591579888, 0.4030626216687051, 0.24460642406917388, 0.6435423326088056
0.7572838759150179, 0.1835319338494804, 0.6586633980884268, 0.03674069464201113, 0.09434527237051471, 0.08239424973379783, 0.7873064334581356, 0.8974804118696934, 0.02862162183621908, 0.6563765265165578, 0.059659357249501, 0.7415470446789452, 0.4505302603148158, 0.06116355028598863
0.4180053998633594, 0.4681746206722507, 0.12026326219565664, 0.4716950903676703, 0.634218597450051, 0.5059043768591058, 0.5715516907249435, 0.32551206849991987, 0.8073241541946493, 0.5169625010172663, 0.8191668394599407, 0.203855177656315, 0.31061397114146927, 0.6062074394547228
0.24998070534965466, 0.2444453836126944, 0.18860640158878128, 0.38868289068282746, 0.849401252039069, 0.12538805252485752, 0.36227235550343206, 0.19353708337413889, 0.4949044941154622, 0.28879013338070236, 0.29331767990922675, 0.313674509855962, 0.9943436348701498, 0.8167741640704025
0.27307202696517363, 0.3315837503371718, 0.44691760471889774, 0.8760041860766585, 0.9904105757761063, 0.34001411962742, 0.25891620303906293, 0.836153948857475, 0.805023196699657, 0.7280374607720832, 0.10550881439101634, 0.9220707056418802, 0.22620344350718447, 0.473775142023252
0.570650532817934, 0.26999723154932354, 0.06799670076510955, 0.07106393703435676, 0.1464429064467293, 0.10881667886774704, 0.9711274402650706, 0.3853992439308277, 0.16116392985984518, 0.7986108073592564, 0.6427187431424398, 0.12610912150785447, 0.5883822342072021, 0.68793510667214
0.11395269697275345, 0.3059614038970647, 0.0752616170311875, 0.493237567417686, 0.24670402838327377, 0.5963803454654206, 0.8490539939211227, 0.14745796843796344, 0.08370708428229512, 0.8176985729144418, 0.4703376432383831, 0.4532919388526647, 0.3494588368304974, 0.680961802625659
0.3197233713893105, 0.7758665746421841, 0.20013785915815208, 0.530590366662776, 0.10362229981944149, 0.5985731535944062, 0.6926097460383387, 0.032044706501088704, 0.13831258187824602, 0.4219255355802255, 0.5709313793119876, 0.3340754400151209, 0.05836522411247769, 0.9008923709514796
0.96261153447922, 0.8944202380184308, 0.6021165875927129, 0.3308568243587562, 0.9635587827949741, 0.3833519537678186, 0.24170261925469538, 0.10830369195021483, 0.9544601905739695, 0.03771918103543459, 0.24365853810711346, 0.20840293959883516, 0.2711268811690085, 0.530749083054841
0.9912689939654677, 0.3502259564056537, 0.39272616284117456, 0.781410821190878, 0.11404278320482775, 0.2019118242563379, 0.12909149526225838, 0.7534047638233936, 0.21212444703782452, 0.270192550658232, 0.03023982902790545, 0.432484375738851, 0.32804577775067867, 0.020321375018915067
0.7707597910741654, 0.5491753213730813, 0.67368864933939, 0.8357565514681786, 0.8514055981085226, 0.6047888959253482, 0.6980359075905307, 0.6162839795851129, 0.5588589328218313, 0.21547490253208446, 0.8883863790903019, 0.5214167309661719, 0.03337532632104123, 0.3243518495305846
0.44760257651361235, 0.7187397430537457, 0.6634133878340659, 0.4214298966613681, 0.1094997927580782, 0.5961424214355309, 0.3326736936680934, 0.24220004803923612, 0.7281192133785263, 0.7462377579250725, 0.5293258382289274, 0.1551975145016059, 0.4962238013652778, 0.917085881981384
0.24380111817041072, 0.7770957587619823, 0.5722585667043368, 0.6938139543883982, 0.7886526478501782, 0.5534393557987669, 0.7496935259835859, 0.03430491369398936, 0.44421553073284714, 0.22513262436672288, 0.05611673749432089, 0.01310495244787202, 0.05687234756041237, 0.5491497319796502
0.9622747363548806, 0.2132926409757866, 0.6583637064300103, 0.992529370565565, 0.1319132592706218, 0.20885962689040727, 0.701519010637873, 0.4078314599883217, 0.8779823163469788, 0.5195716867616161, 0.5111846638343996, 0.22823904753874524, 0.05521100262237699, 0.16342865305612897
0.24845843929263323, 0.36325963479238166, 0.07397841933218818, 0.4045809507842144, 0.560910874842581, 0.8465692903903197, 0.6294149464373376, 0.8390494101227739, 0.5965248654970815, 0.9780950418634855, 0.2417802805552548, 0.3575629948799065, 0.20968473197852044, 0.9456760231237734
0.07236042773052798, 0.6479579848687246, 0.1057290959252053, 0.38703159687045585, 0.19015502290373065, 0.5319829230252354, 0.9692629742312515, 0.06409427839469684, 0.3676376949050798, 0.43012524136006636, 0.7508312777149213, 0.23723642452968052, 0.643638625271995, 0.2782666066212346
0.977359142166306, 0.19856596685398287, 0.989452409406095, 0.46012662628926504, 0.6840958076639218, 0.03758168387159089, 0.5207307088885649, 0.5871936577422602, 0.8150351025130744, 0.09550269233034003, 0.3592163039767071, 0.35027088126140793, 0.4454303800593957, 0.5506907127170398
0.19867145763195326, 0.4908446915260063, 0.7342534460329536, 0.31981243313844154, 0.8367258710838744, 0.25988261052035144, 0.4028534364237376, 0.3655052795120619, 0.20020619534129425, 0.08491774510105343, 0.49117052356687363, 0.7438731801511465, 0.1460393377340291, 0.012803707217249882
0.23208723858226776, 0.5309676603857441, 0.11023705000299489, 0.004076353579269498, 0.9648377833814739, 0.9227681242728671, 0.9485180374621411, 0.9635475078020135, 0.16436245944562444, 0.8902784469562421, 0.97448438989022, 0.9240990784089814, 0.7294028010075503, 0.7293481335462009
0.7312604535940991, 0.7175940767808221, 0.799679166413824, 0.026230011085068505, 0.23213141479421195, 0.8020019915094423, 0.018279804960910306, 0.6353855160223492, 0.9030196636350228, 0.016446405090551397, 0.8693620693206521, 0.7809367557777518, 0.335535988222854, 0.09714987221138693
0.000184060028429,0.203225615057,1.77211506806
0.000130193331613,0.1707171525,2.10930908526
0.0012346654975,0.35135143333,2.10987609787
0.000839635899424,0.673064085637,2.33543697616
0.0131613049162,1.22650663826,2.48832606486
