$x1,$x2,$x3,$x4,$x5,$x6,$x7,$x8,$x9,$x10,$x11,$x12,$x13,$x14,$x15,$x16,$x17,$x18,$x19,$x20,$x21,$x22,$x23,$x24,>>f1,>>f2,>>f3,>>f4,>>f5,>>f6,>>f7,>>f8,>>f9,>>f10,>>f11,>>f12,>>f13,>>f14,>>f15
0.31692812577202867, 0.5971291393528808, 0.18892767296257318, 0.20507847590615358, 0.41222216287369795, 0.09640399901711116, 0.22932533622883677, 0.7690195548819391, 0.23531542733144528, 0.9615567976014197, 0.14595790657588703, 0.9924913562713686, 0.3781776900688574, 0.5598522175194084, 0.6678024354335931, 0.2995989217218492, 0.05599576236211634, 0.47802086547754674, 0.9508958418734488, 0.6541490611050901, 0.6127044613625054, 0.9414204876338635, 0.08406420425309746, 0.4606145970471728
0.9750599360602259, 0.22296647875868425, 0.7968057455505351, 0.07115797099409704, 0.33272729324629935, 0.4932175144184565, 0.4772983997584678, 0.16991739699429698, 0.594534083724111, 0.88401446772465, 0.9605628334425683, 0.9719019725278016, 0.17925736099839373, 0.08311037413627698, 0.6345556308880482, 0.8513416789908813, 0.5105924509588595, 0.7965806827914771, 0.626413408144809, 0.3402582234225109, 0.8016223507576969, 0.45243592148112877, 0.061243559329140496, 0.9924598291939029
0.20913776686203422, 0.7861951877984861, 0.9607683318596139, 0.1491202923667262, 0.3571790190299583, 0.906550008137099, 0.6957848090541211, 0.894016720499252, 0.5032624108244311, 0.2823494495524417, 0.029561196453480987, 0.2869970307151467, 0.27381599574662074, 0.4849153711037488, 0.06934277065166383, 0.6801819395150133, 0.536090833213757, 0.7954308785495531, 0.1132981732921442, 0.5531506665156668, 0.7525128965599336, 0.9554212044372624, 0.839881460249284, 0.9999665608773372
0.9825652417958818, 0.31379944150871664, 0.014266765460018038, 0.1353964243453638, 0.0048590643996934135, 0.4319506251285917, 0.5038511625398948, 0.685287841302352, 0.6593219412479858, 0.04416459436053077, 0.7795981973940915, 0.48560493103528257, 0.8196107351348906, 0.592313073260253, 0.32071615134874887, 0.8976381701140083, 0.6245254864714047, 0.2732806964082023, 0.16588470454338589, 0.6967718644583171, 0.16582591079049092, 0.8029746847167915, 0.8262725907136462, 0.8574755163483252
0.897821958704318, 0.5170917778815672, 0.44889166039586026, 0.8189655939938253, 0.37846521629012775, 0.18909876217605393, 0.7319265593931359, 0.8188345316983121, 0.9935866848621616, 0.40726626246472497, 0.0018243057822187048, 0.8328190046476842, 0.34752956677873326, 0.5098767091593441, 0.8969730445661542, 0.18961188251688965, 0.8313798587321914, 0.9662278845151746, 0.023513001908123887, 0.09123522493704594, 0.5981792201744287, 0.43041788761374256, 0.6203972152114703, 0.24875471924341352
0.08840675909307483, 0.30992033269713837, 0.08179395547970336, 0.6555749891800141, 0.4717984691763982, 0.7734160573492418, 0.1652924276184321, 0.12470480183165289, 0.6809512952076877, 0.8506778613541437, 0.885107020751582, 0.30388714121738913, 0.40782418395592657, 0.9439493030963291, 0.5211946878765765, 0.7284413693121224, 0.2877405655865226, 0.611641711274092, 0.5233768847288144, 0.25568355956194455, 0.23588005575508586, 0.8767614626578266, 0.9713231207872954, 0.6637367206436848
0.19580180307177864, 0.5110633116437275, 0.7900090785919449, 0.44364783905267235, 0.6494192086195503, 0.7722446441495194, 0.23377537687629224, 0.5575797445394155, 0.7664485302917162, 0.24320738507745698, 0.6843747539426731, 0.6190204514278203, 0.9397461273277968, 0.14824491800448136, 0.307909449906394, 0.7578186294408661, 0.5909811023623349, 0.5420057296132592, 0.7545004294878002, 0.16074925396309248, 0.5718764692535597, 0.24343174326215644, 0.5447694072664025, 0.3562813098171901
0.482903567339411, 0.22158933618327492, 0.27146954797939693, 0.39721775779923973, 0.09625567827701131, 0.49312925477588143, 0.18244300102575572, 0.3372561107564358, 0.540395076309935, 0.0991578636396353, 0.6691236973144011, 0.2964138814470274, 0.5780674991509388, 0.03872911387850164, 0.9001492523203947, 0.5251111091292378, 0.8118982265363313, 0.9361500581215761, 0.5746484985202068, 0.20897999988345883, 0.7083036132933516, 0.8057269513118028, 0.3130473481141437, 0.6075344689027883
0.40074406850925504, 0.7529624817868917, 0.7693395159147203, 0.9225456774108364, 0.9360174977299901, 0.5038404622885699, 0.09020454106889964, 0.34803294674928964, 0.3599134063674885, 0.7519499583953206, 0.7500206337432972, 0.5971949342332538, 0.6836496741733098, 0.6113668747476317, 0.728992020378865, 0.47137737108511346, 0.8042439717656186, 0.6361511587661256, 0.3432376640330219, 0.42351293927575495, 0.32710643550200924, 0.7252078899933269, 0.6564409527828327, 0.0011449015343607538
0.3165553293731187, 0.7502546368731537, 0.7302837348522104, 0.3519787295577913, 0.7574368342284739, 0.39205977733737685, 0.7822732332320443, 0.8045150684959333, 0.2508603635821698, 0.33393292349931447, 0.33550275487849435, 0.9362875580879205, 0.23316423160001043, 0.9862520897261794, 0.7630719905001903, 0.2516362555172458, 0.8757755275128588, 0.24071797579921195, 0.12083862212446961, 0.8464608290559484, 0.3868428416158032, 0.6407474765743143, 0.09209439057442781, 0.8150977440638003
0.6091820466346572, 0.8059302558966401, 0.33084000776314515, 0.8424284730940718, 0.6922529387535843, 0.599920604400079, 0.24221169808247556, 0.21067594713827198, 0.8519811692049467, 0.6031385714905096, 0.3660587692051358, 0.09348098678634464, 0.9036449163520314, 0.31587605216161296, 0.17257508331740845, 0.1789309491580744, 0.43349867931564323, 0.8992061505393774, 0.05411202223955347, 0.4078465198652548, 0.06930458031449105, 0.5229436101296802, 0.8521772950068932, 0.2835088448904397
0.7468574919957881, 0.3392075586115294, 0.281481002312042, 0.6580039342748182, 0.4534658010704553, 0.570513275095612, 0.8717166172614828, 0.030565003487108555, 0.38252347190691016, 0.9550555037300152, 0.7320154872694359, 0.7166964114632112, 0.031694384324653435, 0.14534315847873358, 0.4882858380715507, 0.7467460730554012, 0.7605097119899804, 0.6523177614075306, 0.27782057790226133, 0.8192504001903685, 0.1359514458508988, 0.41466377783256847, 0.6237929803453117, 0.22498789102215866
0.5678658094622236, 0.09033029634484191, 0.6379165033296765, 0.10530276669769034, 0.4348211777451536, 0.07864163275916403, 0.488923287512939, 0.5056016473254772, 0.3709817615862353, 0.09239810521158309, 0.40073203529804935, 0.10081873770735128, 0.998069175410598, 0.7009696843897292, 0.3969511172362492, 0.36567520297896616, 0.02031080912148797, 0.768260309515563, 0.2913318830798699, 0.5267354315681035, 0.18988013596306164, 0.42066863303383994, 0.42572633688336314, 0.6812933817099989
0.9542607067812656, 0.23922596234211346, 0.5737910980321812, 0.3969500170585303, 0.41552291883092596, 0.5676931660067421, 0.5334927366032342, 0.4449377839009582, 0.2533723898212791, 0.7642725636551715, 0.17591483711773714, 0.7746631334163548, 0.9055189444430181, 0.27536302808904756, 0.04256407726616063, 0.5780371584023108, 0.01728218168516138, 0.9443677259656368, 0.30992962695996273, 0.03304210773910621, 0.37929142529240534, 0.7211989143898152, 0.6141369371462391, 0.02241278677667169
0.6249767343712845, 0.09885849444699757, 0.10507744747658632, 0.30174330917128167, 0.6075821010234826, 0.3699133235351859, 0.9824194520748676, 0.6887814014245384, 0.3880253946827925, 0.6841727350712213, 0.9492105211417539, 0.884320827600114, 0.7387574405758618, 0.7557522798562318, 0.9114949237635144, 0.4435468388872149, 0.24994451346723545, 0.09929939533258814, 0.7262297801362465, 0.9032518918681267, 0.1671493916894924, 0.09669012725465931, 0.4320148447052532, 0.3690905615660862
0.6588965006251302, 0.8664224187490212, 0.5234203739586071, 0.6307449764813939, 0.8341493658241594, 0.8094674685297488, 0.3942812066235626, 0.6715766946490548, 0.085761021226203, 0.22968603061313086, 0.5338097404219938, 0.6276630892127111, 0.33607829478750095, 0.3133830964209243, 0.7586995523359329, 0.8378118358680774, 0.44319442176536084, 0.5332960030807185, 0.6095593690733151, 0.971669493313953, 0.5129764106974304, 0.08997066601523995, 0.5100378247115678, 0.6083594021782887
0.6622642396455239, 0.3505454011933251, 0.266284974358477, 0.8044911783218691, 0.014528034363916142, 0.6887909299778597, 0.8595863705529813, 0.7870028021525364, 0.1497816538850627, 0.4881772079004584, 0.3652466961588595, 0.34697871239518707, 0.6284850700829916, 0.9380539488108414, 0.7958197313992559, 0.4035363162887583, 0.07894532175257174, 0.2492851434843173, 0.10235621929915129, 0.6994428292516874, 0.3060027817460751, 0.22398327387466588, 0.3627891013400748, 0.4261843660154061
0.31217851286094533, 0.8810916816091539, 0.4698243635334305, 0.5762224798707947, 0.39620701130115954, 0.31346612153961007, 0.28921510786602744, 0.9264221281178039, 0.7887550144807488, 0.6818969831160696, 0.5245138671185916, 0.8434803528357994, 0.19245033340168272, 0.38056689661432386, 0.13611133305238132, 0.13629825237898074, 0.05640930142309353, 0.6941241282546045, 0.19116594037464796, 0.9387204165179202, 0.28685357644104525, 0.19284751193596072, 0.2870674943781909, 0.3647363834639856
0.43490658643728, 0.9501160977162515, 0.8475308195217551, 0.18831237261999645, 0.2858944024637283, 0.5554360965472174, 0.2227395621628835, 0.7642454596773788, 0.20957681655377425, 0.2931645087359126, 0.09548091947479787, 0.4597643750665815, 0.22758776082043097, 0.8015306734476636, 0.06704036441712624, 0.9243022544182851, 0.8912220783024976, 0.14196215357147546, 0.10459578078462695, 0.3678781328873467, 0.17917420860085986, 0.13036742333548845, 0.38581691949888464, 0.44118300758000883
0.44084146402711055, 0.7466440608653153, 0.3259402585226653, 0.004530771254061539, 0.9077855689618134, 0.5911122663040861, 0.20509590218309237, 0.30203901176028325, 0.7917367535294004, 0.3466242462462801, 0.37897160099472604, 0.06042726162776546, 0.933875210243646, 0.3718644562632146, 0.6522086609213291, 0.36278456301364614, 0.2407971440582619, 0.0800018608827201, 0.6410636607255993, 0.9093514194304041, 0.320936493362167, 0.01429476714909328, 0.9435735895197915, 0.4063321252672305
0.41188918470023184, 0.7582627093385282, 0.24235884202958058, 0.5653129629638485, 0.38899265151030926, 0.3204498440938155, 0.11825916118851676, 0.22121656149300872, 0.2912289928783507, 0.45755536072827496, 0.018555573909951995, 0.5886188984024411, 0.7042111864138094, 0.7488419201056079, 0.009635071272078743, 0.36820520446367144, 0.6566886356619734, 0.8187352698330781, 0.5467364536391536, 0.2228971935248396, 0.8491562353664415, 0.8123421081654885, 0.7433113301413544, 0.6166363556851894
0.8391999417598054, 0.5537880996328757, 0.3380249456984892, 0.3940815830398712, 0.22559402122313799, 0.03354983425803759, 0.008162007870316956, 0.6606348290603158, 0.3923845843287651, 0.6454385600443042, 0.8121692255019628, 0.1937934215876178, 0.7104965415985153, 0.7160446109070987, 0.8573066533254788, 0.635000466870597, 0.1837859710054338, 0.65058225123998, 0.008548643788923505, 0.4289022932768396, 0.2491680396157897, 0.6229634717879841, 0.6286253367465219, 0.43957192150168345
0.4006043613346183, 0.8437536194679333, 0.6154969770845778, 0.6636584980729318, 0.5370626627243894, 0.45665869163818873, 0.4578085049402445, 0.730606967189372, 0.9917475386841211, 0.33821010318055345, 0.612893163219491, 0.4674491943097705, 0.9663192981885379, 0.14723124971760637, 0.7552374691236661, 0.08544846615410728, 0.8743881839514374, 0.010215721111840548, 0.10181272109504369, 0.5869651026341025, 0.24632260820401242, 0.2062934714876875, 0.936116663668965, 0.10812355771954107
0.3660553911977332, 0.8315510837592605, 0.9573052038944929, 0.09132149432748293, 0.15006323220012296, 0.6908514922608764, 0.7844882311268762, 0.8447962367239356, 0.13851190900683208, 0.1504321246670497, 0.5550673231844959, 0.10338505824612709, 0.6882940394105825, 0.9494901808335899, 0.8341735466449084, 0.5919645837209766, 0.7800414530266007, 0.4423609805361495, 0.931735166944594, 0.630597588124679, 0.7596172934602351, 0.6869818634859611, 0.3174892296095133, 0.05975613151351811
0.3676582900165022, 0.0896247295688174, 0.02919573493145733, 0.46667953694516506, 0.9006975450393602, 0.20050848562026136, 0.6216616574698843, 0.7823985419229857, 0.7389420971887309, 0.6888870973233724, 0.6536403622596031, 0.5008928130314886, 0.40053592745060274, 0.1670533180169559, 0.4571555311181291, 0.5107012714485007, 0.5848500077623408, 0.13895078917082215, 0.6033409876398859, 0.6863096484747605, 0.6911815007304567, 0.9710389483730606, 0.6778238985133015, 0.04122863793809506
0.9162100742940076, 0.6157903232938138, 0.7719779270616407, 0.8215376332575898, 0.7804434811101181, 0.9843499934325944, 0.41869807107462775, 0.8267612224817745, 0.5096292967945952, 0.5357655340713438, 0.14428493484118676, 0.23926284997470693, 0.130094400149103, 0.8366907474324665, 0.26732332007472737, 0.4167008191202226, 0.9262661654628792, 0.38304912043281625, 0.09935472095417952, 0.3035218151920589, 0.3161973672057635, 0.326449896871727, 0.2093175611178434, 0.5336364533673169
0.8761561423919341, 0.1110095799045634, 0.08963350379229162, 0.6305145059210467, 0.06447728647883344, 0.7585938496392062, 0.48858395855968795, 0.39431408054357353, 0.676368426737702, 0.6176996873224551, 0.4791078034085362, 0.482877797974382, 0.46699697897594217, 0.6098140444777416, 0.5625720856162767, 0.18820861509669473, 0.07638436020845685, 0.7895020086190623, 0.09341782346286753, 0.9201280393845822, 0.19522191121384724, 0.46443385743368437, 0.8520872969924755, 0.8886434067567422
0.38071082187873106, 0.25953113659268134, 0.7686053883365677, 0.9867762775006615, 0.40586180360929447, 0.6430919931526882, 0.12744100434654537, 0.7543611225283202, 0.6251176328411037, 0.21944183322048239, 0.12882847795950758, 0.9467169975339658, 0.7822949428092951, 0.3934436363144236, 0.3667002026879994, 0.30835915423648796, 0.5303188780670042, 0.3532951556090186, 0.19392766565360808, 0.6067984279234829, 0.5196545132762628, 0.8853339912592949, 0.8419877231916161, 0.8627323011148207
0.3385306553791335, 0.3051789729149099, 0.14051820744489085, 0.8237591744443592, 0.09662357196641003, 0.840496109211767, 0.7089904856729184, 0.884896649925879, 0.26460814645321096, 0.2298837673841283, 0.8034214020973741, 0.688349599236866, 0.9296228485609719, 0.720443427526711, 0.6517533494532001, 0.08425142304858413, 0.3531396611657529, 0.9792879176767193, 0.465842621919336, 0.07889983546655133, 0.0023429468211882964, 0.7671234231571569, 0.9417227259688903, 0.014576649328101654
0.168792981520536, 0.012590892482843952, 0.38561247569932877, 0.15313932313787504, 0.836031697818818, 0.09484602165046174, 0.4489282509501237, 0.16212457331892083, 0.4066164675198768, 0.21009135492063147, 0.6815399805698571, 0.008899970380193634, 0.7518946452359611, 0.6449017180371307, 0.12902475827205262, 0.844261348015217, 0.32666245920481385, 0.7057688383419685, 0.1383834596819694, 0.11213710277990707, 0.08461697614662, 0.25603437197467827, 0.19194251944718876, 0.6230674650153344
0.8500188010552369, 0.5002007174610957, 0.4746560555027808, 0.6252554163806383, 0.9115924714179778, 0.6699649512777249, 0.7213397434089649, 0.4999933933265681, 0.28189312144568257, 0.9490053266921193, 0.6830602174773952, 0.9877987271300486, 0.46223295980478185, 0.48838220598462956, 0.48254140659511324, 0.7872726515163614, 0.4407665477411339, 0.6095916085870309, 0.9587183184678985, 0.7664173686506045, 0.08024594230238569, 0.7092646217278531, 0.8291720010979904, 0.40355821459242536
0.137400502145549, 0.7653502504646083, 0.05197445214381291, 0.5626793227610146, 0.787847914310723, 0.2125829659019146, 0.4356226961402033, 0.5201452153001799, 0.43687331247098626, 0.8827711219110352, 0.6436474480143687, 0.18875889200435236, 0.4150271989570671, 0.844725455228512, 0.005881188548985783, 0.17506203327196235, 0.30652612994423534, 0.9360965436286318, 0.01738169730350969, 0.7170191633967826, 0.004469574676537191, 0.3942125591402459, 0.4437772375514649, 0.8867174603392948
0.9175006001271001, 0.05911729359558893, 0.4512760758220159, 0.8845324435975985, 0.3139391194278971, 0.29159192219303565, 0.8041067577336789, 0.37934257928688264, 0.17200623664404835, 0.2898239408630412, 0.822021494689634, 0.45876759795774924, 0.6511466877725566, 0.9382419923709473, 0.012440323602163184, 0.5011677335516913, 0.7242294032655704, 0.270578914566196, 0.9203898044388789, 0.9074473056338934, 0.5144906533574385, 0.5447840586955611, 0.7221121825866829, 0.1876761455187117
0.4359388664468232, 0.18581420954426597, 0.7843918829207794, 0.5799909750052187, 0.6432731766860861, 0.6005800395281425, 0.7076647070945399, 0.6797905434285754, 0.2022573857997777, 0.9694578036628424, 0.6428857951093712, 0.6329912599535445, 0.37130984421419666, 0.7996474441936627, 0.005670933033443792, 0.1424229518882546, 0.21102125074159583, 0.4288487528241547, 0.28092293397060397, 0.5955010632369665, 0.46989500376002036, 0.835328765097264, 0.9215022369466215, 0.7999172363337983
0.3870475642773845, 0.9944811749008334, 0.11523083440930548, 0.5881016412347803, 0.4117723188718567, 0.482342888114651, 0.6993878746379407, 0.86791670937361, 0.006024206513930319, 0.5977718040839548, 0.6252578960681365, 0.714010137639059, 0.5465967453953101, 0.011630736395495278, 0.7531168280262821, 0.10819882524114721, 0.7336383822591551, 0.7629729039688427, 0.7949260997004542, 0.6542109181482193, 0.23763000488674324, 0.7641149889695416, 0.18671981317205122, 0.04627552429774995
0.18283175134430352, 0.18033072087672064, 0.47576485363259224, 0.5466479726900765, 0.2581076678494183, 0.07256846882740098, 0.0639946828175817, 0.665152874514876, 0.766463398582341, 0.98545615290583, 0.9987656476470198, 0.9476990611566167, 0.2612849189541534, 0.03634039076613482, 0.6210930585389951, 0.9366462020378111, 0.33011152595060045, 0.7406635797256829, 0.44326623527002973, 0.6034692582093637, 0.6915896818465759, 0.39159131211020004, 0.7018862792378004, 0.5659440398517763
0.0014830385400762536, 0.032004819613621005, 0.9674735469486967, 0.5479409845625831, 0.2804678125680309, 0.8373714440950797, 0.9901641350518732, 0.6962308165745558, 0.5444002786344905, 0.501887896190096, 0.44322249157207794, 0.8215323318948536, 0.24682603919689472, 0.728728084368533, 0.7088891121764691, 0.2807114083819682, 0.02147727530849819, 0.347830622095763, 0.3259013414068107, 0.6279490227198635, 0.2301857791867714, 0.964272814549012, 0.5938150726003771, 0.8429622719112398
0.07811658515023567, 0.1773503848106699, 0.12840653287071402, 0.5682367704159632, 0.16143832265126046, 0.551165071582779, 0.6242745951189551, 0.8032929453302016, 0.1861867315453174, 0.7482081830282213, 0.4404250599940527, 0.9364563716408449, 0.6730995268713958, 0.36850539975119323, 0.9563456124950291, 0.017725339315737276, 0.8725674693825812, 0.7220708678480726, 0.34102450534187156, 0.029047170213999163, 0.8202642735161989, 0.6957014408176996, 0.9871228984130996, 0.8888088435382813
0.14637286435265862, 0.734627364861209, 0.9389555866132833, 0.7328833866466858, 0.9740714410902831, 0.6050607292540308, 0.5282385220509392, 0.5601017562538507, 0.8554556147004176, 0.9827874567550225, 0.3585639095430776, 0.53069563295912, 0.11857396149631105, 0.2473568830368481, 0.23261801626119039, 0.3045820899696303, 0.8412215361954601, 0.4125645465198179, 0.7083215345903195, 0.030112827028843436, 0.5480539230106987, 0.2176608613567469, 0.4873521576413423, 0.594973754718575
0.3301521721135229, 0.32976038054748613, 0.2890332155189014, 0.34869398183916, 0.15718334263034583, 0.16738023872794705, 0.5751716068431887, 0.8291525018299308, 0.4600559096772918, 0.8168659329169708, 0.555683635890944, 0.6862197858473802, 0.5898959350421462, 0.1375292715870836, 0.5517920511165119, 0.28253225037544427, 0.8921512128069468, 0.2114212074687839, 0.5001510219548102, 0.7170076816398169, 0.5822117718031063, 0.007377361997632503, 0.30928772969568363, 0.7931140801131622
0.09830822234010139, 0.02714276043670527, 0.7437652245847467, 0.8924262153027904, 0.7833567788891809, 0.8388131066773469, 0.19679619875839938, 0.38760518830330537, 0.6896232777672648, 0.34523736063568944, 0.6733710001256393, 0.7906270496172815, 0.3829567141694806, 0.5108665380701756, 0.4245215760122867, 0.33006743523061843, 0.4039763241923965, 0.3969939095243856, 0.5715989340208996, 0.7423228143931122, 0.74515054073198, 0.8953510868636693, 0.35607748650048865, 0.5136567575561303
0.9227841635693191, 0.3413287951554582, 0.5876504178715825, 0.6854399480675866, 0.6667104941488776, 0.9075045607107455, 0.6148197850072201, 0.9954461690288732, 0.308260058024167, 0.8600753839832147, 0.7520678416498265, 0.1331016807635803, 0.6943104182060972, 0.4659541750445967, 0.19040109508123226, 0.18211913726725948, 0.8993710328788014, 0.06561847096333073, 0.9833589188028244, 0.33092650672726875, 0.846523354472541, 0.6913474270221673, 0.9858612030952942, 0.8596658790176488
0.2837871396625411, 0.8055943821725725, 0.526879658224482, 0.10219503101005833, 0.536241657034183, 0.3833236131757696, 0.5430134273785655, 0.7163536675219343, 0.14149271802507046, 0.036565266073105396, 0.6452421082269411, 0.39055210366127646, 0.4423730127572746, 0.17481096191827072, 0.23277092867094995, 0.21003467275761545, 0.024303270725356763, 0.5308358565874207, 0.20516271815094378, 0.5227017804739876, 0.3075483792544891, 0.7600219268669497, 0.6183456191591845, 0.9849990729640524
0.2039656221577606, 0.6195530236350567, 0.6970615961308874, 0.9189982770140583, 0.5706441419955833, 0.8671829527826042, 0.798425050900511, 0.5357146977255878, 0.0871357016913562, 0.9436746309554184, 0.8447417642765107, 0.8325646328776837, 0.9563434845688433, 0.3266334937510509, 0.48395416364866006, 0.13915259849609574, 0.14306322881219957, 0.10702849609753806, 0.5462830237872937, 0.4824157546824449, 0.8776033089887786, 0.5343776417606348, 0.18688508045243335, 0.5039717082632234
0.9503853386463244, 0.8593701899834101, 0.6059924488082785, 0.2931342225387785, 0.6650729548638604, 0.01043926729729927, 0.9534716430082109, 0.7232707828599468, 0.28480551396373865, 0.2193575894271399, 0.6713986987303758, 0.9344062802218153, 0.8818104073348487, 0.6021645458728444, 0.39539148650669065, 0.12799120279479137, 0.21554844116491134, 0.9470047815646414, 0.9656293372506128, 0.13205752673283255, 0.5816902682154773, 0.11745118881453176, 0.5941684731662072, 0.305277229010266
0.46746497419870225, 0.8989457880251501, 0.8502793950972714, 0.38269546857193026, 0.20522058949469557, 0.3842986743803586, 0.04469381986228482, 0.6595311958121909, 0.8481623930453372, 0.19078701728507486, 0.8312294600243062, 0.36721253071825377, 0.4358081345714312, 0.23105996065316958, 0.3993974892708252, 0.857024599239114, 0.9782026107739034, 0.4398412635598542, 0.6219170556686057, 0.04081103334766012, 0.1730064883935175, 0.24498835220688953, 0.06962373537631528, 0.8508516638563209
0.7522830780291735, 0.8195091628576762, 0.785768031933485, 0.6181442487712386, 0.24571465665867276, 0.4325571711076154, 0.5586837933859898, 0.3846677156929854, 0.08454043115891652, 0.7193195657925794, 0.9391304456612333, 0.30153533036442026, 0.7691823591495048, 0.7659979611124487, 0.7262742412742177, 0.2341147171496205, 0.10495363863822937, 0.09715565724471498, 0.09153390819885299, 0.15639037953083712, 0.6642333336580181, 0.8257175032250826, 0.8845048578159165, 0.9848501959027357
0.38884866581852484, 0.6226029689061692, 0.028249257368314407, 0.10344801239980561, 0.05846343087483097, 0.9406458245519342, 0.48205760072844195, 0.732746481588281, 0.15999357724047292, 0.09799543477752015, 0.8865118182560316, 0.9059388613925267, 0.7296825378755027, 0.9283014063902243, 0.8400906907131914, 0.8410689458431203, 0.7648833912168808, 0.4612178005230837, 0.9236321766782267, 0.5587730373351738, 0.8036463512034938, 0.55552682528928, 0.6654939440122712, 0.5745716877827047
0.006905308415600109, 0.01059398835731562, 0.036840555514179196, 0.039261492185308056, 0.5687529219443166, 0.5403958606441538, 0.7140013276957246, 0.6606103622741307, 0.13209768468213667, 0.3298600425236654, 0.4035710606956795, 0.20633904740307818, 0.3298991643552792, 0.3262988149387066, 0.32254767722007827, 0.7652731211156977, 0.3947444979854897, 0.7330684893023561, 0.3725546764402662, 0.16811090474927115, 0.3557877517406307, 0.7179418487123892, 0.7438195419351395, 0.7987956665444411
0.1647674656282213, 0.9650774301680313, 0.6795925281829188, 0.9874339591188507, 0.030972698613151772, 0.1244934985212407, 0.6678916089423769, 0.5819912882613043, 0.2049118707356401, 0.22285080320886952, 0.875442878321759, 0.6854710190553407, 0.48812014951879434, 0.7186572211359824, 0.7714680329452114, 0.1469436009911237, 0.4842635996797514, 0.3537165828295733, 0.4353706181968693, 0.6787097065755874, 0.8951000226114832, 0.190820206530932, 0.2452498652457995, 0.3400624639556945
0.13043589988084814, 0.9200976748059397, 0.5675414719519486, 0.7290581421119706, 0.644392074181583, 0.19318980110848283, 0.9195075662360239, 0.5787543148528689, 0.6891605032792297, 0.6757343541253755, 0.013920214591876645, 0.06716610594033401, 0.9347030334700847, 0.5569164289643342, 0.4624344469395466, 0.06539932076306132, 0.5568114689362588, 0.9259869166399721, 0.2290163719752848, 0.2855640164306599, 0.6875564059886613, 0.15509183385125924, 0.4165501624885555, 0.8617362253388129
0.1048812890569637, 0.6036281118642812, 0.5235441877493269, 0.5183637332694002, 0.7650488451775814, 0.8711562211499941, 0.06817060672352615, 0.8257496477391484, 0.888482577033385, 0.5802851976822636, 0.11681579699390832, 0.7716300390594427, 0.29029861676344826, 0.9797916333115325, 0.7952566500357093, 0.9498265956351843, 0.3759544322479227, 0.11248547659113461, 0.28097779920374255, 0.300802169814796, 0.11668901202743054, 0.3605091493168735, 0.42259821261424346, 0.9758839446443395
0.9181331677945972, 0.16871862675081406, 0.04069317762000857, 0.45059241094133007, 0.563022908612987, 0.7522930070380714, 0.9579422806892637, 0.39780393770059086, 0.989356497042808, 0.3503451642641855, 0.6117860068996517, 0.2895053810558035, 0.2240793031082664, 0.9631857685337404, 0.4390191393165662, 0.07551416629676122, 0.6605387561656821, 0.36401215665955966, 0.5507526540350195, 0.6041292556024234, 0.012795235759308743, 0.4587601587165163, 0.9442586525569526, 0.018623975626234635
0.035804414322879285, 0.6932305876530918, 0.1585134413797642, 0.5122501101783479, 0.8002910832466273, 0.9451612535769977, 0.1954533735413353, 0.3688889622178687, 0.05414345777193519, 0.23830111024434975, 0.3657820636939426, 0.47606064131373793, 0.02627015582587533, 0.5871980799646341, 0.7084596226650294, 0.7664582320380798, 0.17617079537022862, 0.674231295374831, 0.5121782607922906, 0.8468003804525532, 0.006025081903779483, 0.2453003919509651, 0.28841142041578083, 0.43971766481580743
0.4482394058590353, 0.13195413345330909, 0.5501870339938978, 0.5456588412317226, 0.23667141751659138, 0.7870016573549063, 0.08533833960327253, 0.2318613732822743, 0.1671444770169721, 0.8174551932459353, 0.21110665010599705, 0.6502954780662661, 0.36235886197111133, 0.14408130943552533, 0.7973872570920204, 0.8838754186719631, 0.730632307289948, 0.7417629358284705, 0.46703803578330905, 0.25234797406700893, 0.9128383261372709, 0.2221753116276527, 0.38523409546130083, 0.5587447073530947
0.8196686695659895, 0.5989120536150856, 0.5816869443331781, 0.6594234060229266, 0.0668571998794304, 0.23883308710123163, 0.077909611782495, 0.16893284452506008, 0.3298704087163219, 0.6377437319653092, 0.6848895064910834, 0.09264702601033159, 0.49866400944214206, 0.3200584731471462, 0.3189959318092874, 0.6303307361130833, 0.3634273304883031, 0.32137432895096163, 0.40412599348155276, 0.10437360612918944, 0.49626433613561205, 0.1597618517109013, 0.1746898175249233, 6.89729413050344e-06
0.8343882262750336, 0.015192554285710202, 0.05759565481640727, 0.5512775199746006, 0.2834448693510373, 0.9604416983920386, 0.31754016387987916, 0.621333897663708, 0.3402763986458748, 0.6152636005612495, 0.13459586813482605, 0.23886093102674044, 0.2421285715782573, 0.6052788421635648, 0.13683224612350042, 0.19468893368977913, 0.8848562385991874, 0.1859338941095099, 0.21006456046205724, 0.640770452304135, 0.3078486702363811, 0.8614212476174349, 0.9214230596005983, 0.051722253401710216
0.9002655793636657, 0.8801758795139747, 0.818683584831703, 0.8165736783465971, 0.7343675368908571, 0.33130180159072675, 0.8217309767207208, 0.2738465912299958, 0.9583473944149259, 0.7044268346589376, 0.7874959675089803, 0.3659070313226136, 0.42920224911738725, 0.7441826011376083, 0.719022526996726, 0.48253228349241417, 0.6263235737653415, 0.19646003756314867, 0.6739075925316312, 0.8701962103475865, 0.1713585494067852, 0.14756589158737454, 0.3287279500481066, 0.22148191737286738
0.6650305655172093, 0.5133090216300007, 0.45554336856840805, 0.7500662557990924, 0.17497128112815719, 0.38248576435006676, 0.5011344052372484, 0.8411363504922613, 0.8040603656989754, 0.1995176068722273, 0.9379150590379576, 0.9440034175843908, 0.3299982924942828, 0.4035594453424072, 0.168490619117596, 0.5567657699878007, 0.33020778059009626, 0.7970481044853542, 0.2996106943101339, 0.44761949587665684, 0.5445602382551294, 0.6801265424595594, 0.6100995547395244, 0.579013481482292
0.5530591527898582, 0.12373620120336071, 0.3668376254854705, 0.0528798160736772, 0.9573078194535912, 0.9815634647020285, 0.47611487861547497, 0.35159618459687325, 0.02642520951308136, 0.4114835783349371, 0.44851648631295893, 0.5060209852674751, 0.5774608827424509, 0.9367911285060871, 0.3141481292057766, 0.12254760857408487, 0.2800236049063026, 0.6551003616159428, 0.7051095319995412, 0.12220618061339505, 0.1505664675339804, 0.3844449227597697, 0.3088157896911501, 0.3912500402638017
0.6888165889063413, 0.300173416856391, 0.8254906173111033, 0.15431515237007198, 0.660459132916741, 0.6840420938953713, 0.4640241690917375, 0.6054577295114033, 0.3988067580908572, 0.6142161652840841, 0.6916637753688989, 0.24256114776976767, 0.2601577464424225, 0.5506124033744945, 0.7413837714910807, 0.7943587290971497, 0.6098868676443496, 0.7832850104856851, 0.7926651949488173, 0.24644680931238627, 0.7298673501205568, 0.3059403632875357, 0.7696113030826097, 0.3866672381666776
0.013065266171591872, 0.39745253006569325, 0.16200450912806208, 0.6454792798825808, 0.9937219253384373, 0.03643154863311149, 0.052216314135237196, 0.3365125045140299, 0.7347009871700463, 0.43680127522176626, 0.09668340477919546, 0.7343977247320234, 0.7788689326574758, 0.8711909378074287, 0.9363858369749477, 0.12700625398980547, 0.7445380923674442, 0.8479087510447206, 0.5837885913228337, 0.8739261775596058, 0.17602113817173637, 0.9834547045642464, 0.9080409403496728, 0.770136380123933
0.5643062458435557, 0.7177497180662397, 0.36143543412877954, 0.24020555242319874, 0.34164510749904653, 0.04125221883976993, 0.6806287121760884, 0.9920922946573842, 0.9495058243676814, 0.07392235536998482, 0.05741817452105635, 0.9458408942133045, 0.422754278878291, 0.33913287261982805, 0.47256262002045446, 0.41590031634686186, 0.17440280153598386, 0.6605076394582803, 0.31402665748477243, 0.3910261839784266, 0.3999929971156556, 0.27961703468626453, 0.6771697062171489, 0.7417271411660705
0.9454711536747897, 0.40500083344099025, 0.957422996403016, 0.5800767514983032, 0.8360517735540101, 0.2310736763111998, 0.06883985507813795, 0.11251014522005276, 0.7874499605272198, 0.6626478745527846, 0.4915794128750568, 0.35099154728826243, 0.5526088220269568, 0.6729356851947429, 0.38495294421968684, 0.3596229675907391, 0.2674819581750624, 0.9642116243860182, 0.8210343262286176, 0.0271700084303802, 0.8890403883550099, 0.046577935556031624, 0.8066125481085928, 0.6885613553994804
0.5430840177840274, 0.8370858829920892, 0.2723400233375979, 0.5890588914395807, 0.490727457384905, 0.8542867495836534, 0.7791440772419432, 0.4342105734764199, 0.6101756840719101, 0.7075070181382936, 0.3275818444577365, 0.6345853881132989, 0.21770637163949835, 0.00034594435251811273, 0.672981017387822, 0.36691370840290116, 0.9610655749186486, 0.49638554389157996, 0.8076075199270578, 0.8948823952338875, 0.3686887515365298, 0.2344984323574707, 0.32021989155284103, 0.11723724721557671
0.7159077394155899, 0.9385012075424085, 0.6414003974265969, 0.4753696265977321, 0.671534181005807, 0.6990659029790921, 0.7534829811114263, 0.645023591032615, 0.02242654982168968, 0.25539286259329474, 0.2472901490304802, 0.04356418743516377, 0.7330179093722013, 0.059875777354648, 0.22624472913443638, 0.3136919679776561, 0.2642212441265732, 0.6554845743299597, 0.0122093231347018, 0.23199690811683826, 0.2752888911127326, 0.23458106973039283, 0.426823685319208, 0.8297787462447676
0.4369860498883098, 0.39840609210144307, 0.7230698818164447, 0.6106895381825257, 0.8637154063574933, 0.7742412103691585, 0.06286490758195662, 0.3765248206264432, 0.8550354141437861, 0.6819179546169336, 0.849497182350297, 0.18693144929131456, 0.8072419623091734, 0.334042293844363, 0.33601089854119315, 0.8836968260160936, 0.6048137312300477, 0.7634452761348152, 0.7697379102687946, 0.24001910346528255, 0.026108235436013594, 0.5413152830935339, 0.35255992680366655, 0.6315909435693361
0.33971697574522397, 0.44641426309212406, 0.8399311224590467, 0.5021334013191344, 0.5155068933399989, 0.4757223757863813, 0.27442013393886855, 0.3720112250007407, 0.21494026233130603, 0.09033824870698548, 0.951553752924848, 0.6972616197900168, 0.029776849581923504, 0.9218265762051889, 0.7277575922276781, 0.5650414669101669, 0.8021499773581628, 0.8417677273049743, 0.24529231391611883, 0.0511543373291079, 0.06985520127086098, 0.7977431618265458, 0.43501411926454336, 0.663576148050505
0.9897049241371147, 0.2748392349560719, 0.1467799574384846, 0.8749904460800457, 0.21537695504298493, 0.07831530561825806, 0.6067221775322437, 0.72006492152155, 0.0909980010705137, 0.8149849198415409, 0.9368924298913173, 0.4383454904445482, 0.07284513594822939, 0.2382609380440902, 0.962621072245485, 0.5809876234561283, 0.17341424744010192, 0.5787116184786958, 0.8339076575592491, 0.5239284767365362, 0.7987402621421189, 0.2038767285276002, 0.7336304451537342, 0.27545592650303075
0.5674907804713749, 0.8890661692432457, 0.7984753127656268, 0.7264462661778286, 0.3396561822179145, 0.19592320600010393, 0.6109988266265711, 0.27351219563627893, 0.9612039484649578, 0.06386109486212299, 0.5100045668061736, 0.7362199907590365, 0.4600867937273574, 0.4826770701775077, 0.06338305031106817, 0.0009512462264411603, 0.08901347601100063, 0.5123011271111422, 0.9688522739061153, 0.8936036945914638, 0.7351673566643364, 0.7255606313355992, 0.5030191297438499, 0.10283986452306315
0.8010384452618455, 0.4126696079892649, 0.1445789257239808, 0.39425119551283117, 0.9675573009066096, 0.03497380026390051, 0.6827360586427758, 0.9291169809899881, 0.0931957586708968, 0.02469144731300965, 0.7710224795328153, 0.3335976869488336, 0.7242486964354495, 0.9002163877678004, 0.43286161399441914, 0.7588546102775393, 0.4889903743077, 0.09366758533042208, 0.31282816586686235, 0.03982350784892097, 0.6869363501658889, 0.29011468834556586, 0.09968119594138747, 0.6907315651888973
0.3626736652074799, 0.8217781479890747, 0.6927453719446586, 0.413592994215763, 0.2617146060370934, 0.047017336046386804, 0.10322973070187369, 0.38305938674636075, 0.6462349172233511, 0.5781490554695725, 0.96998402345927, 0.4556907387156566, 0.5915490625085216, 0.09236516764591729, 0.8272032733466725, 0.9116127424506106, 0.1347824449080498, 0.6653100208028678, 0.28991351487964023, 0.7927375857595381, 0.43170827819024726, 0.5074459930159827, 0.36843139745218856, 0.15489173432905656
0.27044252294410687, 0.6570194277483534, 0.2726374903678582, 0.4787738460668748, 0.17731713845610064, 0.4453762782452565, 0.3679275380078194, 0.924088956080769, 0.31352823581402167, 0.15695937302631613, 0.7015132660775547, 0.8650893368898165, 0.7105830294720286, 0.6407887193060356, 0.7033130920420206, 0.5020705505705058, 0.9617997169915729, 0.3182391679711368, 0.23869551772743136, 0.4366897007715924, 0.19166126481086, 0.6178817261816664, 0.05474587099088224, 0.2624703002679831
0.7108861585724869, 0.24787617368825354, 0.808537301679869, 0.7781349802684492, 0.801068745799518, 0.42795882256248285, 0.20912721410108548, 0.017648587798282156, 0.8492111453798737, 0.12325053644309636, 0.26696921679730257, 0.7135062738706361, 0.15378464395840974, 0.8886589946830976, 0.5221035380396435, 0.5223218878399013, 0.5634585003179239, 0.1859755803036851, 0.2365054667148192, 0.9915331351154846, 0.06666691819854653, 0.42506066876854853, 0.2644328696236511, 0.8884399085657827
0.2192608759929735, 0.7452544840211791, 0.12684418654955765, 0.11170415375508791, 0.7568424577920726, 0.8216510267999891, 0.06307257863102711, 0.6543350299520434, 0.6784295959293403, 0.6585746253881973, 0.11805574981401479, 0.3725320485303888, 0.8950931840823407, 0.8339363284237269, 0.42456801336463657, 0.9202690167779117, 0.37552675241455447, 0.5802788263792654, 0.05818388215859305, 0.5436848048418056, 0.9894534224740099, 0.6053768595566819, 0.472834831528146, 0.32049069243017314
0.7607186446958905, 0.6450678142578783, 0.6803116996726872, 0.31353361509736677, 0.09329335439359276, 0.6794004049832945, 0.048052019071947116, 0.21958240041175436, 0.8849184706815116, 0.6958415094379742, 0.01306598353713051, 0.9378276114733415, 0.2075654785769876, 0.6305525913997684, 0.9791584868441293, 0.18375309582034527, 0.917490354179123, 0.30549530292576277, 0.0323543478317877, 0.2120995419775723, 0.29610424309444916, 0.5175524928199025, 0.2163916024378405, 0.3675193815471337
0.9278225216469926, 0.2381182312837159, 0.2200381635312948, 0.09737027316320557, 0.395533804862785, 0.023225289322222342, 0.1760328659952104, 0.3721459350074038, 0.2926350088291747, 0.4826283691074814, 0.4509267771953783, 0.5205445094551335, 0.16723951285527794, 0.049489652397783135, 0.0030019646856609405, 0.21327961745543866, 0.24296429122147511, 0.44330246102688364, 0.8074143467023354, 0.16659837785328768, 0.12922113174642025, 0.9547705907782407, 0.7572221077339235, 0.11446046303924906
0.7435616708819459, 0.3295866060829479, 0.7830620685658166, 0.9265969236625927, 0.9761474989641454, 0.8436507649394677, 0.4905962523845465, 0.1213100119226107, 0.5999582375815838, 0.9260882389639894, 0.29307132015388027, 0.8728764468231185, 0.36505346473371214, 0.7102247775722352, 0.6149197325270161, 0.6946438437897181, 0.6250908444364865, 0.23171769622955007, 0.5914600942465394, 0.15904494188725948, 0.4028572932451505, 0.19416073204410567, 0.5945571339577318, 0.4318517588422095
0.7966129634751484, 0.8518431881332856, 0.6944138770215151, 0.8954510697219539, 0.9522203595694264, 0.2405461176984537, 0.5117018015643741, 0.17600788171826298, 0.16864395870879145, 0.6139089465722573, 0.8913573302348877, 0.6099739767910675, 0.07188394142239551, 0.6457307447512157, 0.37387423825194555, 0.1657928181707743, 0.33693976184591945, 0.05981081447183256, 0.32432862474124846, 0.2620999259062837, 0.2115090995694553, 0.30278669311378104, 0.6417669565387673, 0.8223463553072995
0.8618681182716281, 0.09154547926431911, 0.4452584784065793, 0.24804555405067952, 0.9499884641880285, 0.3041125177842602, 0.17040971601511723, 0.08506452631069628, 0.19564271112510068, 0.18759172508119104, 0.12168387736088859, 0.3394215493092406, 0.48055305088578837, 0.7801180939652882, 0.2755601723630433, 0.5404305806496493, 0.6468606214478068, 0.5858808149801449, 0.38042094679056904, 0.5922338751546788, 0.5423699927858043, 0.24408743400936916, 0.8783889492534185, 0.8674882319869605
0.5681144569491954, 0.2961902045489978, 0.7531641257074506, 0.3694911311994973, 0.7832690258585017, 0.6588711315788582, 0.5272059409616483, 0.7152920861774575, 0.6110676717568188, 0.3085128247617791, 0.5098479076321123, 0.1204378569924982, 0.282799183471098, 0.8594917042083172, 0.7183516125354663, 0.4577264843679394, 0.14914737296061853, 0.769078228237367, 0.3323725321001312, 0.24125542257750598, 0.7132954176926029, 0.44627856443263414, 0.45125658805907654, 0.33746117267550624
0.7888912589107903, 0.4881002438690635, 0.6352209276051219, 0.8385472783591459, 0.5629671786849887, 0.5742571815225931, 0.2373805275553239, 0.9574483189495995, 0.5524197073662164, 0.14974069813621116, 0.5869627871238836, 0.5699211125254791, 0.3554662870630323, 0.9241911986094196, 0.9308524823842751, 0.6792594066381226, 0.49691861775291946, 0.6672358671839914, 0.024419790198496716, 0.20934644818518877, 0.4419091942192094, 0.17605517695207418, 0.9823097261814009, 0.6294765393294698
0.9493495397851727, 0.23227463092701994, 0.1560012400330235, 0.23942948068433667, 0.3189072156528291, 0.6486259615663565, 0.30628394596874675, 0.15879772386850777, 0.5473720490383379, 0.15807236107425182, 0.3838291446565659, 0.35621813376783285, 0.525067232067391, 0.5572067525962637, 0.7031720992880348, 0.6503287030588223, 0.25803754584978555, 0.7024933302005866, 0.4675354500866038, 0.08673251351159628, 0.7030558120504917, 0.4648438220598723, 0.9053978125602369, 0.5152848639800915
0.8485481570731787, 0.702862110681745, 0.5780831499852114, 0.5827213303661098, 0.9129354277200791, 0.3949003074171207, 0.9109249424680577, 0.26226455459507003, 0.06573541438618791, 0.4976588143974606, 0.978207078743703, 0.5142153880041461, 0.46102720492616966, 0.09516804111783705, 0.3673589584062976, 0.7939502277530478, 0.3825118793243779, 0.7905496043932659, 0.3423950755050075, 0.0069994520830578555, 0.04123093105572728, 0.6610280918744388, 0.10212422680255062, 0.059600070446240716
0.7102259426414318, 0.7756508458151413, 0.7401824671001211, 0.8821345567583112, 0.6443486633566551, 0.10994604085436077, 0.5291137718620709, 0.693675314708757, 0.06105317059204762, 0.8766573796115877, 0.4365827741305215, 0.3284172913356651, 0.7547572544846509, 0.46016805173743736, 0.7735904713968559, 0.9139399761184418, 0.8295273340645359, 0.05373315898911346, 0.6627571804374324, 0.42944567455486493, 0.5426652882911934, 0.16852341107578184, 0.38655997710588863, 0.8440229543772813
0.5078872548685217, 0.9977101015160136, 0.4903696757505841, 0.1420943617699737, 0.5233722701738003, 0.6229985358859724, 0.8475048951450653, 0.6917175777756002, 0.4226581013330005, 0.6646175399868159, 0.0412937360053901, 0.264999093815118, 0.5003552534920944, 0.30740587898612626, 0.9397494324617525, 0.3751793971368871, 0.9275681708053733, 0.0774143542478426, 0.2863012559103345, 0.24394260496484588, 0.6814770689261938, 0.8500934381899542, 0.9709260397436255, 0.13216284065846373
0.7082807080438126, 0.9115535576357578, 0.6432382524623316, 0.2443397243185078, 0.9040105675433159, 0.9332496557948627, 0.1936488787954398, 0.5859797417636563, 0.16430861555751475, 0.7011776803797515, 0.23132359252562118, 0.5861697803268446, 0.25866564780615553, 0.4103009520758216, 0.1294641416228285, 0.6129943453252178, 0.9529094955730479, 0.43489800094206166, 0.6295642649025616, 0.583426002060333, 0.5393457934472469, 0.9948019410796191, 0.4712428284969987, 0.40865955817314725
0.6538214565530035, 0.9300328022135531, 0.9818991598571509, 0.2941458195925881, 0.7536095263774041, 0.954221878210331, 0.6130511606672978, 0.8067255094750956, 0.007897831601901939, 0.7632965146961723, 0.5161892824890836, 0.5077500009830476, 0.007984626189396105, 0.8953626578582635, 0.7986834794298105, 0.42440540348307654, 0.5103054508550612, 0.536838175796778, 0.7733883757960285, 0.9469880334154316, 0.5133556182714973, 0.5096885778491694, 0.660700443183647, 0.7686437436154897
0.15616134726486286, 0.2027919092824806, 0.39385067721456213, 0.0900294928230001, 0.0647314805469178, 0.7423005371520728, 0.8320607119644716, 0.04498756484055488, 0.6552084782487756, 0.07394508356327512, 0.6424330161453575, 0.5308738833278818, 0.6649763137693234, 0.289418993194854, 0.049422288564300754, 0.864155813489681, 0.044027262712938664, 0.15050734920918374, 0.42645002938584675, 0.7765065102576241, 0.29685060075424274, 0.8819151605961486, 0.10756954426948973, 0.09277837068574435
0.6772047342043744, 0.2374174790938085, 0.9463703395692763, 0.7417831090510466, 0.18583761250476316, 0.9755697656984449, 0.0882117489178813, 0.18064419762661466, 0.45257225250621813, 0.7816776820186973, 0.5875834436302908, 0.39415258067084946, 0.2639651668011087, 0.8422585631792225, 0.5031560223896279, 0.2477395804883673, 0.8288444209011514, 0.12737402543982324, 0.16562586215567954, 0.9295650780795136, 0.033626574934012776, 0.060417279656105105, 0.2781981376893675, 0.039255461066831865
0.6832529999051902, 0.18393455874031528, 0.24343700482469555, 0.6817127995314112, 0.5719853363075011, 0.13405145922029604, 0.5908817629831935, 0.07452348475201054, 0.4252826216339294, 0.4823664669540053, 0.7256124512076968, 0.946570170615216, 0.4674768900138987, 0.4226787021774514, 0.1078977797741495, 0.6009073370193766, 0.847202449181867, 0.7772991582699057, 0.6814430437676018, 0.8506163817308345, 0.4329520929324481, 0.534935982301336, 0.13304125536322353, 0.7514130101557269
0.7228196457135293, 0.041412915547099916, 0.13286111168474268, 0.29560039273853256, 0.9886209739449053, 0.7219943766885111, 0.6982430035189345, 0.41253001053163885, 0.6431744314534523, 0.5078007506628611, 0.17819885702419314, 0.9012380336655158, 0.6535184592001626, 0.3439750145944347, 0.5277920566240222, 0.6901131673092177, 0.7546602855824969, 0.013504397525249234, 0.6013950488739319, 0.003310641551569571, 0.2142072439866589, 0.43706876324933364, 0.8897055005417545, 0.6908993203790728
0.0234409750549,1.78345310181,2.65415392017
3.13313521596e-252,1.00992509574e-26,2.20864939117
1.33540287787e-256,8.33782783944e-30,2.05329728378
3.5698416809e-279,4.99080401538e-31,1.8550785376
2.15528472275e-237,6.96416241468e-32,1.94554328455
4.94549046241e-261,8.22112433288e-29,1.56086622204
1.65258101358e-287,2.92257354301e-31,1.82823604208
0.0,1.82894365242e-30,1.48177523215
2.11954162066e-321,3.20856127811e-31,1.74919893748
0.0,1.9501369778e-28,1.75720205268
1.57447945962e-267,2.81198099405e-29,1.7717969593
1.0888958592e-248,7.03135198198e-29,1.99775835355
5.83744377303e-281,1.48331610963e-29,1.90854171812
2.22947206699e-225,1.18065201607e-32,1.79959522306
6.43676813539e-230,2.04278526786e-31,1.7066965827
