$x1,$x2,$x3,$x4,$x5,$x6,$x7,$x8,$x9,$x10,$x11,$x12,$x13,$x14,$x15,$x16,$x17,$x18,$x19,$x20,$x21,$x22,$x23,$x24,>>f1,>>f2,>>f3,>>f4,>>f5,>>f6,>>f7,>>f8,>>f9,>>f10,>>f11,>>f12,>>f13,>>f14,>>f15
0.9273412510004305, 0.27400542940263883, 0.4176839720521942, 0.2450442870061995, 0.06880506146197318, 0.7758288586841688, 0.19183069802718378, 0.509481737137979, 0.900416375572428, 0.4371862016216469, 0.888439185017964, 0.5252559598596325, 0.5956984687457892, 0.5904118593087474, 0.2277075172648252, 0.055030361098218905, 0.5562915952516309, 0.1286311821902989, 0.047024508494397654, 0.6952258402000097, 0.5532216819788496, 0.16816232274413168, 0.7171810362499093, 0.20113283520601177
0.27148104775093906, 0.9037641001499688, 0.7944768482837877, 0.5321248960901765, 0.4772831388419877, 0.15541749122701953, 0.7676603838612869, 0.413004911822072, 0.2035452515856574, 0.30484461177923294, 0.6873241724155428, 0.2623190792889286, 0.3960549430861976, 0.12516533045600042, 0.31531569580452357, 0.46496920523637275, 0.841016538349486, 0.9673649966834541, 0.10681636576617837, 0.9775444463028103, 0.898090600292508, 0.992929426582961, 0.15869598277564922, 0.5932805042095929
0.9551490092172337, 0.8702039089526689, 0.32187561544375665, 0.31604184314938544, 0.2629940814866528, 0.005085485163892178, 0.7033979643523788, 0.01560900543348831, 0.47493887978725946, 0.8045929403276217, 0.8360529577864733, 0.8002940057177497, 0.49662844980359167, 0.4892613772388895, 0.286043488101309, 0.5845732068133648, 0.39632990460416206, 0.058119497936997, 0.6186649815484729, 0.9618322705431885, 0.5341903343434112, 0.420655194910846, 0.44732718420947737, 0.748474808433406
0.3121025156480344, 0.8524280340010272, 0.38009387146923623, 0.14088637732232678, 0.3185411362096867, 0.1425589229872124, 0.15774718435465396, 0.8013454817565273, 0.13435090378859438, 0.6055224063281944, 0.7963852382377337, 0.35886982275845747, 0.7480843240062934, 0.5254693780839831, 0.4983313098891303, 0.36863787652502067, 0.8769459851827444, 0.9652218545164385, 0.7393221338966547, 0.9490952798063002, 0.14638248707446933, 0.3266334703096627, 0.171589713101709, 0.3042459534347619
0.4745435253924112, 0.2889930108069937, 0.8916826388684367, 0.9963072247380278, 0.9118378350765869, 0.284801683341103, 0.9026458896731848, 0.43148639719483917, 0.05478464358749502, 0.9975958150939269, 0.38184944301040846, 0.6558152446445508, 0.2258903755489512, 0.792579085617371, 0.2524211247958449, 0.34840142435548194, 0.10010576895644663, 0.35941910183228676, 0.9202867825287011, 0.14074527409453563, 0.5255608356508097, 0.2500590333842557, 0.9980601490251233, 0.833228504164049
0.24899627417914916, 0.879831851169012, 0.7385438066138812, 0.04060642263851921, 0.9274016866189828, 0.4959411597497967, 0.20456819212961674, 0.6994206399240004, 0.9828402769877506, 0.5551499057194159, 0.82062557940775, 0.8154149225687846, 0.38428098426210555, 0.2743771921334015, 0.4707380191669226, 0.3116055224318762, 0.43505294451511767, 0.24439249772931704, 0.9190177864835772, 0.7124233391693371, 0.6220305664835912, 0.9873537428985475, 0.860421188809796, 0.412100204071875
0.8233898771086113, 0.21982898712068122, 0.3517564901271183, 0.001090492550219202, 0.9616526772782727, 0.1863455049318431, 0.33045294307650475, 0.39457991851545027, 0.623085777634583, 0.70270713499823, 0.2830007053480036, 0.008907819776706294, 0.6694206439323974, 0.29805209499046603, 0.5638528275942569, 0.8741596852583698, 0.05368143745917331, 0.4927692617060133, 0.06932910738916065, 0.4320973070012123, 0.001371238763966165, 0.5008641755510599, 0.15546620337111428, 0.5158350751876991
0.5622681559126725, 0.6797721322245099, 0.9953618042775086, 0.046292916149573315, 0.7733682784905133, 0.5883396207184365, 0.5276802671411086, 0.3809416181356704, 0.28640332892831133, 0.2125189142979952, 0.018108760998738926, 0.3455901537127376, 0.2342676721718867, 0.7988880507131649, 0.2618814890813391, 0.30969390788089723, 0.6292012963288217, 0.6485111017390487, 0.15936736871085744, 0.03682174375772962, 0.38081445065108155, 0.07650295759047676, 0.044602156005105864, 0.8672285663589681
0.0759815567783515, 0.12292249535875577, 0.838449590674695, 0.3398835239484803, 0.7498210658684002, 0.6901743531702301, 0.47381658685351424, 0.6090409507468465, 0.24138460327121192, 0.08556759438821793, 0.8158381598769916, 0.0048009877352184205, 0.6867786578482271, 0.6160039043395842, 0.9253924935341474, 0.892780452840953, 0.8090804912376914, 0.49605254043047786, 0.7291615975000562, 0.06464065881866654, 0.2271384432781849, 0.4560945155984215, 0.216833156453344, 0.18926483479724665
0.40876745712497076, 0.03325184669267611, 0.935929477829763, 0.2294331802268016, 0.7507089812016404, 0.8011562890204784, 0.48770579952827653, 0.2861653707133234, 0.3154196630361167, 0.4000932459277171, 0.9757436932884764, 0.592276565649681, 0.715103233636549, 0.9186669434782895, 0.6822708719112506, 0.6953473182034381, 0.35559327858619083, 0.5231908595271979, 0.7064701048566449, 0.8413953307580854, 0.4400334713732783, 0.5793041651242888, 0.638437968517002, 0.2594175285376983
0.5279592278936446, 0.1531869218309937, 0.42537284559474364, 0.861209964015985, 0.06231526808411403, 0.8518547462352305, 0.9015325038855517, 0.8462833540751763, 0.5870700816333422, 0.5307337005164138, 0.38468901148319645, 0.8464606870801884, 0.7603410987557825, 0.21376993271858968, 0.8247672512015813, 0.84678528287371, 0.31593871577158084, 0.3052001990840757, 0.08632619587266199, 0.20917635823919556, 0.07942600730213556, 0.3144544274777059, 0.13280148870592645, 0.6474520321554642
0.7600485216381587, 0.7847280740889355, 0.49572729219843414, 0.15964700874653193, 0.22872292356122803, 0.4313284514185418, 0.6928251101328831, 0.17069099669319265, 0.9590228647458192, 0.8625714192288856, 0.38650818039759616, 0.12116631320151194, 0.4486347354639425, 0.3413793964714349, 0.610614860912664, 0.08057330047931333, 0.7309669912821908, 0.3455390603180033, 0.14761076905316395, 0.8544368434975101, 0.6234800453775152, 0.6398914969437614, 0.08788908101778248, 0.8195633590363193
0.8509137824729724, 0.27569757999066713, 0.9935679024198851, 0.5684871313591577, 0.3670947478047937, 0.11024274004177903, 0.26859963487184035, 0.7126612713982249, 0.3463773908847201, 0.9997246149077801, 0.14245139582997113, 0.18954966871259715, 0.3530059040955098, 0.9039561683171825, 0.6612635041981791, 0.09613424141695481, 0.5408965948554397, 0.1346764040140238, 0.12893518690819006, 0.8494397133510598, 0.6408020986074462, 0.9161765324811773, 0.93371792134561, 0.9723542089098299
0.7006958383731436, 0.883187986132727, 0.15112220249126818, 0.9491921640610603, 0.7057660975960514, 0.9397859373055006, 0.021152679405796126, 0.0724867539534032, 0.5689191777298682, 0.621269650115722, 0.0644146703359928, 0.8705943908646766, 0.5634611029855593, 0.7476354416644416, 0.4770693076760526, 0.44607218268496696, 0.13851377037282286, 0.7395348488150298, 0.8401787993981553, 0.7931536259880929, 0.967205969262746, 0.6995606013379019, 0.6700187873315903, 0.822847318169487
0.9583486454045498, 0.17283662462879223, 0.024337209415993377, 0.45042622955805633, 0.553799837250665, 0.7562976937642545, 0.8073048316044272, 0.8665082194243954, 0.14286893012496582, 0.02286833374281194, 0.8687079598653094, 0.09421711956486456, 0.5064476572932483, 0.41232091493180234, 0.2710551359792909, 0.06438810933531569, 0.10320797226318612, 0.4446239114014562, 0.7745662410515354, 0.03801872009823837, 0.799644375682743, 0.25652921626533354, 0.053636788377130595, 0.4636793610915868
0.22489563160814363, 0.6576757055509266, 0.48290725196933526, 0.9966924237284956, 0.3743548552318777, 0.24572011561174323, 0.86567918460545, 0.20866915846408451, 0.6754090605227157, 0.87063240349851, 0.906379906511849, 0.726936055791216, 0.859687922582976, 0.26038509143915867, 0.26450537240749183, 0.39733376190863867, 0.6318850216503157, 0.8670553139864132, 0.7949184758048744, 0.8946573213640313, 0.709473126448761, 0.1354862604216075, 0.45130060760511426, 0.11185925115241668
0.3671117853809399, 0.40719071915198846, 0.5141157453925748, 0.08428173184420329, 0.7650604617202107, 0.49788988669986056, 0.8870586439622457, 0.07865870448451096, 0.665079962117413, 0.019926178059215705, 0.13578167511779116, 0.28527685741952036, 0.35131511469830234, 0.7439399671362256, 0.6338617261874796, 0.05896158904883575, 0.16107530878544252, 0.1748784604641883, 0.11182539539016756, 0.1385815845896301, 0.8417018169489592, 0.30497557781281437, 0.6294106597947571, 0.3384973353688938
0.4049718796241518, 0.7925610114139988, 0.8509061605752918, 0.2895107417359054, 0.4972142781947899, 0.9130740402036298, 0.532894230434063, 0.13306000984558264, 0.6404748284510603, 0.9774067061234083, 0.9532475950995022, 0.38941245553568116, 0.931558927390932, 0.7683291489256163, 0.9134498993011637, 0.2415242908589007, 0.6302526774218821, 0.5674397389874738, 0.880424198057732, 0.9965394743168815, 0.14859307959904045, 0.9022107140646162, 0.14255652289483067, 0.571618038130392
0.8671323939690092, 0.9111592324217783, 0.7490217184370271, 0.3836012319677605, 0.8750022678229539, 0.23923926179484423, 0.7976479298960427, 0.23121614014862302, 0.07539106979665766, 0.3668660522474695, 0.7554867541568275, 0.6253463604320383, 0.4766600297107275, 0.797487673939445, 0.18500724805450952, 0.1049633221386519, 0.760787122295516, 0.18663709027956676, 0.5716424305062379, 0.4695393128081943, 0.2502311237165581, 0.9112526169078602, 0.5113688319834075, 0.9064708791969364
0.01826982324166282, 0.7138324438043808, 0.9062060907302399, 0.23503094460639484, 0.5140879491597218, 0.5727839245602628, 0.5644746093163312, 0.8663370819002885, 0.7664115679893263, 0.927038983233826, 0.8715302540491545, 0.41862037432763877, 0.8229717360827217, 0.15115079844260848, 0.8801873313117682, 0.46397581710029856, 0.306805355396922, 0.976799511021728, 0.948546121257403, 0.630986708774182, 0.7053372987742779, 0.06216416388626689, 0.6478459702155839, 0.519802949609024
0.304090653511509, 0.3213864825889474, 0.8971728537106943, 0.24394859780610834, 0.3676342867787922, 0.8086815706121234, 0.43963671359386236, 0.8929870082027574, 0.7815158042401742, 0.22809310248078196, 0.9980872959287284, 0.8194997651251092, 0.7999570527943721, 0.99078445285621, 0.7707381498780944, 0.9477056064075792, 0.223950497683176, 0.7817776637367854, 0.7384009693585183, 0.44671135095226255, 0.153300021556398, 0.45840276069937336, 0.5857840387432647, 0.4025810397900558
0.04120897829864023, 0.4885062243625924, 0.21447866802194981, 0.5733078006432718, 0.9005324763157515, 0.8949055790469129, 0.4284321402900977, 0.6822291980019448, 0.11475776190507847, 0.41861822961767026, 0.839689931249027, 0.640551149110048, 0.5256350060240416, 0.3930070729622577, 0.3065565709140219, 0.8472377373098678, 0.7196608946350048, 0.6425458474393811, 0.5359511384128167, 0.9358373635452335, 0.13334176519178853, 0.4024456242058425, 0.14528688389615885, 0.4138150857513526
0.36356871580403227, 0.0695342552282473, 0.48779791574172726, 0.20914739605155386, 0.8071779095584337, 0.8642768301355912, 0.7241596743556478, 0.9104213279333719, 0.6091349866624834, 0.23892532451438886, 0.9795466515360054, 0.48519254188740546, 0.6981343144778233, 0.7109358431709164, 0.6178348534100063, 0.02969281766254095, 0.48933318787863067, 0.569832686543785, 0.537598833040033, 0.09593095375772276, 0.0161734494136071, 0.7942377790762811, 0.5413104867112871, 0.7689143469864138
0.3866710422448796, 0.3792306028741317, 0.8436908802388046, 0.7321712214236292, 0.39481570375886277, 0.015114272095623549, 0.49292863898497385, 0.46007643983406643, 0.9035430137724965, 0.30661489614063975, 0.22715934756208966, 0.36949572909750217, 0.1035892845161347, 0.7260567122868014, 0.6237534231182906, 0.8322950309666808, 0.9022105339218637, 0.18953630528310672, 0.9971565222926344, 0.17381172513938115, 0.24056771514900055, 0.8556257054937659, 0.1880945270255402, 0.3144543202396546
0.7676100968999057, 0.3528162556731864, 0.8472821253263711, 0.288380160263521, 0.23053494976682465, 0.12906470400881098, 0.45173190337348756, 0.5903023703371523, 0.013644102123892998, 0.7505290632141534, 0.0861440490142581, 0.4266262168254882, 0.7457945248098458, 0.9244401493996927, 0.8190206955772553, 0.1923035009996179, 0.0891820965080351, 0.22156536420324624, 0.8468831713828184, 0.28200752162430853, 0.20151970511393935, 0.8402251290432339, 0.927419112018342, 0.29559735683135124
0.2463173944133582, 0.846636644937273, 0.850814548908348, 0.040125248537120406, 0.5987408246935058, 0.8779333494465208, 0.1599916492522071, 0.8381839891112637, 0.6570249724642282, 0.5614718335677731, 0.9180477879499496, 0.491109919731062, 0.14251719721786948, 0.17673463031214742, 0.5552995535948451, 0.2170095068195792, 0.7649440139522192, 0.740738513978973, 0.22962398573697318, 0.3228139957866737, 0.44216604681861393, 0.251035532309113, 0.08149580007912738, 0.7560458298932667
0.9252629760538513, 0.09075855162838653, 0.8630136340374212, 0.6884998926096675, 0.7246670589853115, 0.4255891966432951, 0.29795557914832227, 0.5732835647488174, 0.7664072716556495, 0.31126089321902106, 0.8254345224689955, 0.6096635554824195, 0.8614283874797408, 0.575633415214268, 0.2976479570727234, 0.33975078267518566, 0.8449332382990672, 0.5785023496805235, 0.6930085314185939, 0.7905540971760291, 0.18428051251706057, 0.1332663512944522, 0.09612010261120207, 0.9212016435299218
0.5379665415926977, 0.5767362236982263, 0.48807945493713434, 0.08612843576807927, 0.6714018364768122, 0.06188602855444614, 0.6883559955063303, 0.2572562120045062, 0.6651078809778571, 0.8242216543481162, 0.4283513426778506, 0.8599440736706836, 0.8364385204750308, 0.9304850611749149, 0.18303923516332488, 0.6689011928810616, 0.3167462711748571, 0.8637574438845311, 0.8954136736127232, 0.641592651914922, 0.8665121679530008, 0.9487119931996855, 0.9211342251801261, 0.2614678940298051
0.720261767110466, 0.7158639839140166, 0.8403369631708251, 0.6613818390256142, 0.3664466027882337, 0.8734934791842713, 0.15297426643079926, 0.48796581659637794, 0.15603037570137857, 0.6929126460534784, 0.38816130686595574, 0.8192816748501263, 0.5526237374251047, 0.6345306149944333, 0.9819825665756451, 0.06314891079195417, 0.9310114937602763, 0.5354251520436583, 0.1775179114883908, 0.6337876364497508, 0.4850629881805315, 0.08867920561501719, 0.09279824795799729, 0.1412316014812992
0.8767212816911812, 0.21098695094295872, 0.8601034348119514, 0.456321227356831, 0.8720150902098543, 0.7231216357264837, 0.9071872859959529, 0.9291896783214696, 0.5642877316105146, 0.001323463132394731, 0.38456895284636994, 0.05714013467943713, 0.8071101559729665, 0.6047308081369868, 0.08406367887495902, 0.13421973477546834, 0.9768624215744292, 0.841758681136232, 0.16204084370604688, 0.8425580606560594, 0.9146215105889575, 0.7788609090926468, 0.5656529500534447, 0.9885387008957167
0.08178977276272092, 0.9795928300858948, 0.8854822152649146, 0.454014689182889, 0.09531405602046839, 0.23222011407786092, 0.9548070465170276, 0.26753842626315505, 0.6411295465645548, 0.08694031676692371, 0.49426987252371557, 0.5864326078516213, 0.2020566996779919, 0.48616312099217796, 0.8296084980851652, 0.7308875083884082, 0.9598006908213842, 0.23529582507805347, 0.7681006037175621, 0.28434460655520977, 0.5638091172607265, 0.39912661485774814, 0.23691667779531078, 0.6170122391769084
0.9793986871102436, 0.868191059064009, 0.0883662175410923, 0.3754091422403859, 0.44307983564421694, 0.9914467477101235, 0.7557760706726244, 0.5194415436304528, 0.23706328868759674, 0.7203307979954968, 0.3304066052015583, 0.78917627067962, 0.12206074725183635, 0.8620679065253666, 0.798812888503423, 0.8655744338713656, 0.3113469047286703, 0.9212256981654112, 0.564789919811101, 0.9067323850490726, 0.979928909973505, 0.769919338102698, 0.1607821947225596, 0.6327325225088192
0.27559168422277536, 0.4692456913924391, 0.10616974846348604, 0.12801402264429373, 0.5248842863736367, 0.9564266298018976, 0.012339494448049715, 0.17333025064591567, 0.6636097179457596, 0.7431214163527938, 0.3353098951223066, 0.3499301082847348, 0.041672610736618654, 0.6079561990666938, 0.48109976207830596, 0.6892331569379061, 0.24880318785728273, 0.21604086620967933, 0.5313159936736229, 0.4832842780400092, 0.6363200346638075, 0.4719834697848524, 0.2690805168731698, 0.9408877700701184
0.38799853229052417, 0.003089036247539201, 0.4602370046481288, 0.29065616490711155, 0.42526962775113386, 0.13807375196307348, 0.2650145621782032, 0.4915921286718741, 0.6891353932135234, 0.8272048949005549, 0.33022252232192484, 0.34819951750732925, 0.3214345842515375, 0.06874448536120659, 0.4659847684767394, 0.06464536285757583, 0.32516237270299053, 0.7131503254246007, 0.2606871940184946, 0.3159888700710325, 0.27805158426144405, 0.3287217232550168, 0.892123175132648, 0.10563637475701804
0.6560968031174764, 0.2696278836019036, 0.8615615587305395, 0.6362776643546012, 0.8526906919515426, 0.9989068083306646, 0.13298654670276633, 0.6722483016419191, 0.9317947177569947, 0.6118184090154671, 0.7814264049182162, 0.2494291948195142, 0.16588713543358857, 0.7205673310613451, 0.7844851750572706, 0.01893270562591498, 0.9161742663004263, 0.6386113452168963, 0.2407764789606892, 0.5524731993231163, 0.44126640316791066, 0.03049160759854863, 0.8910656413031127, 0.6382309367092834
0.8321970426590884, 0.7076767210140136, 0.8837253503627576, 0.14783684665434949, 0.2156076402757281, 0.1978220051650954, 0.911076661524371, 0.6847598620425361, 0.6813711675343473, 0.12611312210946146, 0.8370427759675604, 0.044984990007444714, 0.40855843570299444, 0.48471117310141987, 0.7040142797009716, 0.7172405418553482, 0.6712370833015473, 0.7991621069173498, 0.3430057298145791, 0.2322760281225532, 0.612425985345148, 0.4200962847959474, 0.3155683194308043, 0.7458343593661192
0.37135317992441763, 0.3816856163751169, 0.6506816239037204, 0.49428300147340787, 0.8488377896928461, 0.25717573735022736, 0.35851287743835847, 0.09429349800587106, 0.8851244414478335, 0.36822096768520673, 0.1135336799278287, 0.73580335899714, 0.7329723724649427, 0.5614474793262919, 0.9536832156227104, 0.4903235213025392, 0.052656368733639325, 0.39496839123384175, 0.19000106974552589, 0.6292882053742568, 0.6895141164099918, 0.6673898068418717, 0.7545519705490348, 0.8243740273602516
0.5603062165302327, 0.863287747933847, 0.8153172241732481, 0.05648390812335935, 0.1866140352160789, 0.6082953258026061, 0.5918342198153485, 0.07257734230966939, 0.881772056764006, 0.8296535755476184, 0.0999403488119055, 0.1033026007400335, 0.6411472157171914, 0.12478470625272486, 0.30800968898802594, 0.13000494656775574, 0.8273285341300539, 0.8073710946501069, 0.37545534928269164, 0.9929031071195376, 0.25767789427871923, 0.14640388930565085, 0.5810178622286997, 0.8567040742157127
0.6173020763012693, 0.34453357366774295, 0.31660959236843667, 0.48222395250193506, 0.6989089635858371, 0.2539277313043071, 0.5534905954568264, 0.622110714991909, 0.7450390148969108, 0.9122492147605955, 0.12526787706912967, 0.6050438389177696, 0.03334576957154822, 0.4886582090007151, 0.9264795315027372, 0.944373730950305, 0.5992189283896592, 0.8581398599957166, 0.024013980336298646, 0.7125818549947047, 0.1853562197494094, 0.5679001559174993, 0.11907519826132085, 0.36493013399252894
0.5231141688552338, 0.010022927948135418, 0.1924954636529379, 0.9642057923706354, 0.18199794446391215, 0.7497654225941216, 0.19967437003034838, 0.0863098231235192, 0.5270247670426165, 0.053566885295365796, 0.29768266895126305, 0.3151912595569353, 0.17115652417413774, 0.6346722767291363, 0.4035590784959836, 0.9231545832471514, 0.5775483840478507, 0.5054033855440361, 0.5151346878260802, 0.7122523712812046, 0.7287452359839393, 0.568551804115146, 0.6657976157121932, 0.5467419419465661
0.31673665475273793, 0.32784253715787715, 0.23892276140471114, 0.2457610010120913, 0.17517007257050277, 0.07342147713088698, 0.6768821207186168, 0.9640318081284031, 0.9345581301558844, 0.23066658315648136, 0.6087671030187822, 0.9729153095070487, 0.16488816978857035, 0.651618413434139, 0.6694845569616453, 0.09888204520757582, 0.978901333165313, 0.37889920575386415, 0.6069398460556528, 0.5473528936488208, 0.7871495643452253, 0.179257005007738, 0.10679861560991855, 0.10472385981113741
0.031406874984271194, 0.5922387056590441, 0.38266995326841424, 0.6804640379654187, 0.7282071405064121, 0.5498206017024609, 0.8818212120011442, 0.06124508671340656, 0.49664917115443663, 0.9625935550730702, 0.6669556617407667, 0.29670489616027707, 0.07601989170369883, 0.9859758543680044, 0.6694494371844716, 0.2789824350318666, 0.19756736213420356, 0.45919195003668045, 0.7964394554233284, 0.22505564334567785, 0.8197963535407339, 0.8212999100999915, 0.5942012228843914, 0.1846175405755568
0.0055847988207902155, 0.2980804557763781, 0.8698088282679474, 0.6799921400253731, 0.932692077818927, 0.2288913810600699, 0.0181451472729387, 0.9918314996721703, 0.009946217579964056, 0.0387895102402912, 0.610846499137796, 0.22725540193056237, 0.16965935832880563, 0.2798684024599043, 0.3644141040101466, 0.44026870860559986, 0.3006534730409999, 0.02417797656704246, 0.4908510059429759, 0.048586903857528396, 0.7519625525189609, 0.43168998253104074, 0.9050340324528016, 0.83435759632036
0.3625067285276943, 0.06985052679096915, 0.5918299504454128, 0.5929782404262954, 0.118643680405767, 0.26640493232581275, 0.37771134405986306, 0.6843007714286599, 0.19371429539397678, 0.7481862195807064, 0.8747900232818078, 0.0565943794067868, 0.4650764500523442, 0.42608040891813115, 0.6550626106514981, 0.17408084821638514, 0.17916140470404884, 0.02228010233487754, 0.7983621580109003, 0.1427714684140028, 0.5284115703596383, 0.6761039243778509, 0.4048752314738293, 0.6155620696390979
0.43234712559549093, 0.282784335849388, 0.9355137842451242, 0.7815399031376381, 0.597480526390603, 0.3081652794796156, 0.07189501276748034, 0.10406769128136184, 0.3631270286446653, 0.5911766773601136, 0.43508694687461336, 0.22288783951143554, 0.8794071020246212, 0.4915625446926646, 0.3934674435311448, 0.021926800583760397, 0.06022513697975751, 0.88433521520623, 0.779354566287114, 0.36098783212068275, 0.995821272894147, 0.9468256889150835, 0.9484445991405603, 0.0017054969715103452
0.26751980846257917, 0.8709921034334215, 0.8316645297782101, 0.3892453963923723, 0.9696327886321767, 0.7589309453315338, 0.2701750059339686, 0.8128027937827988, 0.8907821784179875, 0.47507033547011657, 0.8450114719230974, 0.4989941229583891, 0.9150306442949274, 0.8361121148635894, 0.20525409736961642, 0.18662253850191568, 0.9865765960660559, 0.9421062844515721, 0.7441276584062867, 0.725554983944273, 0.3122375491676558, 0.22324807713360084, 0.3534242102515788, 0.50614063308847
0.6235239978063223, 0.006231363453083172, 0.12046452512586725, 0.6485677268534812, 0.5838690858246145, 0.38947240855863496, 0.03270455787815041, 0.06692287913095663, 0.31580309762146497, 0.8889715909289461, 0.3630788122184636, 0.7715277706459144, 0.5641440798799586, 0.7646291184108319, 0.6182885339938261, 0.5083112879167325, 0.4396585575079275, 0.085746055586849, 0.9320060049253459, 0.608882695699689, 0.13955963173256314, 0.8011154883683003, 0.9928634650886945, 0.15673426975682947
0.2692873924822149, 0.2920530355914779, 0.8606185044007167, 0.8560681875596864, 0.9406737662582739, 0.47342950883075074, 0.5181974844891513, 0.15644135669380677, 0.7618862582325737, 0.594382574226511, 0.33976135331886625, 0.07956567856621155, 0.44184665355656905, 0.4483082694917764, 0.19980536613164157, 0.16865785341974937, 0.4898849840209728, 0.08659269443917905, 0.5525457467591127, 0.6603103926951153, 0.5715111314807403, 0.4774814549709182, 0.6169706441999891, 0.33046946823572887
0.9978394220865279, 0.925655678490578, 0.638107821043577, 0.3457686937305099, 0.9976163175648254, 0.14591450497958902, 0.13113698933203766, 0.9354577503174916, 0.5539188696421066, 0.7650182629368214, 0.23138633893369542, 0.48983838257022105, 0.43054025811000374, 0.47651239906416376, 0.5017521162633616, 0.29253949743900465, 0.8370983313851241, 0.8988639918652435, 0.4161919977234535, 0.04918006731873903, 0.4359515270093035, 0.25850132924570435, 0.8973631837936887, 0.05328424512520946
0.7460731255758669, 0.2953871390872268, 0.7538440014353975, 0.8041357310712935, 0.19534744160058815, 0.09288795758234447, 0.07965755095826732, 0.11502992393173539, 0.08370111380218503, 0.3472412876469979, 0.18802127814920233, 0.11492619508604307, 0.1991045319003797, 0.29466767253397474, 0.617257187343835, 0.7806219400904576, 0.534195608127431, 0.2844914785366741, 0.2453552386927178, 0.2719609528238034, 0.46078462973166057, 0.8116761807167856, 0.5265452382584642, 0.3975835677107865
0.020931688277624594, 0.9171526108765798, 0.08567190711669148, 0.040278989657466235, 0.7830119307217698, 0.6737838731909389, 0.9502580323753483, 0.1857500829202483, 0.4491948982819929, 0.9872347104425663, 0.30458310069492667, 0.13238971568100877, 0.5359478070505755, 0.08481910174316942, 0.7567609169072241, 0.34586116242819076, 0.14017947324549718, 0.9642157417325746, 0.371317097113801, 0.24548008034717395, 0.5860630456702263, 0.39537731520328456, 0.2841008679701654, 0.5625916847444605
0.8763260885090767, 0.6453776960601794, 0.07275857610632108, 0.4899536402629735, 0.12069408386836655, 0.6195634183974862, 0.6426667039249724, 0.578180254803907, 0.05656762778029456, 0.07906919977202287, 0.9895957242034962, 0.0420127668362541, 0.6238691989249512, 0.8435332570084159, 0.9407662412915934, 0.9767362228453478, 0.813309715451656, 0.37066398872730877, 0.1472380917916698, 0.7758143708307946, 0.9185183854234746, 0.9560447696751861, 0.1302448687109391, 0.6736327915764337
0.20521288694530904, 0.7398353713614477, 0.2934547394119018, 0.9947042107939326, 0.585661542940814, 0.6734386001277219, 0.5778005216731313, 0.5999794837624992, 0.04028109002050373, 0.9283370306255786, 0.8574764677633467, 0.2334640736876593, 0.09937737825558501, 0.5960623211371293, 0.5432488853437141, 0.12951027869796417, 0.06833089878726128, 0.6559770169886656, 0.6022021018814022, 0.7299534164543798, 0.7885366147226114, 0.3015327667189792, 0.6297186353878376, 0.5463164065940173
0.8572744109769502, 0.7382093770640775, 0.43579363709593544, 0.8681801872497131, 0.9923308659098661, 0.07521526852189608, 0.8195114005050202, 0.4370636138044447, 0.6383158876600177, 0.5692599970356497, 0.20371781997259797, 0.7069294909148929, 0.4775323889084019, 0.2326552324838822, 0.9147486419757839, 0.5113970287881784, 0.2442735383600242, 0.11773825405868976, 0.9241500309924736, 0.08841340506711215, 0.8237400251093719, 0.47449234926418093, 0.529089953362119, 0.7151118497659175
0.8454532555560174, 0.6288372444149801, 0.2410496722432316, 0.9293866268661688, 0.8409592175924979, 0.9519237754436751, 0.6625032545543014, 0.6706810124227596, 0.28436980145665436, 0.3478746199499778, 0.2444383665989569, 0.704462841366136, 0.8142261905419, 0.6778739383245398, 0.7515950876982048, 0.7990099372845775, 0.7775593018758058, 0.5183253204123207, 0.5254614645531027, 0.3604158858666374, 0.7622902348758129, 0.298332056243533, 0.11249033288664678, 0.9485210051470134
0.37883415629705497, 0.576748087107927, 0.8528831035783365, 0.05445061448325372, 0.3777014192656707, 0.5930387451869259, 0.3349013684487646, 0.9579677729720604, 0.7369585091245408, 0.6240980775085178, 0.872795893005618, 0.5283949777110243, 0.588751272591386, 0.004982345224940343, 0.38459211103740454, 0.09248943737459303, 0.8081629274198165, 0.8905542381871527, 0.576218422545376, 0.8766936844871377, 0.882620135702352, 0.8011839679180404, 0.45200360564690145, 0.20078453423871556
0.6692445382533652, 0.06300623056127341, 0.10709853938683467, 0.7415839536156504, 0.273662860171509, 0.432709317841952, 0.07230463534223863, 0.21152329930913716, 0.5704237417484297, 0.9634209550611236, 0.779034131222372, 0.8200270363254986, 0.9261754488600478, 0.40449562181281795, 0.5293971225976019, 0.09301899366884492, 0.8401644952371662, 0.4680173732402717, 0.27046492526068044, 0.03659362102665831, 0.7821267902872528, 0.0893893622777524, 0.19138392896322076, 0.46063838982937366
0.17570716263100394, 0.2183559562194528, 0.35915103104767865, 0.7191470718331783, 0.6409041884002887, 0.1533850774747093, 0.20352023057697777, 0.9912311050976392, 0.3668612612123834, 0.5476936033352375, 0.5252685894777434, 0.2544527437629104, 0.4140424067896865, 0.5596359540682978, 0.741427614730286, 0.138068843097908, 0.38135896829151117, 0.5873801213976416, 0.3029502186715495, 0.6495064415035245, 0.9378737883090281, 0.6616672230223164, 0.479407185561157, 0.7346510794910251
0.26496461828632645, 0.28420688234374925, 0.6559718026023663, 0.772063411652754, 0.9369194006920691, 0.1592274546969581, 0.7157286439294807, 0.7699309031010922, 0.6187566708793557, 0.8635085580136124, 0.849639450390293, 0.2657013943757359, 0.9217768771121577, 0.5167503233759491, 0.6095845536136967, 0.7959448391854828, 0.5426364690580858, 0.7750415174078434, 0.9815189610954534, 0.5446415433614875, 0.3549536854262315, 0.31233428456504075, 0.6835124568421632, 0.1586253691362861
0.013050111812188403, 0.06741200131021707, 0.7717451011610205, 0.47254110227397006, 0.6118736187719699, 0.6247027273225209, 0.671321306110427, 0.3571799881604588, 0.7936765174037024, 0.7555002783032615, 0.5641479766450195, 0.557324251301543, 0.5324142862264348, 0.5120699806263969, 0.14428860449128522, 0.7991144736932086, 0.7497305470283655, 0.40650777750718226, 0.07900984758177687, 0.1897724446075304, 0.4663736941197756, 0.8889356715583813, 0.25560713449097594, 0.4147710117959308
0.7717787469206848, 0.5760921135726336, 0.9866698621660104, 0.2608059569771872, 0.6751035944381442, 0.6049510007002463, 0.9336158958149998, 0.44329512314924513, 0.48119254843243153, 0.9221248258466276, 0.11232166683940481, 0.21919448949014542, 0.3503577008413875, 0.8130630441281883, 0.1118606781945366, 0.24604821792589193, 0.31284038795032953, 0.08865374137889004, 0.6062343495260786, 0.6085957879812367, 0.7084466678733201, 0.5701579530906623, 0.7750839488582044, 0.6791094199190506
0.3785959613140618, 0.2352148411513193, 0.626560514331246, 0.10285139263915011, 0.3625544743738398, 0.9999926477508376, 0.1102657330894079, 0.6083459934443418, 0.18450350809725602, 0.3072926199765811, 0.006570706323987929, 0.9127152802628141, 0.2899272606015145, 0.447709562018231, 0.5860703824147079, 0.05864381033500987, 0.863888772508259, 0.411874757592119, 0.5012208858690619, 0.506149904482935, 0.4306564970539277, 0.08393797054524077, 0.20949974539733462, 0.6530641748772125
0.04982265561660859, 0.6743944246485172, 0.14352488455402135, 0.1341358952501004, 0.6427504976709041, 0.8516686964138127, 0.1953803690476914, 0.7620771296290666, 0.9266903582778216, 0.9448137506440435, 0.5509227736532217, 0.1856829013722996, 0.9464931246355072, 0.508136489416063, 0.6575262090086629, 0.010084228570841347, 0.9519165944961065, 0.5581645125509459, 0.47948672626075173, 0.769818461077424, 0.983380963425417, 0.8316632199263022, 0.11627173281865388, 0.9320746340449898
0.9073052569132125, 0.4098694000994997, 0.18682811788830167, 0.1530079392086081, 0.11349585352656288, 0.2825187602551992, 0.9377170087873242, 0.42649403945507336, 0.7521650793098007, 0.6907672057734586, 0.658696805838414, 0.8135911366007499, 0.5336920253426384, 0.2849975047723593, 0.9704717276470614, 0.14746600973134527, 0.21272806876445371, 0.6567447891603836, 0.9956811980709398, 0.5042690135938673, 0.8498700217688456, 0.09229192232683958, 0.7571617989356489, 0.631744491841889
0.8634559350748222, 0.6776314765041559, 0.26823942727470484, 0.7605760970656855, 0.04025835095476693, 0.399489664260288, 0.6399674675829161, 0.9529503667855256, 0.7629981384585718, 0.7794898813886723, 0.1888344896667553, 0.512171469634339, 0.41465851182353075, 0.16812538627964402, 0.9632339847409185, 0.7548598891473892, 0.10907147682048879, 0.10795140428025574, 0.0065077099550242545, 0.9842481535581681, 0.7684983000481533, 0.37777107855203096, 0.5646957336882624, 0.3515728086362586
0.9039694279212889, 0.6325624016622021, 0.6183671944188305, 0.3986541966091265, 0.745970328688222, 0.47764284054613326, 0.9629879100023431, 0.8796835590530718, 0.5905461018937898, 0.11680468860743243, 0.9119564236163287, 0.5037175254278672, 0.9072750775150127, 0.5011875533620452, 0.8059059664518167, 0.7832028743011867, 0.8816787849888509, 0.8218434603872468, 0.5455874510562193, 0.7723739683756202, 0.8243582972012643, 0.6287721764873216, 0.6555077475920691, 0.6412146397648532
0.053685426014152826, 0.3299239496183509, 0.548725056302076, 0.8460800668781181, 0.6820868711253225, 0.055643154902484615, 0.09489552221929787, 0.7084719202699424, 0.6690406781258765, 0.19116278514073537, 0.6379879694424894, 0.21874911199415925, 0.708267309161572, 0.35466027193008953, 0.7515000791192359, 0.2913763714333826, 0.17347873286060078, 0.5033004397895264, 0.7941216218793538, 0.20688911332737014, 0.1847174316895398, 0.16177680781698078, 0.5070442627319353, 0.8253755625977641
0.7616448372395981, 0.8114206507583086, 0.8646082997411173, 0.1211678873746238, 0.29305623140161763, 0.05997043448345474, 0.38303768763684387, 0.3361178677548652, 0.5515538083560263, 0.5671952232131634, 0.42860148445321045, 0.5027743069359643, 0.758301110443737, 0.6646896198037835, 0.6630587506602156, 0.4471155035913298, 0.9497358269542254, 0.9883140319595656, 0.2982943534541357, 0.6705791746388672, 0.7275630646858021, 0.5722284393789009, 0.8757650176466562, 0.9621442440891681
0.06654037515269873, 0.6287020247522624, 0.10433626661872475, 0.605295119318526, 0.5095708703171066, 0.04444876044176016, 0.739102586752731, 0.9198325638543612, 0.17762351876100113, 0.3409126316270925, 0.014005992420346836, 0.5190555507885913, 0.022136197488836107, 0.4441589899364222, 0.3993215994069007, 0.5415397406475737, 0.47951226410901104, 0.4821286453688016, 0.6692251688985287, 0.022768920851744312, 0.8398191122450598, 0.8038996966063128, 0.8919032161656751, 0.7094324749091492
0.9995340010555727, 0.10758362352477391, 0.9469346735044109, 0.030658352535889333, 0.8723957472576913, 0.9885579738175262, 0.757496011572672, 0.6090274995355976, 0.7770356947479323, 0.5186545826936031, 0.29028100226114406, 0.494451900569467, 0.8549684675238545, 0.09024991513649772, 0.34487181495258645, 0.6429093660305336, 0.9000250065089486, 0.6316897602438819, 0.8123628875938321, 0.5858448699584432, 0.4123214124190959, 0.9507649576574992, 0.021139168167209843, 0.007618412432089161
0.11026377030677781, 0.9665252980840295, 0.7588697295306835, 0.31109338438265144, 0.2438526497511746, 0.6875399076748782, 0.24225629734999476, 0.4412964782963126, 0.4389336717990684, 0.1463045470325387, 0.7858390863439925, 0.6247096698223321, 0.9971148867517258, 0.7427189802803076, 0.3518181852813438, 0.8750841780305796, 0.6463224430126598, 0.17417207064756468, 0.697456272806876, 0.9870250894432211, 0.9861874386495236, 0.9155724358008064, 0.1088970211714847, 0.02848801141389834
0.5658906966564887, 0.8136254577267804, 0.8801046999650115, 0.010468542202742959, 0.7637022832374412, 0.7486506626248192, 0.889994633952274, 0.3396616691411112, 0.9832926647374975, 0.3738740791777826, 0.1985059310155881, 0.20427565094997735, 0.5977020580998683, 0.904977314483259, 0.893601668871553, 0.6676842099790263, 0.39415695894388647, 0.6933458268230283, 0.34415397524393254, 0.7618743641577148, 0.36753944578749054, 0.25965107806840837, 0.813821592076679, 0.42723727357693764
0.4028218637238905, 0.03360568923952634, 0.8079433915734471, 0.3191252890171895, 0.23124932144765287, 0.8873837846882747, 0.7887686843096614, 0.257907443173758, 0.3991839231329656, 0.8029212473925473, 0.5584302430601505, 0.7713946153941535, 0.6823444986492092, 0.9754526002697446, 0.12135254803451923, 0.5240270856581798, 0.025458533128532745, 0.6889572389320715, 0.14383850403957932, 0.44818115333217345, 0.5082536780286693, 0.524533269179708, 0.48293793816777353, 0.12579264667399936
0.571450013970566, 0.4895324169758165, 0.6620825381653904, 0.8355069082230504, 0.19457081558633482, 0.3969522477317339, 0.771501677311529, 0.30502449882238947, 0.6107104407053118, 0.25427769015444224, 0.4136414248123167, 0.6083953299520407, 0.09227617803019472, 0.0988634080847034, 0.32922993632591024, 0.28807582698813883, 0.8123876670078868, 0.8954629117620966, 0.36016719356406135, 0.29644113337606837, 0.4450811812226524, 0.1807918170024081, 0.38457790908139144, 0.38156603408953094
0.3750759949021003, 0.5399248507388051, 0.48496300474201837, 0.7509885684870896, 0.15713992681512357, 0.6330643321150063, 0.22961964796675427, 0.8230583289649241, 0.9573160924840717, 0.2601745513752879, 0.366622039658401, 0.6273331830220235, 0.36724896551749275, 0.3501359186130564, 0.3281257814444375, 0.779314422656652, 0.8603261249767584, 0.3288639663080992, 0.3038386085969037, 0.7433845373603527, 0.46230177998912625, 0.7552885928699193, 0.5484723284906128, 0.03447607838986533
0.7072566977152651, 0.20250113482051713, 0.32589208786254775, 0.7535463411059474, 0.2992532457812075, 0.06535664740100744, 0.5833762624659229, 0.6736443156321742, 0.35509346670563546, 0.8236287150917342, 0.07776851670570384, 0.8953837353305595, 0.8422021314532133, 0.035633004487719666, 0.5370953124131311, 0.7696106819246133, 0.3135794358532069, 0.3681028093669543, 0.10217779067387611, 0.38777363658017927, 0.9565310876918326, 0.4694093012795948, 0.4620688149810287, 0.6911986019152863
0.5699008521853439, 0.8863711065896728, 0.05450830546022467, 0.29395337101813557, 0.07086870061004902, 0.7148988133891598, 0.15438687349303348, 0.2254965802201333, 0.45227013542725036, 0.6135857215780667, 0.5587281229130918, 0.9123465965995324, 0.8828950011731185, 0.9418972856063841, 0.9467719580940914, 0.6791557770597557, 0.4889506061614316, 0.5929454655945867, 0.2040012022381168, 0.6814061924376335, 0.4100955199676025, 0.1251475679327777, 0.10176769112158324, 0.3983246885799969
0.35202259370446054, 0.2036606042264406, 0.10789292778397463, 0.2864759415950793, 0.3172483834352985, 0.7083489069556727, 0.4782382044822857, 0.37886807153118107, 0.5219601311003256, 0.06950765332230835, 0.18389104695985814, 0.963097483403853, 0.9927325001472741, 0.859618431595299, 0.35507519972026336, 0.23878106513638864, 0.8142657930274669, 0.7785767192201686, 0.05498393111573174, 0.9534770711767215, 0.691260632222107, 0.5600151168897288, 0.012647744730310051, 0.6943005722097522
0.7066940159378531, 0.8244660957391209, 0.22051777338522804, 0.008120055036701324, 0.229438806632283, 0.9401846828462962, 0.647247732186434, 0.6784296752323796, 0.12235843605528152, 0.6516631111892249, 0.48085013774418306, 0.5056317857280281, 0.12021552230907162, 0.8901604591021036, 0.6402844455268677, 0.8341270631960824, 0.4318751970986612, 0.19893402333891252, 0.3843093773107358, 0.04046746017554459, 0.49392599117259306, 0.6543799887580486, 0.04489811312161163, 0.7007287872308713
0.30262040896708875, 0.6914507385680156, 0.8096028505459136, 0.6646157979148661, 0.41324293797590483, 0.5031483762816689, 0.40057083511894176, 0.09326644582897647, 0.13820104947611533, 0.7074071579200294, 0.06131754889299823, 0.5126031587501337, 0.6932780532142326, 0.27429666540979836, 0.6852457258971169, 0.07982054283688067, 0.9541248062573128, 0.4196986972395571, 0.5703110007997025, 0.4786319160200253, 0.1333267667016108, 0.12742199332710824, 0.5182004062107786, 0.45008367884256373
0.44595951881610596, 0.42596207258559693, 0.03487277185090942, 0.24872732770930372, 0.5268363551386509, 0.4923812158185701, 0.3508894555428409, 0.5645872282410084, 0.5043140772271576, 0.5064505418447482, 0.05489459171272926, 0.012112465227024916, 0.44029850322694675, 0.40348869499537676, 0.852783676998866, 0.45561998609108, 0.8057392415591372, 0.01935030064410037, 0.03635157034808578, 0.3695327120866052, 0.7405473828221854, 0.5829612351811094, 0.24180192214885998, 0.10438807079931478
0.7487812602292029, 0.6072642095045003, 0.14105131107575386, 0.6928524423707073, 0.36038939815362137, 0.8504194041983568, 0.03677445485852049, 0.41964854807433494, 0.5854436740976927, 0.7817556500703595, 0.3568896304807535, 0.6011653120411714, 0.16004994642364867, 0.46190151492359555, 0.6588568217472534, 0.22997033731232563, 0.7688883818569948, 0.26007229081749583, 0.2011084172493004, 0.6964305272382001, 0.6631531803370665, 0.6168051634817135, 0.7338782257915216, 0.92328693522833
0.5471696332319138, 0.7405885966766591, 0.7811683253141727, 0.6727902233600489, 0.9619722108891524, 0.09063158855380904, 0.4736149914741643, 0.1826782771074965, 0.5892781728552301, 0.6763732600390815, 0.49530737770640365, 0.213846075949371, 0.2148436489751384, 0.8021628732908241, 0.04224333974502359, 0.8074811856883801, 0.8708559519685566, 0.8656078726502736, 0.9226287178666952, 0.8239452296287918, 0.44820556746186013, 0.9679179568784457, 0.03434975984974464, 0.5966270295602905
0.12288297299736406, 0.18635043714347133, 0.8662830427183718, 0.8143561621660645, 0.9158599440852339, 0.8826891255911725, 0.8646724869753627, 0.29690877682062, 0.2141744034473726, 0.6100177530352201, 0.6752061017032337, 0.7345767624840731, 0.45036950803240217, 0.41529521808138514, 0.22267894501257024, 0.09365293517796647, 0.9361298348968496, 0.23449781738277486, 0.6959324102207112, 0.25212633293685005, 0.40344770325226065, 0.2708575613243144, 0.9797920417209053, 0.39550596435547347
0.8444557343145093, 0.27174257983558336, 0.568112634051392, 0.019905664994024574, 0.9473275939044747, 0.9182473791175996, 0.9661591643088353, 0.41805073296567274, 0.19376040472164935, 0.048064262822225756, 0.20914828997598967, 0.055280044393899885, 0.7601108122013389, 0.6727815172497758, 0.09414458765331823, 0.08129655135619063, 0.38943414459764536, 0.6490946472334731, 0.9294516670641718, 0.4113459252733386, 0.6464581860170013, 0.8188474690685988, 0.4644549184352358, 0.9711966490129201
0.9072097711527272, 0.14268326236883255, 0.3566286650416506, 0.3704926633369844, 0.48273947047900156, 0.6195038080926463, 0.06793828102239385, 0.191689224097777, 0.0687063772697466, 0.24497458456337895, 0.9923828921095498, 0.7904402925675531, 0.24980588573454565, 0.9839193815534929, 0.4346419560256042, 0.7877580114020764, 0.1608017930471921, 0.8188879651426562, 0.030541109266585043, 0.14193296302116443, 0.9708861463448282, 0.9627804835425038, 0.5933123614750109, 0.3891756533778906
0.6251118934863827, 0.7565714540488404, 0.43111889789974855, 0.85574421046641, 0.019132705562753816, 0.20461562516665643, 0.05376032087101246, 0.9548822753231955, 0.4859808743542402, 0.3629707636027283, 0.8829955947043426, 0.6786815743278651, 0.07959970636986835, 0.8534523411390853, 0.0032685833616282745, 0.039297766196449535, 0.923549747688606, 0.9835267495801443, 0.5857276130437945, 0.9192213664789194, 0.18358921893935032, 0.051613343046364224, 0.2418731229077793, 0.06599365875120144
0.3689056807121591, 0.5614128454161931, 0.3850406637938266, 0.7295417427406438, 0.008385858598379037, 0.8770867415285868, 0.5131213667872342, 0.12492696935381642, 0.8224534878272319, 0.5988495719203857, 0.26863326367005436, 0.010973488324511838, 0.3075235006102779, 0.7312438347693917, 0.10323951879873361, 0.5157821698608276, 0.21222234180600685, 0.5062343304347544, 0.39838014811593603, 0.6059783268916952, 0.28061609788092357, 0.02957591576762375, 0.7740568425047353, 0.49714228332570376
0.4786482803498213, 0.9346224434636408, 0.760668413354742, 0.7463409040775428, 0.9988266291979087, 0.4194531146019592, 0.5142357508913791, 0.47321041904755634, 0.9815470649297211, 0.13836982086069172, 0.8817573044190407, 0.05339522429780952, 0.7395931960049952, 0.06792793758176763, 0.8083109809077994, 0.7690893761600521, 0.35741218126728147, 0.911248471352069, 0.963421007249094, 0.9801473863104797, 0.45110950010991313, 0.6953562037894867, 0.7357901238129265, 0.7205373543859201
0.9328801191506382, 0.7062563871815501, 0.10307602759613077, 0.885338217861413, 0.9664180456544378, 0.021202318812754473, 0.9643707969479014, 0.714042368914497, 0.14567524679913124, 0.07458417463852907, 0.47916567454111436, 0.6271109999669529, 0.3904526279021495, 0.7899691431722645, 0.06702865587392015, 0.0554432642358893, 0.6416976785228915, 0.14680279577998745, 0.34558624187400355, 0.9268594801965793, 0.43820229527364907, 0.19332155262391637, 0.22687715302395906, 0.3516982888326273
0.692846801426728, 0.6166350454949184, 0.9420075099738204, 0.1547365188518698, 0.35045724458498695, 0.23630500288575007, 0.5033522701439972, 0.1982841770059357, 0.11248665358086984, 0.08123973290516051, 0.8131407147311711, 0.15264213466408927, 0.2704100553944475, 0.42028122251968136, 0.8279884633784913, 0.5529575127641173, 0.9074993527960337, 0.04885913322223567, 0.5817758047084711, 0.6323127312596045, 0.3559339613750696, 0.0175999569263271, 0.3943099364533582, 0.5548989497273709
0.8380995241953323, 0.637677555379677, 0.23786661786824193, 0.7145269986795398, 0.514202779505176, 0.5310010331997365, 0.033769169476385086, 0.7015181427880725, 0.301817506944119, 0.029204763395491162, 0.10888380440946177, 0.40214018035715515, 0.13935280847315323, 0.8327689973176129, 0.9856761364243086, 0.9046387448213513, 0.9475785884102516, 0.37943896265632293, 0.9597349494191036, 0.4966246372911396, 0.7175224085191542, 0.136362530493924, 0.9664205323763914, 0.9588903310639725
0.9058684290872299, 0.0054128494651563, 0.14069516685615246, 0.0717333609332006, 0.2519600694722782, 0.2899026987109764, 0.8782623083533397, 0.9778772953393701, 0.539770647122331, 0.3738772408076668, 0.9292828760726424, 0.3057866828994712, 0.05597989767031719, 0.332828837198046, 0.8251018025881078, 0.39038844584995647, 0.26947544982856, 0.26434687989213823, 0.5599626928089668, 0.13353749140066729, 0.14461432639583727, 0.19103291424970836, 0.3472171435624145, 0.9508797018739297
0.5437615550966196, 0.24973451386686785, 0.5208308601925113, 0.8885885129740629, 0.3818333852825131, 0.42792025713649307, 0.7648638282228568, 0.4075383134353461, 0.14296491099394015, 0.5567447140555302, 0.21521808180931568, 0.7353757046714446, 0.8268066886701179, 0.1807243464289292, 0.4310038539709625, 0.7223609892645123, 0.974739285181102, 0.034736776024501315, 0.10880665209852414, 0.600354696087643, 0.7552356982603932, 0.46881845769320185, 0.62800424324898, 0.4660760532316989
0.4262983580875239, 0.7932441310741148, 0.012235909126832922, 0.9461417318300622, 0.9439235910855143, 0.7252003318179296, 0.3223944810640226, 0.2534411417245098, 0.4727027098018133, 0.748844263639649, 0.9191777096665366, 0.3582103044884738, 0.0043279620148167774, 0.49750709611146526, 0.4217838253880366, 0.5939632153463005, 0.05737019181356284, 0.7979552887471917, 0.5795653335599, 0.9438213718467833, 0.8243681913744073, 0.8543161607532875, 0.7262050937030651, 0.5139458336653928
0.5358748875216724, 0.4206607423258657, 0.30420267641720566, 0.18939649031821826, 0.2955252050779329, 0.5435894446504117, 0.21040319292568288, 0.8934000000158027, 0.07316978749141245, 0.2494319356092798, 0.6593992625767453, 0.534616427637391, 0.8123906287726913, 0.7977144099194344, 0.5785900105748278, 0.05535848483827177, 0.3022866404944258, 0.3928401449759569, 0.5721819185782197, 0.676176304734405, 0.4589946409329311, 0.23192703131121917, 0.16697649041134954, 0.8089532887533857
0.29410393830503223, 0.49234581304002767, 0.787226850900567, 0.48332498378807964, 0.5167783211848697, 0.6741184492718638, 0.7767013408474831, 0.7232389019007791, 0.5887371211927811, 0.7576934330378325, 0.038476064827086764, 0.8482637215955061, 0.8957695221071347, 0.3217605547058393, 0.5546500590839405, 0.37469638660731397, 0.3478478520881092, 0.3911985188207906, 0.001240553699118685, 0.6433813441773858, 0.2502158886249606, 0.05852695434446353, 0.851812585537612, 0.542343008247802
0.7164676592251055, 0.9679781585795618, 0.5408343097119634, 0.2950913216534693, 0.7913083335813803, 0.6190640292183035, 0.7805846371501963, 0.2011753828597791, 0.771761299121411, 0.8357849737829655, 0.11568653574585175, 0.8088014115784917, 0.7149399492855807, 0.7972406092271429, 0.871317143401548, 0.18923169707271958, 0.14111349926824335, 0.539805830433619, 0.6626380599975696, 0.1468779548306801, 0.16627706368952266, 0.3481946999824014, 0.30056778190802347, 0.9570302883934442
0.8597265480744977, 0.07353729207653237, 0.5021037613377457, 0.15469466289712397, 0.6518995461670253, 0.7279839067582369, 0.06584241015766701, 0.42756319732163106, 0.9567230162437144, 0.9547990593012596, 0.16346885067743344, 0.6487639124563315, 0.04010118288038411, 0.5818401365417297, 0.5329691755597454, 0.2946932939237298, 0.3027753541808107, 0.26202948319197716, 0.06060963206834835, 0.7612448055220978, 0.28974331124644637, 0.03855414522997136, 0.4970786056258628, 0.547964717815114
0.917115803747716, 0.4121714168804228, 0.8766035413945236, 0.13852267294632348, 0.406630387056911, 0.715498305110641, 0.13603684454407472, 0.7938168620916894, 0.9985465897959034, 0.9781836177445197, 0.32842363544537045, 0.05578026773197331, 0.8679293527439634, 0.8539732714518089, 0.48899107215012705, 0.19973575576356428, 0.9814735560779624, 0.7403603729963392, 0.701706774212094, 0.8587406851509309, 0.7519006161199477, 0.09350954352474006, 0.8419403380491313, 0.5030711197741539
0.0189503890743,1.7493444959,2.48604229422
1.08995695493e-207,1.38388738594e-30,1.78401221019
1.77464850048e-296,5.05134334061e-30,1.7364301499
3.71695421582e-283,9.16385625273e-32,2.02560979478
7.81801336053e-308,6.70087451669e-33,1.87094710127
1.6430446783e-278,9.65694406657e-32,2.06452006351
1.84686048764e-298,2.28209292769e-30,1.84751743799
1.67850029699e-222,3.97789292178e-28,1.3722885827
0.0,2.77839447837e-30,1.89814153724
1.04949789159e-279,3.72800019552e-29,1.64375145609
3.55766243034e-215,1.56171552802e-28,1.93649934762
0.0,8.19156803917e-32,1.65049286923
7.82852670901e-287,3.42545812714e-27,1.8548104595
6.1382441706e-294,1.58604713261e-31,1.8560920053
5.67623094944e-254,2.35031302431e-32,1.95040932785
