$x1,$x2,$x3,$x4,$x5,$x6,$x7,$x8,$x9,$x10,$x11,$x12,$x13,$x14,>>f1,>>f2,>>f3,>>f4,>>f5
0.46524213761034494, 0.09013813848845842, 0.40993514762000227, 0.03657657753051746, 0.4968446448200454, 0.9331322326923231, 0.6843066631215021, 0.7012361768806756, 0.6760765953604666, 0.028861133028251107, 0.5926217867094642, 0.4047366526896219, 0.4012980642915561, 0.1650544236950694
0.7780210170244581, 0.8495288690688362, 0.28030936801444106, 0.7131437693304638, 0.9566174311890214, 0.6442694032968023, 0.9646795340216618, 0.5219539735395825, 0.8179537212920424, 0.579256930896158, 0.0792886485223051, 0.4072003693780134, 0.2101006411605454, 0.9505010051786509
0.8600066684494385, 0.7316865899744845, 0.3198478272030095, 0.32282178654327043, 0.998572684721175, 0.0017290461991477102, 0.09692064610105866, 0.31267460472014796, 0.5562423654462249, 0.6155750495095021, 0.07168947513578516, 0.4922704376088566, 0.24725099521868676, 0.5290397974323111
0.41974321280995075, 0.14607574978493787, 0.9375212235816278, 0.6091175733849399, 0.6447837459354274, 0.670904800215522, 0.19987628666469892, 0.5879282047458604, 0.9115595617801717, 0.33906255055382273, 0.47222285113304585, 0.1927736620076823, 0.40476047561165573, 0.37150061039567706
0.744788283782916, 0.8023591109696537, 0.956064316704538, 0.13171165346621128, 0.28478981805172054, 0.29409673236631806, 0.46904620182392953, 0.3366624453490821, 0.8669141081917963, 0.3833495920676466, 0.45814472025563213, 0.9380349487474885, 0.4736437018684534, 0.2892948994321586
0.7613494439839458, 0.48459453904460437, 0.6507302957678204, 0.4307367536936775, 0.769600200267104, 0.781666855702611, 0.7908653397691014, 0.40363002952115024, 0.3235624221108099, 0.7146913289728806, 0.8027382119640107, 0.006344653079655482, 0.23152505629668974, 0.4611655747040597
0.8339188688135525, 0.8076379402204317, 0.5079248653935571, 0.06127876557420009, 0.005982948579850489, 0.6861007199110082, 0.10482795198009642, 0.48588396213067475, 0.34023774610293844, 0.1321477586083315, 0.6491648941420665, 0.3116600741749067, 0.2037770709673723, 0.08347300414391423
0.33395668162880054, 0.9195662344020658, 0.6714367043850814, 0.7852184848978986, 0.6601727386161902, 0.36375754112131864, 0.18833309852237168, 0.2752949378594207, 0.8862307129767819, 0.8830864225678836, 0.8202443336135768, 0.5238525940189672, 0.08461814125183498, 0.3276454483296518
0.9746612607126786, 0.2942513811512145, 0.5988144223211669, 0.2948378235502511, 0.7825805971708468, 0.5594543095540211, 0.7011976701726748, 0.023398512229983126, 0.4311827721268734, 0.5334346327561259, 0.7079899609226119, 0.3040691068085116, 0.7362116397250065, 0.8508223646765315
0.7796871433712899, 0.19076334699330644, 0.5260363456822494, 0.3619946581904786, 0.8231453943714631, 0.8242315723792383, 0.9008177024950349, 0.9241439335809056, 0.4081151922759326, 0.5623917973998703, 0.3476846739132363, 0.4298534581376058, 0.683322862426832, 0.7189001869696515
0.5147204013603185, 0.8652643525422544, 0.9818604136266716, 0.19647008810978284, 0.704426569676114, 0.945257776372126, 0.3112914186366099, 0.8055809589104208, 0.1086363369591502, 0.4758458055122442, 0.5358178884367927, 0.5964920216642317, 0.17949844346498278, 0.3177729769915151
0.339114689660015, 0.8343069960067279, 0.6309715088708797, 0.6903610102747929, 0.49544646619152055, 0.015444320817646462, 0.2122995939403507, 0.40257016649228394, 0.965769362851089, 0.5346145716008001, 0.7021939131466063, 0.05324126376538629, 0.7448725180014941, 0.7519950778975838
0.5025961977033266, 0.16720833523476408, 0.4951912944182044, 0.5289794448714468, 0.3048150344877445, 0.5125717186397729, 0.7488137813049157, 0.9407809046284814, 0.6572999472776017, 0.24251306894684688, 0.34334673711807173, 0.6241933482589639, 0.7652310453225765, 0.8217330876886803
0.8749440255999553, 0.911099734173606, 0.7130928493095404, 0.06662880290332807, 0.3387508862510139, 0.590404015628791, 0.6321006853143244, 0.2900691071736342, 0.05299812437025353, 0.07169527057402092, 0.8939615160720993, 0.20067358868735152, 0.5747405878518829, 0.33467926675585524
0.5695194289925838, 0.7724435358938262, 0.7816018282442866, 0.9651809564775057, 0.25426076964543354, 0.3979714505703511, 0.18670868217649084, 0.6548912098783093, 0.5020950684120629, 0.4274491410227792, 0.7482288006043798, 0.7849215640838129, 0.41055283818909416, 0.7150324534246933
0.4562864439786526, 0.627358020592841, 0.9521916469612416, 0.6402025195096017, 0.37784828518885516, 0.17504897651389917, 0.6903334630184333, 0.9963813814869074, 0.4753026306663847, 0.37640512652886327, 0.8871830206983545, 0.658904618886031, 0.38975511740030166, 0.440326946101274
0.02720101221297666, 0.22043308117734972, 0.37333413125185333, 0.022317975552072822, 0.15536404546276028, 0.3360372120479337, 0.5488603685206095, 0.4266016579933387, 0.06806698153020951, 0.01888454012823526, 0.9779349606083196, 0.9419198837947935, 0.7614879123244683, 0.5724395151004597
0.6417410230415581, 0.8291281309418647, 0.6106698729534437, 0.12672793079138067, 0.440884940597866, 0.8247552898207652, 0.6822721996820988, 0.8663115664258528, 0.3817879083912563, 0.18858742067594458, 0.8943790217992859, 0.665786313104787, 0.1407337921551325, 0.6307534362676869
0.721608557543446, 0.5961985968981527, 0.9769298761319438, 0.7270095076850104, 0.5638932410715218, 0.5997881917026531, 0.5666150171344115, 0.9608386287161168, 0.754898184940916, 0.5599583107686934, 0.09164058433833033, 0.387979084052288, 0.6459632900268312, 0.5343387532909901
0.029970806782433024, 0.9951165911930159, 0.9153180202529205, 0.39234353962927426, 0.25669557457341796, 0.49388432459665366, 0.9018672518392049, 0.4916779841348402, 0.33404324320941925, 0.47141878519180813, 0.054403756671251524, 0.2603458229315764, 0.37706311736868703, 0.29250939753092986
0.8325659908425498, 0.26564904172954884, 0.6628166442238469, 0.1880898735037626, 0.4040155990765322, 0.5370652435986631, 0.5413156370079378, 0.9344019673669001, 0.7607307796940885, 0.9185342653410459, 0.07443334073948105, 0.10963480617332977, 0.5479508304317243, 0.4112632174714098
0.5048675621206387, 0.4574877275230719, 0.4363341520281476, 0.17945260991154421, 0.4909383082034714, 0.010242019053671392, 0.7164690264171829, 0.7439429092511516, 0.9024805645618599, 0.11114030272706787, 0.9109086851087767, 0.4097577137456593, 0.1912347770991859, 0.2379173941205227
0.7883010042120396, 0.7864471396328719, 0.58345778524638, 0.2905977166616196, 0.18777416976691752, 0.12957309161366093, 0.36984786693443117, 0.996298634666053, 0.20182752264429926, 0.267271543139213, 0.20203410113646347, 0.5010192224762309, 0.991869005014469, 0.8296519525126984
0.24884699231249163, 0.025044380699906554, 0.7135610618489978, 0.9608090972035838, 0.6441972310925973, 0.4238385863735833, 0.11536248465570909, 0.04055690226163944, 0.8301048736452906, 0.8083447849647453, 0.002387467976634583, 0.6642694339748265, 0.7525136193192519, 0.8273305812411405
0.8916093202012184, 0.9002484579896076, 0.920222143258848, 0.9273620177769529, 0.4450167693930871, 0.8500646495041205, 0.027083522932291104, 0.6869085678211807, 0.7421380616918336, 0.03771410173990786, 0.2464698952112946, 0.04052571773074953, 0.004440985674279863, 0.8940421695323894
0.8693242736827477, 0.746004608794328, 0.5730843069363012, 0.22006022291713312, 0.7111882042395397, 0.08101631036325496, 0.4182242139044241, 0.09502098996059405, 0.3546619044548981, 0.18716009583272697, 0.6220471984181483, 0.4829188722150377, 0.773993948603298, 0.8572069755001679
0.1968632224432426, 0.08030580414904875, 0.0277863553077623, 0.9526700025023531, 0.7067146845791379, 0.4633302496655687, 0.2218156752150796, 0.7776855917124306, 0.340916893961722, 0.2876316341966284, 0.21719900502387823, 0.5412026916563712, 0.3494554529119003, 0.5185859250401313
0.9253296396121825, 0.8289606476982144, 0.17049932199062445, 0.5687924833317433, 0.4277649469933781, 0.2820677689070946, 0.3714141432343099, 0.13283392596119725, 0.7462918575308403, 0.18579941315455306, 0.8998965140980852, 0.36173338325031845, 0.7626135411221178, 0.16257724888719227
0.4441828718163022, 0.10639109430052696, 0.018484030879599156, 0.4670127491349165, 0.7555434270321194, 0.9601531498057382, 0.19596680221560414, 0.6739910385228778, 0.407218460815462, 0.6545308283354214, 0.7206622829663611, 0.4767009592139223, 0.5043407389380974, 0.44265741932581737
0.2873920968889244, 0.8049029915394293, 0.5139271314781496, 0.9088094075135185, 0.00015450098729985484, 0.4501989012789791, 0.8404099971039822, 0.959925053345288, 0.6711285287635824, 0.4741309739759759, 0.5070218873194223, 0.5896982731042667, 0.3127714400189382, 0.5206182098448872
0.740160245026578, 0.37480632187472573, 0.6690423106980392, 0.45668297085888776, 0.6283905450621231, 0.3476056984208955, 0.11098178524971913, 0.29761369972374063, 0.32746586256809196, 0.9108460614330781, 0.14380606356978654, 0.9977551190718331, 0.6273419538080821, 0.4685687385775976
0.016646458115051943, 0.24390379159418552, 0.09319584977470163, 0.0827613019647353, 0.1210050948534439, 0.4575500365391457, 0.5164806676773146, 0.975540646185942, 0.76294813847779, 0.10446633298395414, 0.46806885424579636, 0.30397274175203925, 0.24290539859842897, 0.08055941623439822
0.10104699060468214, 0.33644367378332973, 0.2536351575245307, 0.9312506042593481, 0.06694002742666738, 0.02984092551672346, 0.18292329432601018, 0.6484995511176276, 0.8186059398155673, 0.8798598714030726, 0.2792900870045931, 0.5478359150418147, 0.6211363978178673, 0.9564098390609698
0.028349891301856833, 0.6022588775313751, 0.7697609101095076, 0.4834144238685777, 0.6702530806858397, 0.7262982472905808, 0.8044841354010593, 0.3289078010410509, 0.48044859205181467, 0.6861083653804895, 0.8666016376383331, 0.24728498785191422, 0.04048563454804843, 0.8680680107190657
0.9199229160934831, 0.5130391805419589, 0.7157797743081826, 0.8089976450550985, 0.43654011649004043, 0.2138995150239663, 0.14574057852145783, 0.5668095595187864, 0.6141028125741355, 0.9075531250582666, 0.2045203473690279, 0.22633607089206909, 0.24310416202686824, 0.005215539956750392
0.22969834536992983, 0.7695099196752485, 0.7965171581330639, 0.3200576777340327, 0.9854226107098678, 0.5930082013951768, 0.4005344755420782, 0.8302273954495053, 0.9966863777283621, 0.921099207240352, 0.2309740384335619, 0.16270206304609436, 0.4974268670840356, 0.23528882730626932
0.5881992435714386, 0.9308282753385182, 0.3063758716561137, 0.4969218720728683, 0.5733443752386811, 0.23492505024749344, 0.28414656167802377, 0.5763110810179493, 0.6773515164831722, 0.3591418143206021, 0.9944064725090271, 0.007656475294470444, 0.2582641278239396, 0.3852284703978194
0.449947617043727, 0.2025515742720061, 0.18789333509099027, 0.4565100389875979, 0.6473229812199472, 0.32733648854930264, 0.04399746985889197, 0.5352762667626437, 0.4810361089577172, 0.9070004075199817, 0.051922361624091584, 0.16848532075920752, 0.7901832048258123, 0.8553836815239865
0.14541042503486812, 0.22613731866159859, 0.7804772594297575, 0.5938712569821828, 0.38780321367351855, 0.41508458224533806, 0.6206266780578974, 0.877638557854983, 0.7932168994098321, 0.8228468809589278, 0.22735939449461262, 0.8231707202942226, 0.010620493090151673, 0.9650159239722039
0.18716017598607604, 0.822401744092744, 0.12148127971995482, 0.3663794134726943, 0.890692724017166, 0.3759569074590149, 0.292640036129028, 0.33530170076158217, 0.8095321153655424, 0.11239163924386297, 0.5971752233009004, 0.5817118648610644, 0.7749690027716276, 0.3816686419253783
0.411969576373844, 0.9166544375990796, 0.5826626309396599, 0.32244331152735484, 0.18480374030608415, 0.6022360679118874, 0.38168456695544606, 0.594293175179652, 0.206724818023172, 0.8323447163204714, 0.3935114112647009, 0.8508283697338717, 0.4938977098299261, 0.2851770178844849
0.732825800261349, 0.5575256124324377, 0.10097517119716493, 0.6811204486595762, 0.724836730514454, 0.46788575496864837, 0.3932017142065698, 0.7145953407101101, 0.5686231346485173, 0.9063889142987575, 0.8783377065588494, 0.34392714668768365, 0.1621031408392707, 0.40299839414410354
0.7471476798241884, 0.39307753904913534, 0.5859801699747514, 0.855658808082491, 0.2131722301273301, 0.2422143084335331, 0.2650011374419763, 0.08269903320844552, 0.37479322545636284, 0.5680159209120655, 0.20789245338269335, 0.3400781542911997, 0.6389305822859849, 0.5954579343325554
0.4540919471315884, 0.296116412852361, 0.36776711912551363, 0.5082057281535761, 0.8083025463948834, 0.8118620683052244, 0.5024515979027868, 0.05756550475131772, 0.812691048735781, 0.6491129140989063, 0.18336960301279148, 0.4270215671247646, 0.2840005291512011, 0.06129375936692327
0.6691101812413872, 0.9315891438194349, 0.08237880670992792, 0.7973962499317556, 0.0808954966871176, 0.1538603912256098, 0.43544779556321866, 0.9834575464400741, 0.6284606136841487, 0.44329082151534904, 0.9560112364572378, 0.04556511976653432, 0.46976640439078765, 0.9224842506800623
0.9711795699955019, 0.327812579402219, 0.16470531097550478, 0.6078665033592303, 0.3224542652017147, 0.9439657766820815, 0.2282761195227092, 0.9953883278769633, 0.29673485941822497, 0.7092033611323566, 0.15720282163824817, 0.6208981293841124, 0.0009897689106069807, 0.7975984144606822
0.0751454042572004, 0.5342208970613799, 0.5807492486490705, 0.033142160217788486, 0.6709937335779177, 0.5545362775707694, 0.5124834846189261, 0.5228674241628878, 0.9772605439459331, 0.24713779652321533, 0.9504094311699488, 0.21904921595263616, 0.43130273442217126, 0.14882730501290142
0.641372263272111, 0.3613568745245763, 0.4361437657350281, 0.0025278361114614567, 0.4277640854491268, 0.7125952757438656, 0.3277338891593833, 0.29362796846780315, 0.8731970553068742, 0.21916834199141877, 0.22848719272126183, 0.570375513988854, 0.5775095842268256, 0.3144800801414914
0.021140420852983177, 0.600087671678828, 0.3407816927482654, 0.47024157372554476, 0.42979501861659597, 0.29404682580273955, 0.9176576184232786, 0.6675927505119797, 0.2973095927108198, 0.33780227182888334, 0.7576011848250668, 0.5450175835055336, 0.22232016913878416, 0.8119912882727145
0.2734699624768866, 0.6941840397181716, 0.9095661095369296, 0.2733887875578561, 0.5627322865503157, 0.18379006236345874, 0.8153795158599021, 0.8537991614754759, 0.3874056344275212, 0.7777127942999723, 0.7883769153450005, 0.15344756388798653, 0.34493872757291366, 0.005503717366678873
0.9542645695713021, 0.0442648509524286, 0.4718178007001743, 0.4747721666233665, 0.22269898931465737, 0.5211996738846373, 0.8822331425871213, 0.5110335793722496, 0.7712284009711697, 0.5970680221631122, 0.6425601674573255, 0.24203448485026047, 0.2863632459816321, 0.3294588891466961
0.7099072610505283, 0.3751783100908558, 0.509432602027598, 0.13819719743399528, 0.8438174374289407, 0.8930777543126509, 0.5133779584661486, 0.526816651673198, 0.21131369819087065, 0.17015758007362236, 0.4024266130329982, 0.22101092297690839, 0.2222343256050482, 0.058908539859328646
0.7819376767125793, 0.8362714326326505, 0.012989319237421193, 0.15826376132919162, 0.6892935693988266, 0.966234864877626, 0.9424106422995244, 0.11184489858660807, 0.8584707476320597, 0.269156130730578, 0.6437916738919559, 0.8012876991466782, 0.7299083961228174, 0.8007823030898656
0.7819135949257958, 0.1643703704263686, 0.9332347206585869, 0.944589234187251, 0.016413711604705394, 0.8902723689028513, 0.32069094314899027, 0.09027734548349187, 0.4642276972619157, 0.32550786876572213, 0.026630928437400336, 0.631136354151353, 0.5816814644793065, 0.019141576763427537
0.11458938995993628, 0.6969792939859794, 0.2765905740705159, 0.310072897674611, 0.8282959099625535, 0.11378348002100869, 0.7676285661675962, 0.6982499216627321, 0.019368372811250256, 0.2613152618682195, 0.09359677545427658, 0.4422215502549778, 0.9230703036330221, 0.8465190315943504
0.5935620704378847, 0.07957694676800442, 0.32009805729408536, 0.5770306355117654, 0.9699941188297309, 0.08398178560522407, 0.5844048073475813, 0.5319966633638097, 0.6448340107745498, 0.5961538291404737, 0.5724894906755079, 0.6158718371284689, 0.5286105823840616, 0.9724867730101244
0.19864062289454731, 0.10509265525264133, 0.4093114030741678, 0.593728131615743, 0.5774551397415876, 0.4118117515926848, 0.5030311478518411, 0.9506437539827315, 0.10926838695568908, 0.8680011914236608, 0.09074273930221266, 0.1353339127156148, 0.0789011485053257, 0.19687947468210576
0.9842794004564128, 0.6396229326900513, 0.014184428456826326, 0.7677923453621499, 0.7506937227993846, 0.41791619715426853, 0.22693753009112672, 0.5223719689622704, 0.45698791174725995, 0.3406069329305892, 0.3737906057567313, 0.5291410721672232, 0.4728638741611131, 0.6920338977347623
0.22855996880258733, 0.4842510040945426, 0.14260597507847583, 0.7885466402400705, 0.5622072169846711, 0.6639145634656062, 0.521958020391449, 0.6681900927123612, 0.5258257256287356, 0.5037224874183924, 0.3841218656136045, 0.8356148336760112, 0.9293157731146813, 0.971435808924084
0.5367209215773334, 0.7786588061543616, 0.05446691234645851, 0.34749858821214685, 0.10275534800265473, 0.6706883791607392, 0.9414949916566345, 0.0036371425690988612, 0.29021734862025883, 0.33192045787388536, 0.8332746257004757, 0.6831583632770296, 0.9708381238640307, 0.5301865229229532
0.8913885372521284, 0.9176210560225776, 0.6532181684374329, 0.03214553392638653, 0.9583368492263997, 0.812596091506287, 0.5108788189071514, 0.1626202966879976, 0.8097626975479881, 0.8244150105586866, 0.3841837202464078, 0.905696018277932, 0.8958855103474642, 0.48064159567183495
0.5326802884027813, 0.7576654229948824, 0.3386343857871388, 0.06717598849147477, 0.5647180372237222, 0.8377752928464541, 0.5351276631020031, 0.14693915968683025, 0.9450419223199155, 0.3222948456908471, 0.856542090323338, 0.7509018560139269, 0.061282910062731566, 0.0793834967590269
0.5782221349847108, 0.8826676695856728, 0.5782082645229248, 0.6470887555442548, 0.22016787079868594, 0.9742499626572658, 0.7601506228871097, 0.37558534823691536, 0.15951146362461233, 0.9386004802287609, 0.2609269870627696, 0.5988502165710574, 0.40461402649817246, 0.9301523246383848
0.3116444883482037, 0.835402917925981, 0.5390802388159761, 0.7466750064097684, 0.8524662311838781, 0.2943990483333063, 0.16057423822898276, 0.9078941485260122, 0.5823604017420859, 0.5606067953255203, 0.8615909466735665, 0.9037854441646056, 0.3308666333400323, 0.9574925542408341
0.4388422375499468, 0.9181178535449734, 0.2646139166013467, 0.1958027829977782, 0.6829089348075725, 0.5608256053672351, 0.9805010772311753, 0.9972263546241061, 0.9578055296429372, 0.6935856816328241, 0.6594657756861082, 0.3855036018084792, 0.8608444436009917, 0.7418825359065448
0.48963341008182315, 0.728750063708621, 0.520411436240957, 0.6815190005588968, 0.4480084971836992, 0.6963108811682035, 0.12488398545758683, 0.9668227575740059, 0.3068989169376837, 0.9198049294196284, 0.02092049637783555, 0.7736997404666335, 0.18041357356358, 0.7585862406213262
0.786189278151516, 0.637721997067945, 0.8981003048993447, 0.044624555088548234, 0.7571356489683273, 0.16989426978720235, 0.7220743275746123, 0.5732296933385784, 0.18153906493566885, 0.20836128425508704, 0.17777370764789124, 0.4041776111128045, 0.1113622650176006, 0.7223859832853147
0.06221736102092057, 0.3078949072722613, 0.7887141142151576, 0.9546145283805281, 0.3699846104163469, 0.2605107835347483, 0.9562118888342463, 0.8734626194425227, 0.97638582446152, 0.17697854707363903, 0.11607562040251318, 0.1958112831790484, 0.901938937608019, 0.9415822587615548
0.5861126848082696, 0.5849088742264598, 0.40343541165409913, 0.9573791189632238, 0.510933538605927, 0.3299825305299178, 0.8570006593123534, 0.10236363838933349, 0.8752071784017583, 0.02961773151541458, 0.885380471923959, 0.6668360153934672, 0.9306019230312996, 0.2899903798170326
0.06611645698088287, 0.9757915146160075, 0.33630016332194135, 0.9778984182623421, 0.7839923188229123, 0.8565777066812033, 0.6276080191191037, 0.7093968354266389, 0.8171840233934632, 0.9486012609816368, 0.6461677224684802, 0.24545932484621646, 0.45731687053370806, 0.9926647524275626
0.9418354337393307, 0.02741952195115882, 0.9560195050726885, 0.8547640080054443, 0.11742981003428787, 0.17862916220278358, 0.14868937016221262, 0.7698368411032261, 0.31736143758810154, 0.1363709463972137, 0.870779004173503, 0.5709707255027605, 0.5154308540711766, 0.6038189209678194
0.9189915441685547, 0.5527842047759487, 0.7317071817229273, 0.2382250465170378, 0.7897611303216453, 0.7669135553445845, 0.1069477765624588, 0.24957175343358484, 0.8949066762396888, 0.7047293779369103, 0.7682323911832865, 0.8017046485388928, 0.0006040480523882286, 0.2692133758219597
0.450266542106585, 0.4719361711245681, 0.7442184957911924, 0.5501762485438993, 0.681263683214902, 0.975241548436756, 0.9024503964382512, 0.307506705445009, 0.4975959942993635, 0.8149711793141907, 0.2444958116300885, 0.3001713631786015, 0.5756254496975013, 0.05118192028791313
0.8216889287464574, 0.1736003627356706, 0.7645961130933302, 0.3426715028461478, 0.2366974305830709, 0.6403067601437944, 0.034889960426669586, 0.6191377773861872, 0.5783138939510352, 0.3065221971355008, 0.8999715539568206, 0.5415236434901654, 0.5574794011466074, 0.28608538038937903
0.3300895741292508, 0.3887187503853524, 0.8083044215021541, 0.25629691484184414, 0.9129250854374505, 0.6515863998921506, 0.6716671600602693, 0.9950495632027001, 0.6905307183299922, 0.021716745964425077, 0.42806165521012296, 0.9110071757142357, 0.6448407771083812, 0.21315805587439673
0.2313943369403727, 0.34834935454558946, 0.5935686996077492, 0.8574043293615217, 0.8375712456333009, 0.2616553237860497, 0.6699456116696358, 0.85941263158688, 0.12462720112991044, 0.29082618695800144, 0.22835467253823594, 0.7634406277532574, 0.5452026256418667, 0.002198271084630221
0.4015322472610786, 0.36035658282376737, 0.14781392400027638, 0.4821990429893289, 0.6994809514315677, 0.2963024474102165, 0.7150419205048455, 0.2742995900674754, 0.5093741632461757, 0.3031746748685693, 0.33223917775022116, 0.03921215922660626, 0.03494348293041849, 0.3219883124256917
0.3494434156883185, 0.43074789854867546, 0.1814041758759498, 0.004061494580714919, 0.4592721482916754, 0.2732048493179796, 0.8456165261611422, 0.5818860429669661, 0.13712141287923774, 0.09554396412933375, 0.4372940601549422, 0.8478422253103637, 0.889597898655999, 0.172573097738971
0.6793419986674852, 0.43847428757368734, 0.6151798435941649, 0.18114613938897195, 0.9911092517963342, 0.08407777524350535, 0.058510101454653296, 0.06127877071391297, 0.39141378472538924, 0.2830355855529737, 0.08701352058724399, 0.16413878792565628, 0.1511287802063056, 0.2771423702363923
0.6173275735818973, 0.35208860336074654, 0.2887134461690988, 0.5146839864025793, 0.41536901388493996, 0.6711715911290624, 0.5048323902965273, 0.11690777343055947, 0.14309821113518517, 0.6063827655570512, 0.17880997276833555, 0.10825808618848887, 0.26254734482119035, 0.9060386544299333
0.23684926858001254, 0.3316092533169558, 0.7297848569095838, 0.8857588426001106, 0.6108043891080085, 0.32237489082134474, 0.9341042140755302, 0.011396757612436526, 0.48161418474819895, 0.34206912240830034, 0.7245702920216692, 0.8081947902237321, 0.06815597161472242, 0.027968118123631203
0.9452663366739024, 0.593429084460219, 0.7058893857827206, 0.9652694274058288, 0.04076839980811908, 0.39188741041393604, 0.5252005640087589, 0.0880928922641292, 0.3324325804254158, 0.3173602697586897, 0.4106901803925771, 0.6326695431710108, 0.6555151587295842, 0.2020610345870152
0.07657542450586274, 0.1648190585645335, 0.9862162600857399, 0.4351869864464417, 0.6142938705423936, 0.9645524559198592, 0.5306352617657395, 0.3188959422901818, 0.9540457636248391, 0.9188746879775467, 0.6473740002884177, 0.9686846275905155, 0.2617926268974964, 0.3406758153342687
0.4058281750725984, 0.18562906228359244, 0.5862278523529015, 0.9080277516907063, 0.9070526458627055, 0.5916922632715119, 0.845432965892527, 0.20141874395655424, 0.09822671959629026, 0.18094139542681942, 0.2870959592404311, 0.580005298916566, 0.3626036542189134, 0.18542412313231338
0.6500746383453103, 0.006509667140500497, 0.13979029484391792, 0.18143173027020876, 0.26695579744865294, 0.7628271007978222, 0.43308950580221106, 0.6923443797755943, 0.0485858559149317, 0.01060504035086185, 0.031638937265718314, 0.006602759074925912, 0.39487261358852865, 0.5872154358875376
0.8199792771718334, 0.7160836913615362, 0.9615875367204734, 0.4486397105330423, 0.5372446763812748, 0.1580742851669824, 0.3243443115116845, 0.7935163145627961, 0.6227198707164848, 0.6757589258264475, 0.6654684982197923, 0.8922124056219717, 0.9404577136168557, 0.5892457234564008
0.2621431233574403, 0.7175615544157451, 0.28533130292614917, 0.41090264696392065, 0.2498254166347148, 0.18455071869066564, 0.7533873347350157, 0.000521858216605553, 0.8010205169653414, 0.0529387443927416, 0.28482023139984813, 0.8937020279328574, 0.9031140563255801, 0.19773402330625944
0.18683605338032994, 0.88266089391777, 0.5854832214165908, 0.22456254540751397, 0.802446223481832, 0.7776116029846943, 0.22451668787970358, 0.552494531116655, 0.5930282162409083, 0.8741823262269286, 0.08096884119546843, 0.7246769457140967, 0.41697099792821535, 0.44679089302302244
0.7255704903621336, 0.9338736463592087, 0.9221154301480452, 0.8344234141201667, 0.5510214639247485, 0.1070234784555375, 0.4724389511467514, 0.4597019041456535, 0.7279517932496232, 0.31602052255494384, 0.9025327079131484, 0.2417911188132046, 0.36106207538512114, 0.6208387936681932
0.9357803858627147, 0.9852960244259714, 0.839783266614457, 0.8852758781128961, 0.5439215482412132, 0.8951984732157027, 0.06267098620014777, 0.24974659848997338, 0.04929954753395849, 0.9848016768079927, 0.7459106753523368, 0.33450706758486526, 0.18569983376817856, 0.4612005226212559
0.4172601088489484, 0.9226626075704211, 0.7615675494588111, 0.10449987129163518, 0.5310045623984642, 0.06635311712235137, 0.16951717108398112, 0.7275054493719603, 0.27929828318083894, 0.9045351974615191, 0.15527569258177898, 0.8652696542100379, 0.019709876471532772, 0.265368354248556
0.18967865060458267, 0.9649084124291119, 0.8365926885917742, 0.009196369333124732, 0.2453922293091747, 0.6131775670768526, 0.7678260078361081, 0.7092740538941479, 0.6438837774401349, 0.4054138005746304, 0.6384895878413006, 0.9358216121526782, 0.8318652951436162, 0.623463292815586
0.006696741773145498, 0.7368137185176301, 0.10250629253693311, 0.38954172455106695, 0.48363990019879144, 0.15688448077993122, 0.5635931601615648, 0.743395372257941, 0.5221650340925368, 0.8882329622503602, 0.3525353923863276, 0.4746953659479749, 0.6476440988921103, 0.4327853405213653
0.4275975500539766, 0.09417024713532562, 0.9099688488582295, 0.7429423374063264, 0.3410872427210513, 0.09424070675172236, 0.17173522363207694, 0.443691939991107, 0.8843405192311103, 0.4686076733233353, 0.17629952657618542, 0.4127499363039693, 0.4047337832292739, 0.02456934916845388
0.285360602186443, 0.42606740442395485, 0.6477380055696241, 0.7397851577840415, 0.3695156522733317, 0.45369323402909356, 0.725068151926468, 0.24431738949039672, 0.3428444590877455, 0.5987800697502285, 0.13145934957158723, 0.3090406420856303, 0.9528729275567879, 0.34062318332383323
0.43845747311738126, 0.602170459851489, 0.5429902344965797, 0.5812459389736478, 0.6170803310563117, 0.04900901205057551, 0.7338688353439962, 0.9450863490793726, 0.8590974084295283, 0.1788828302897828, 0.8534349396275162, 0.011795524257145806, 0.177303118117896, 0.4350895689079948
0.4218260451336574, 0.5994693456500387, 0.9329751013486758, 0.11370344041594671, 0.1842094028958775, 0.36198207914857106, 0.6457287253866264, 0.37109073999168896, 0.4116030941664893, 0.9830196884831396, 0.6501653568605812, 0.5079660936631445, 0.4247492518283934, 0.0832920578777041
0.9028274918921971, 0.5380955977843217, 0.46549905820632353, 0.8647119979001114, 0.8650077941267561, 0.6406315150068297, 0.7868648437340056, 0.3435878724090301, 0.7082307900623368, 0.991104444789366, 0.8472138863072818, 0.5468828357355651, 0.33264464854905396, 0.8426169055789107
0.9672229816117512, 0.5751325646164462, 0.7619661201923329, 0.5267683200885024, 0.11350014923461837, 0.04958114876376496, 0.8468450656792659, 0.8482738432375553, 0.3827824365835164, 0.001376553510233136, 0.2526400091288309, 0.4977183979211558, 0.44642009683265793, 0.9342431256713997
0.23469358787441097, 0.7637360518043572, 0.9592898499535718, 0.14230288123348434, 0.3135258804896307, 0.554634271842423, 0.0014748576153574833, 0.6949650405408663, 0.9559924835313215, 0.7388723985248161, 0.7949732750571306, 0.916003948112497, 0.718451639592249, 0.387424249774316
0.287005481444,1.80996642555,2.54708152126
5.96725894784e-296,2.47800027284e-31,2.05858068935
4.04252303812e-274,1.61275922716e-31,2.02094872802
5.82834190656e-280,4.2548831277e-31,1.66871918212
0.0,1.58965960537e-30,1.7273517181
