$x1,$x2,$x3,$x4,$x5,$x6,$x7,$x8,$x9,$x10,$x11,$x12,$x13,$x14,$x15,$x16,$x17,$x18,$x19,$x20,>>f1,>>f2,>>f3,>>f4,>>f5,>>f6,>>f7,>>f8
0.9283458423656652, 0.9670836021403725, 0.2539284585823267, 0.7236837822773432, 0.38962197327637627, 0.8051720115572618, 0.02895096915572115, 0.24343374490265446, 0.8572116649049882, 0.17873006960410254, 0.6687833351246052, 0.770644686481365, 0.48102109328349196, 0.48439749011269795, 0.09317444213323156, 0.11253586922728387, 0.1811358396503142, 0.06801187748710102, 0.5438863810352267, 0.5159871578388371
0.05308462614880649, 0.8906647129321893, 0.7997572639406791, 0.8050053247907945, 0.38844161625622387, 0.9035735610023616, 0.7306884378308914, 0.3058756797226204, 0.9862121681174678, 0.9218511382173675, 0.019614587913000525, 0.5892632173901369, 0.21202861672671958, 0.35319733603630077, 0.8694837313757501, 0.5729278458552343, 0.3191903512213117, 0.5590598643908157, 0.78793094715065, 0.7100842427284999
0.6779245460306664, 0.4730812630511546, 0.9749782818523176, 0.9176314492299112, 0.015622034422451359, 0.13513703309733882, 0.3735067932739907, 0.755927485408644, 0.9502601199651923, 0.5829543298689046, 0.48663201082288743, 0.8125435377583002, 0.5484435628374081, 0.12283804336768467, 0.2942433081110989, 0.5785037574650673, 0.597436503495544, 0.9556685697821306, 0.38531705992446175, 0.9639633479189431
0.9097722668394165, 0.36289216959366855, 0.5990497109527554, 0.651219909112629, 0.08406865927787255, 0.06239608341479985, 0.7852386771547357, 0.7571554008720659, 0.932837567274256, 0.015280148495740442, 0.5008890358023382, 0.08762340394918477, 0.8994840325150077, 0.3137492288040674, 0.44979699497387216, 0.5103979948557035, 0.23788243397386932, 0.5973544386441539, 0.8011714277834256, 0.5316055553637838
0.26557673522715297, 0.15378883725082337, 0.807666453655544, 0.6965939248349772, 0.04073791782246594, 0.035758957723218354, 0.22914823536494022, 0.5462173662068207, 0.8041746422900017, 0.9170022960000078, 0.09965629621490157, 0.0011053297945162743, 0.2850859100675217, 0.22832043301667126, 0.925146574704382, 0.7925206202377661, 0.5886548767420147, 0.22189142189247657, 0.14085948614382304, 0.3016928164710462
0.6736178591081813, 0.09315680606921606, 0.4558261071108931, 0.7064234479137143, 0.41603330593191623, 0.4752651776353044, 0.6442011097564562, 0.19882650590055106, 0.38760957999624235, 0.982344289488714, 0.5275892161412667, 0.5787979341581412, 0.509160499365363, 0.32559323890182834, 0.09563883284598562, 0.11116984972114663, 0.7552862635257601, 0.45469480246467664, 0.37259136704359597, 0.1558515516608321
0.2554806253289229, 0.4354032295793767, 0.9172874449966937, 0.46829789711129877, 0.4244434187039131, 0.3373103357791678, 0.5079059860682364, 0.30152643062289186, 0.7612251057461258, 0.7097659239861929, 0.7279117480229742, 0.29587101723371667, 0.5529571187732542, 0.6342820250476824, 0.6973026491200982, 0.523152650539327, 0.4245573576923647, 0.9070185190457608, 0.22923802265916948, 0.620451813028186
0.024481088811749263, 0.006797856129706736, 0.771316446150124, 0.4399434350906225, 0.9184076314489633, 0.9799481814095942, 0.7820433365727466, 0.7345888856569973, 0.989004196951658, 0.28327262998105585, 0.6416573462387904, 0.927854142407942, 0.5051342143545571, 0.024006595035840905, 0.9168458220705588, 0.8766814930878556, 0.6058819832667545, 0.303642433510277, 0.22351452698333862, 0.5820927717557874
0.4315435275127829, 0.2658738236268, 0.42120235495703284, 0.04806957330192718, 0.17461433460965692, 0.8406781004423675, 0.23984718841648633, 0.6635474965460959, 0.6141144864479342, 0.7647416992744265, 0.0335077134672811, 0.6194755015809266, 0.2893730518019777, 0.6905587412184028, 0.7323553810156542, 0.049600413571603275, 0.8912886922884184, 0.5567553888015406, 0.8266285500938102, 0.7475967220800067
0.4931142869127957, 0.4937387989090295, 0.5562888306436169, 0.5005827214127657, 0.006265194375107641, 0.15706622182215546, 0.023304231826820843, 0.6380702863562108, 0.6543320110886968, 0.12205768435760689, 0.23875773860935856, 0.736806941408534, 0.9626343610482455, 0.2649256175327961, 0.24957586130080744, 0.2596642448339237, 0.48939288527895386, 0.36077665256231306, 0.2725640951325373, 0.2967393444182329
0.409873259584858, 0.8556307745881766, 0.6714739283740978, 0.38965761174674374, 0.04677760572883427, 0.6562929023935715, 0.505010129818356, 0.08130387605964362, 0.9049162485907656, 0.932076979907453, 0.6583744752857015, 0.6233466618993986, 0.35459914368646284, 0.7870302239094412, 0.4566181205313443, 0.9259149309130837, 0.1680378269473466, 0.647021106278351, 0.9711777885100779, 0.9483790330698566
0.05931622177927598, 0.33518063112955365, 0.7417725045968698, 0.5752075964131741, 0.27545921319212896, 0.7238657709791465, 0.40231937884330926, 0.3578599613213408, 0.6356958945585871, 0.5757131473792666, 0.33295528155770926, 0.9698085367885303, 0.47986447111392105, 0.09642158347012686, 0.048806557091671365, 0.8717271840301303, 0.34622166972938273, 0.489889475237522, 0.21392373411398302, 0.30325572081224006
0.9267525427472099, 0.8570457048056547, 0.8312490874884831, 0.008888006477629662, 0.2824352940507071, 0.5426737337194181, 0.6849991705563537, 0.6861664471110831, 0.015017907386945972, 0.2797989948736537, 0.10379789155911479, 0.5519213867112135, 0.7806356840922308, 0.7633388061496785, 0.15410559499985677, 0.026251650209713207, 0.2912122358642676, 0.5222576168703397, 0.7481114018809697, 0.3773290444257479
0.5183103423749101, 0.10983324224663682, 0.9285782608223784, 0.7078201014416957, 0.5070784329032403, 0.9148358895560125, 0.09007052274529115, 0.4678769280370313, 0.050283717883622736, 0.4735613931597751, 0.9495093664256383, 0.4941990299557196, 0.4043775711741552, 0.6659864141789472, 0.16548518266472045, 0.19650159721874338, 0.04758159645830784, 0.178209638224349, 0.330631226729884, 0.5078621873571695
0.8929951234101362, 0.1523843075720842, 0.628445198436865, 0.16064462546470692, 0.7424930346085614, 0.7835411317278645, 0.5421873581753788, 0.9180336275225314, 0.9239398313790754, 0.03328037736806144, 0.3255431353589503, 0.2144026791633522, 0.3683902643614574, 0.8314669969719432, 0.33170958813851537, 0.6515379686315228, 0.28937640472615933, 0.3751566423030894, 0.4404831091147011, 0.1369872718756412
0.3842418215309905, 0.0047997002126976, 0.0675194934122898, 0.9917108482617731, 0.22368894127254846, 0.24988639958421544, 0.93362472242295, 0.4441302948599558, 0.002573455234510691, 0.428812622830678, 0.15396857324211477, 0.5388406904719776, 0.2337058921009445, 0.797232352636546, 0.5287870382511006, 0.5140704804615858, 0.7703157332067551, 0.2949658492581483, 0.3853887228796551, 0.22657736425972363
0.1612323948078933, 0.9859777635595893, 0.6837524368457163, 0.6234052210503258, 0.15939148485655497, 0.9819475196325164, 0.9821552657645016, 0.7783467323899131, 0.33497205345542, 0.7819011722448289, 0.01813080160586389, 0.568524064959217, 0.17017188969269226, 0.14197664574127933, 0.9597273589349048, 0.6276217268530555, 0.4683738172927845, 0.16702913184496737, 0.7986910388568794, 0.5863186872583002
0.7105452212322249, 0.47725949938989054, 0.39833493983480217, 0.7370983990616273, 0.13733756457551483, 0.2277246247458642, 0.6895727845485848, 0.11184313036094695, 0.7269791601048167, 0.8138860995792012, 0.3129953926661352, 0.25041721608248113, 0.3325537423369147, 0.5555650443266362, 0.7012933280132293, 0.93479497942251, 0.034829809974446735, 0.5872654435847638, 0.742375000258731, 0.6180943012665894
0.3706040738926303, 0.6360579967117026, 0.45771152353068634, 0.03457595932859281, 0.03352484067305517, 0.26643779960502245, 0.5115676503154497, 0.3053636021485553, 0.6562190642089784, 0.5906329439249828, 0.7454179332558593, 0.43102557200984626, 0.5101449690731262, 0.7650118878888913, 0.8567594755222389, 0.9144943184400277, 0.6420467720844836, 0.6023085910260653, 0.5053292274839604, 0.504089057317159
0.14822018582681462, 0.2401580597942372, 0.38229001003799257, 0.7257452259180369, 0.7566300721809769, 0.33019691846365673, 0.46024947995055054, 0.0022836938989413413, 0.5096338996356771, 0.819328901860111, 0.06474367215148691, 0.8356107558964169, 0.7163632839527126, 0.3050639036809272, 0.6270300222258068, 0.963446063277982, 0.30340646402530325, 0.9269121028901002, 0.5257701538161736, 0.9674272894926842
0.31763102417065425, 0.5452934072606365, 0.924229339024475, 0.07426198366076764, 0.24987416549833374, 0.03181164679276183, 0.6816772596888654, 0.6257666582641419, 0.5669971463603587, 0.07064570235550627, 0.1830906080366861, 0.7773912038502563, 0.7809320520022138, 0.6777456152359265, 0.3128661864437683, 0.7966745843018854, 0.27430837053185697, 0.3675990451292328, 0.8266469692574421, 0.1688861796531682
0.6642802330112594, 0.7306497118204344, 0.554761176519005, 0.6594834286011961, 0.13805483036916322, 0.48104414823504593, 0.08500780590045764, 0.4084808860302095, 0.850317094205473, 0.0242186211282287, 0.9300198986068317, 0.5944456617208985, 0.6512181024069064, 0.016127690343003653, 0.26889847119567845, 0.010332999320802783, 0.22185058502169264, 0.9217447661176355, 0.022204515408157044, 0.42161597758518965
0.40576438949498184, 0.25632078051200835, 0.5747717432734495, 0.8397189155029529, 0.6670563255085044, 0.8907384916137943, 0.8645840333520934, 0.04122321886336, 0.915871135972054, 0.7102965718425571, 0.6293734486016394, 0.915405166373749, 0.2650409900357532, 0.8026666374655987, 0.9466304018696647, 0.7420846133240514, 0.4250446659143231, 0.5625239939457745, 0.33747719436682555, 0.7938980763319019
0.7043605891769427, 0.9172471306806652, 0.2087522724578097, 0.5312753198223742, 0.8067540534619654, 0.2671226742314774, 0.6767636726848864, 0.5456358291341605, 0.9776024394329839, 0.6781707907284613, 0.9819835107048676, 0.04561427982435906, 0.8083380974383984, 0.16914232893996295, 0.19394011385266352, 0.9752473258357869, 0.15980470642874645, 0.965841499318371, 0.9204370172640357, 0.32367122522880787
0.6921234092442603, 0.6540814770213407, 0.9205752254761314, 0.5628160882388678, 0.4365786878380379, 0.07960136687769248, 0.20125319252374707, 0.6385230440426576, 0.7481622322400818, 0.06545696735628526, 0.19410638348948384, 0.12034068736610426, 0.22240122323042766, 0.47336602349748713, 0.5303676857478345, 0.8979098219064809, 0.5979136188814583, 0.43403335533544474, 0.4879922002479362, 0.7749056923179144
0.10221785694643315, 0.6158975621644519, 0.9286118980669215, 0.9275451742179286, 0.5381500983252638, 0.15549045208138634, 0.7302401892988393, 0.6367300298888968, 0.8757535760044828, 0.37041001079364855, 0.9597903119092437, 0.7029261234488642, 0.5181033683544274, 0.017160906199369497, 0.18022228925140726, 0.280023771441287, 0.11149049656887566, 0.1791039312375684, 0.3253638367584385, 0.8805868217605269
0.05813078058042587, 0.8362526140486758, 0.9253057749148443, 0.0650239230248314, 0.8450698845075879, 0.8143024460026588, 0.7599907465202507, 0.7224256322924159, 0.10115226591060134, 0.1297000422588429, 0.2454663759642457, 0.8944504119762694, 0.9179159786432334, 0.01756483958011934, 0.6668014107842217, 0.5978607994779136, 0.6117886640751803, 0.2741438769684956, 0.47485959153831037, 0.9047114557504253
0.8326114359041913, 0.18179493250162515, 0.21311985401880795, 0.38115039247881133, 0.20118205878244988, 0.19060826234635853, 0.45120885818277223, 0.5716710796414115, 0.5821322227972568, 0.38015333827987663, 0.09241790339943134, 0.6672990253182691, 0.6361217298485494, 0.08688422917172534, 0.9803631537372516, 0.785487296585024, 0.7491864888885814, 0.41755354588056437, 0.9216361635827232, 0.3415489118533185
0.8511154908292714, 0.9716511953949776, 0.706216562338819, 0.7381766940798872, 0.7624313646822405, 0.9488045350719464, 0.08711128731836648, 0.6887831648326689, 0.1595424297404041, 0.44722060974971123, 0.7216479967711452, 0.7925437480950553, 0.4698431111939434, 0.14453445039883728, 0.9792786784189713, 0.6490028802647818, 0.20943484285426628, 0.8560557832949646, 0.17143157899411232, 0.147386740020513
0.08389099262771604, 0.16255906131219777, 0.36471276574438394, 0.8363798662461699, 0.4412851729670991, 0.8410043045027401, 0.3605563464371514, 0.38817176341009385, 0.5398275869830889, 0.06908053793562918, 0.9712116007093838, 0.31473235113365017, 0.2559977563393101, 0.8972757555486611, 0.9750704116762196, 0.8172055616991746, 0.09146519995515479, 0.4597267547066155, 0.8047858043225771, 0.4003285168438139
0.13533509787515008, 0.732876249733015, 0.4367235774934455, 0.3992586224581234, 0.5328151369163799, 0.43731020441602575, 0.3153831089202831, 0.13276611082432999, 0.2948468626445161, 0.7805541882588647, 0.5889074579423895, 0.26703129706085416, 0.19295804380615134, 0.38028652756155035, 0.5921777031730975, 0.6725306766469409, 0.380705830512709, 0.5217833573071977, 0.876017584721598, 0.9295494101028106
0.1784653507043149, 0.5215054863125709, 0.5823778081335464, 0.022516025840465304, 0.7061483546052028, 0.8816610513478593, 0.005144812395444065, 0.6723577184372479, 0.2450609252445749, 0.9541336323510079, 0.5537536337438708, 0.8588139455004467, 0.26367282769019085, 0.18300320766306388, 0.864948911933823, 0.9416793687919015, 0.09330531972881051, 0.7927890029135891, 0.7474711999189896, 0.7286657101154657
0.6337699125794442, 0.17930428326902392, 0.34186663957562513, 0.1755353734141707, 0.5953211494375603, 0.6719912133368147, 0.423162619634891, 0.17369088695710788, 0.29978999924592986, 0.9601518976776386, 0.22833131455628042, 0.2100688678621916, 0.31349782492569234, 0.019265298783664675, 0.6476936183464719, 0.1609214188563295, 0.5887420208677694, 0.41255473921876396, 0.003409875393784678, 0.9302428936124386
0.4454927774414137, 0.20048031555793344, 0.9603052691063942, 0.6309789594966342, 0.5667504001076737, 0.9728824367908259, 0.006373631921342882, 0.4784897803884711, 0.6008344667733614, 0.06419020695700273, 0.019485056661965205, 0.008938259835408524, 0.7534327826377755, 0.5803961152936139, 0.3052964526257188, 0.6299237578865936, 0.7290990632705129, 0.6133645312474676, 0.6999436593430592, 0.8525988187781772
0.6207035633878628, 0.5442054877949039, 0.2961115367178415, 0.8986264652251755, 0.021534401585142526, 0.3738652677222921, 0.3846262267718541, 0.37117661372932087, 0.5123083442139043, 0.8095914421679157, 0.707818970846067, 0.6023520764991557, 0.45997100087086773, 0.03281435876581884, 0.34224894420634133, 0.1194605528263204, 0.16447165469341962, 0.06796388910366125, 0.6162417035804802, 0.7909778094052824
0.45924577156579394, 0.7269139891069101, 0.4225570321116645, 0.006230989921877539, 0.5662511463469571, 0.707955158498443, 0.020244381642734233, 0.5413017586022117, 0.8492910155151855, 0.8369726358033811, 0.7384962812612347, 0.06476358222841483, 0.7866405047712649, 0.710070211402533, 0.9195891140199, 0.7064799363231924, 0.3373147579382615, 0.4024563612090246, 0.20632235851855318, 0.28390972618100885
0.3703792481577548, 0.016976197703901796, 0.2980300212991164, 0.07259317984348912, 0.6849698138709217, 0.1954308640673602, 0.326149514814404, 0.4419540379250517, 0.6829377191328595, 0.3852410778337727, 0.12463955067574917, 0.6116162415711864, 0.9452698748772377, 0.6200074666700138, 0.3049703414427618, 0.9927120358561122, 0.03449466742744722, 0.7383866475197541, 0.6779111928811462, 0.6960134878451739
0.34525463887065533, 0.4446610693648777, 0.6832677453925569, 0.25820407804912715, 0.6862233778917509, 0.09540690012290443, 0.5832779643417227, 0.3864512184523464, 0.7578011639588956, 0.5197920430091763, 0.24698056460801032, 0.3137043158122642, 0.504133542936954, 0.6331563221682344, 0.4683007129556147, 0.6090321912282992, 0.997423602875747, 0.6283760609367451, 0.7345372466363238, 0.02143656328595922
0.232356580163381, 0.7670547073526284, 0.966645792597257, 0.6023540505328275, 0.8296407529627577, 0.9199095677725354, 0.4576657916667234, 0.9801750134163602, 0.44648343119466405, 0.4309940953734497, 0.3815278296305096, 0.3280059810130177, 0.22052405223140814, 0.6695400961167846, 0.5918830396194134, 0.2628462345953442, 0.23293548741715686, 0.9680537368091979, 0.20113216537177858, 0.27378772623863046
0.12779880173863645, 0.27685494239614583, 0.27794722863112065, 0.43747991605218806, 0.0027635494880362543, 0.8586416266113586, 0.9150327660230008, 0.5001564281963499, 0.901474208013173, 0.7837291574936756, 0.6657018813352438, 0.32335854856948243, 0.8733459708142107, 0.4479875566230901, 0.7994346384573294, 0.18053601825155596, 0.7841664206892939, 0.7266022089076065, 0.5910690995432217, 0.34760477847780646
0.43208783006242746, 0.13385903376128372, 0.4830242740009666, 0.5772329738467182, 0.11762478325896764, 0.2059213372206531, 0.507245538458986, 0.6212562319154352, 0.7368485418849752, 0.1771937705005764, 0.6005746474473346, 0.005940733492575956, 0.6939212142237479, 0.2289986671449079, 0.8730334581255419, 0.2910507711807817, 0.5767205847129122, 0.8234298428262838, 0.038152658284810514, 0.8230249900624113
0.7441738068421473, 0.15548537856594757, 0.6665368714859734, 0.9608364909824185, 0.02192102325460532, 0.7052088633591598, 0.3615922141497363, 0.5221110996651783, 0.7771868377899178, 0.015088604052650445, 0.3726481395490413, 0.5235317819390276, 0.38407502898194323, 0.7638021456147939, 0.7566784740484055, 0.6575233162105839, 0.43970710549040926, 0.12983695887347646, 0.9233008805131968, 0.04546542976589729
0.019748133790621902, 0.15444240734860293, 0.41011783940897495, 0.7074639236060435, 0.14780759246781783, 0.5805108078592583, 0.010351492397695283, 0.47377315938956666, 0.2374511633272004, 0.9929457967286667, 0.7317628283724689, 0.9703794802256122, 0.21320727058291455, 0.9771034459620396, 0.6948229613264003, 0.6952549424249892, 0.8780035600494512, 0.6056653327941103, 0.6712954414874096, 0.34300590128799213
0.05489852524244465, 0.826392236272207, 0.20983647636349545, 0.5720713751794569, 0.9183157609557793, 0.23532601435334488, 0.2563228964268388, 0.5590865906768661, 0.6832844464764568, 0.8585013318631768, 0.9115249136305538, 0.34819060003941216, 0.8779017420051064, 0.09006055142538405, 0.8999108108338254, 0.4935530404633356, 0.8945580055195014, 0.45157122050923737, 0.6528462979258032, 0.9897459380618092
0.1467202112035937, 0.8052745931096004, 0.6434768586835754, 0.6651339133222186, 0.6519324531405885, 0.3626237911590543, 0.5895506967712781, 0.7721177830341464, 0.9019622633082746, 0.8166611450118141, 0.32356707119718164, 0.20536265563467693, 0.5976373891973561, 0.54252432865441, 0.6268048753318328, 0.16672885242580504, 0.355015993252107, 0.12670351981608852, 0.5116085139144602, 0.12557776810121102
0.6048627200305429, 0.6143724165006543, 0.31411458467579145, 0.8795533854586743, 0.7604541055162246, 0.4932146877519358, 0.16008507454304255, 0.933940638554718, 0.9915748382648225, 0.3411450097200748, 0.6918932345316471, 0.48203287263949834, 0.5929389773938477, 0.8197024095325071, 0.08993742090751156, 0.37716219977378107, 0.6327847953438785, 0.9680733514792415, 0.260987584082529, 0.5299830930726839
0.8355850447855786, 0.010960587307563219, 0.8988147581061776, 0.49711457311225304, 0.8713572168332983, 0.9548931833036627, 0.901636536551619, 0.14514266272582677, 0.09980903693178278, 0.8239717506419855, 0.9043544089076915, 0.13118049955172872, 0.9606055368605176, 0.8624701085322933, 0.8564316660418417, 0.8960379964483852, 0.4921302294138318, 0.12165556940051947, 0.6483910506898162, 0.3556893515306231
0.6606106089404022, 0.025027877277863153, 0.8016307076211516, 0.8032076645684545, 0.26363299732599044, 0.09937707322734346, 0.8777719131442527, 0.03519590560517949, 0.038027619973768245, 0.4080314702271939, 0.841741832321731, 0.3828653114217123, 0.15009587935520718, 0.717058497321447, 0.122318964267357, 0.823541418985493, 0.44973556154130345, 0.859332862595105, 0.9967660943017171, 0.8761731288777705
0.34494395218341045, 0.9735014960198307, 0.5204777808680441, 0.023271979519399077, 0.8630611595983868, 0.9552995631750377, 0.6856176851632619, 0.18649533881540503, 0.058033118070872525, 0.26765362491929445, 0.30491762577241055, 0.8166278677365345, 0.8580835742561478, 0.9535436136185153, 0.03804007659133457, 0.11351621712342685, 0.5024336789493824, 0.8997667717792568, 0.8940119045262883, 0.7516458536929619
0.770459656809741, 0.40034530201650553, 0.629678433080941, 0.038844293688252485, 0.5787543713448695, 0.45432568733046497, 0.8211021908926434, 0.9789933103995062, 0.9403021572083897, 0.42586808604159354, 0.3906947623764615, 0.2596071503801084, 0.37858510100568443, 0.8337569401317025, 0.6620223566141267, 0.4695778046203225, 0.254025004923221, 0.41006324757770285, 0.9566431163466527, 0.3560411686084819
0.22335637228028127, 0.477470875673806, 0.8689036338168216, 0.9665398319535242, 0.819461659068288, 0.3766101352437833, 0.4199100322001067, 0.662253653694729, 0.4283680532070492, 0.9248125485711206, 0.3385714123255905, 0.9713278847195302, 0.9545334798827733, 0.4537498025984499, 0.2873780657720022, 0.42391213828860874, 0.3803694767260135, 0.7971523278406447, 0.5587311807029328, 0.1858813929561668
0.23656513793287004, 0.7219206359042192, 0.3220446957769495, 0.3390700267119475, 0.695740213183866, 0.8916092307579636, 0.6848602020713028, 0.6293527774511889, 0.15063015465953067, 0.06597817998412236, 0.888969873053007, 0.5885493899541047, 0.31975509485148623, 0.8776406008327695, 0.17591221950597624, 0.18832373949898085, 0.6026016593940879, 0.1514518510533518, 0.8365186018576176, 0.32783754660887665
0.2904980207076219, 0.027525067044326446, 0.8379663911393183, 0.7767747446146812, 0.6069977832463231, 0.7192551247130308, 0.4381611016347734, 0.8601958885602095, 0.9694770011949779, 0.6148975855140076, 0.8838458235277419, 0.7319793110009566, 0.8719868401825815, 0.6321647281455143, 0.5949892404118488, 0.09240071126074156, 0.021445033586536155, 0.40886585964164257, 0.2992058133566289, 0.7716675865997682
0.8763750605078143, 0.22423738876416632, 0.5266379143411114, 0.8728340909453471, 0.7974334275869662, 0.5240285355841399, 0.18667423225999213, 0.10262943300395155, 0.8102757471441717, 0.328329207036417, 0.09080966978538796, 0.2913750369741438, 0.16190794020647592, 0.6395181839849549, 0.5632015917063099, 0.1750142368924832, 0.523117982157708, 0.32466083421486147, 0.24254511146310553, 0.5811974572748234
0.2620765145356829, 0.4859769885984252, 0.627228282095448, 0.7709845555962648, 0.32586926576483044, 0.41854161130405654, 0.5859890151323707, 0.007588951826746015, 0.6756968198362664, 0.5099206210347407, 0.2587055943332952, 0.6040717134626795, 0.762562608187304, 0.6830448225254756, 0.4898439315464156, 0.2925118466175721, 0.5580233018950669, 0.9800105686856309, 0.2183263163267991, 0.5288481188638768
0.2935938138763283, 0.014946393449475681, 0.14957654315212532, 0.12035013934591987, 0.9906459842249999, 0.8962824481830234, 0.9780084903044146, 0.11231750737722157, 0.32074285681140324, 0.5462525708775481, 0.7066338671848381, 0.14481131173639994, 0.21778963360455572, 0.8337478307478703, 0.060424990852250726, 0.7472905749140879, 0.4807810950830155, 0.9748334860961722, 0.9668160571467316, 0.18503617327746436
0.459533708105335, 0.6479874449295407, 0.43429512280945615, 0.5818368261855101, 0.2643880957599286, 0.5639783599370235, 0.035692601521033374, 0.12295884053902761, 0.2739479890764639, 0.1390505025319384, 0.4962996648786151, 0.07900077504049174, 0.8649733778015372, 0.9257895249171599, 0.045470815185625124, 0.6117602626816055, 0.8954367057445761, 0.47206961347533793, 0.5139699573472548, 0.6437528896117155
0.29574012114710835, 0.46843181534258593, 0.39148648385721097, 0.8929444490357286, 0.7476505686535078, 0.4256819542785414, 0.4129378897110273, 0.19163969918649382, 0.5284559213392162, 0.9661614819190193, 0.5340423111630331, 0.041845367493854146, 0.9910039121766425, 0.25590331128488186, 0.7709520492960737, 0.20274580682982213, 0.8485299374108922, 0.9027639611745868, 0.3551043774182735, 0.47401458174757927
0.01839334754121169, 0.5652046365730004, 0.19221650573180105, 0.35484644723480285, 0.43299138026485917, 0.9900953000360071, 0.7927645059740231, 0.39776263223120867, 0.8737026105952683, 0.590739105082122, 0.8800096669120073, 0.11594798489529567, 0.9496891889500253, 0.842689760189512, 0.5515888300646344, 0.7482474570917141, 0.011335081490178478, 0.25249276998132586, 0.9706557287743252, 0.7717431891222397
0.16194098216164532, 0.629267694928235, 0.8978686066472986, 0.713447682731046, 0.42012877311872554, 0.038018140602034456, 0.47328738965293116, 0.46658345721191674, 0.33975941867651016, 0.3207675763813268, 0.9837850513320329, 0.2504581581667259, 0.885049485837657, 0.22145421506544338, 0.8085366749625787, 0.6536340912195682, 0.644525428975879, 0.46144568772586236, 0.2392644263077458, 0.3651751254170864
0.09978208939991651, 0.5431385431966078, 0.023634575454876683, 0.9825058265198882, 0.36863613106587434, 0.5553485788588368, 0.11359531906521148, 0.9401603267687617, 0.7945095806857043, 0.5377998762577101, 0.0828919442430549, 0.7642515427904898, 0.9375549064443508, 0.6945053197264163, 0.6650367607239719, 0.696208477079155, 0.8017262425444419, 0.02088283235481503, 0.45940587246449704, 0.7700622601150756
0.3179946189026934, 0.4232312063368304, 0.268325674907928, 0.046501272549748895, 0.6359974157863425, 0.79753553304352, 0.6982654396602795, 0.9584799248501332, 0.43887526648295316, 0.49782811085665335, 0.5887274709020517, 0.3445437611294141, 0.700842240638571, 0.027477321248918884, 0.3943636620822053, 0.7932827592116919, 0.6860287009329014, 0.989076291833459, 0.6785334155439409, 0.2937474048316078
0.11273297356128953, 0.1577374523162317, 0.8440287341134108, 0.22485533600501795, 0.5389888565682702, 0.548885183612941, 0.6565803514677963, 0.1625952412298488, 0.874792350390266, 0.1035318985843402, 0.19902298623128656, 0.8369375570579926, 0.8982777685483185, 0.3159238972503253, 0.29073606074043723, 0.2991940129293823, 0.14007915882774102, 0.35460107090306736, 0.27481055118579234, 0.030747701526353866
0.7707140480854126, 0.5908578691514397, 0.4463354632012806, 0.47680777263949503, 0.6143203843029357, 0.6480367296479392, 0.3023118011164778, 0.8001113597845315, 0.45734853338171955, 0.25087139064545116, 0.19294926587104866, 0.2856798509603148, 0.10689601312033215, 0.8132669374243531, 0.79460165823789, 0.03482614993108246, 0.7572253061569371, 0.8555137907068366, 0.9881083670525859, 0.7516652904303603
0.3185522959545266, 0.21904118864526512, 0.44618274107984357, 0.7835794511265228, 0.29488119695366843, 0.3850461414913636, 0.4677447969711942, 0.693122257236779, 0.8781221393019546, 0.502796595519241, 0.6516589853941602, 0.5368623944903133, 0.19549173208085247, 0.2670076984653814, 0.870360189555956, 0.36827370468655674, 0.9391856395638579, 0.48157346384454114, 0.3216044550866647, 0.10799202552262532
0.8545632472576804, 0.7785689183367888, 0.2222498053723153, 0.14454863043990274, 0.652710865583591, 0.22641117642883202, 0.9540381177909064, 0.5936629864611113, 0.4214454803133961, 0.8593237931545056, 0.9357514775284876, 0.03852899154123379, 0.5337700549391913, 0.00617515659477208, 0.04312763856418189, 0.007609442994222504, 0.35542558825523607, 0.05037895049703245, 0.9637458486548791, 0.575225350111467
0.7066198437331542, 0.0726796789024653, 0.5907873487218164, 0.3043744170524828, 0.32822937180286493, 0.874252195603742, 0.5990451718418064, 0.026124434554628206, 0.49654002440386336, 0.48859130554621955, 0.5056389236417514, 0.6702642904336854, 0.21987648588069775, 0.23878321553756943, 0.15282178362411847, 0.6861777415812853, 0.8556997359646051, 0.7508911769792688, 0.9271600160688401, 0.24063885617854242
0.8689755800665918, 0.6715014771802206, 0.16658082401654073, 0.969190288772054, 0.47266361211963215, 0.5739324919448807, 0.5044013000993824, 0.6473073948357958, 0.9482374616325413, 0.6272463916721563, 0.8612932189394976, 0.04835492532329888, 0.26649180302217346, 0.6138962410780514, 0.3026209820376159, 0.8363551517750533, 0.4190275371419714, 0.4490777659720191, 0.03360960354505549, 0.32845192059812245
0.1515627614714048, 0.23804490740571316, 0.8696880899283406, 0.4068694479658048, 0.17733398335477468, 0.8195379496261804, 0.5898951194708106, 0.669115911570762, 0.05408137116245848, 0.8329797490368995, 0.07874296872384545, 0.7162941202125795, 0.31031630857121173, 0.22221785689611773, 0.4631145942216539, 0.3626543292050165, 0.25494571059875404, 0.9926881938696404, 0.1445595880465429, 0.9966759430386016
0.605675493186021, 0.5665000024929822, 0.14803830576439758, 0.42210018004565397, 0.06281404395744916, 0.8980823241950384, 0.1426997281093474, 0.3411015097765894, 0.9382301960373389, 0.41590695067916095, 0.2625788977152753, 0.9352392195224701, 0.8285069114735999, 0.37018323133823694, 0.54836997438453, 0.9054586979884011, 0.8548167514246633, 0.0063679045561689795, 0.6513038295664058, 0.9004963641595832
0.3956439301985538, 0.38081889686865544, 0.9027231800714665, 0.5943015660390952, 0.03402527329485139, 0.5383952893736823, 0.012325107578551764, 0.07590863032730355, 0.20212536256062974, 0.3554289474276071, 0.5379638950231789, 0.7922387705542668, 0.26619483751547424, 0.0772219290755497, 0.11201685330495847, 0.22135724347620167, 0.4653712711668898, 0.2493831027169372, 0.22438036301827502, 0.2876454722020477
0.7960044291581535, 0.7657623945966492, 0.1016126565738058, 0.00794916924428335, 0.17743223811622677, 0.46401447063967594, 0.3902615063148439, 0.5617419108163386, 0.32043126265361177, 0.41828695310547215, 0.2010057770656024, 0.3958276486798099, 0.06712526538100039, 0.981863137522598, 0.4226214776841932, 0.3445462122536258, 0.8420363747748343, 0.11624501538135934, 0.040936407992616886, 0.756429858298031
0.6693046619906595, 0.0036147549338660934, 0.33674861814016366, 0.5948290386768417, 0.8911405717613572, 0.4673580529777537, 0.3619790620427422, 0.7444613965287915, 0.6410431712235992, 0.029623939399792798, 0.3443616247386442, 0.7077793781783387, 0.2748468187901524, 0.2519957927484998, 0.808108386114059, 0.5300097263674258, 0.874484428325127, 0.8821824980917063, 0.667638968729934, 0.5129667715374543
0.9167294824327149, 0.5070070381853325, 0.16437945291000722, 0.9238183372173049, 0.169488449497062, 0.33430837431129146, 0.8930650409310151, 0.08773799386075853, 0.6283694238076856, 0.9304902654910695, 0.47483873404677923, 0.6646537922866828, 0.02458064299171603, 0.2689359749922693, 0.41901373445255596, 0.2881646198051582, 0.694941665403993, 0.276581441361364, 0.13228468417085526, 0.006363569019412929
0.5688889870270468, 0.022531723942586068, 0.23464150488372038, 0.07404418489202746, 0.6149605498877605, 0.23426620597146608, 0.9407989027994227, 0.09771407382917852, 0.6215930554807174, 0.13727691508181206, 0.49929463231419713, 0.43201592803714983, 0.33802616317811984, 0.6776054918773455, 0.08644736779790929, 0.5627003251046622, 0.0373056050019559, 0.40929246564200583, 0.024014917194407293, 0.7072759984090345
0.7927594434848285, 0.7322490917717567, 0.9454768011374941, 0.9983079403599345, 0.9515112329534099, 0.2787922770748398, 0.5062162585863526, 0.483500591228303, 0.5488208455580418, 0.1965427810096111, 0.6200336597102786, 0.38221316779672265, 0.7339017154014934, 0.9022405074222186, 0.2111510167645062, 0.3199397422882353, 0.6217688128834118, 0.4289621957313592, 0.1790824629711809, 0.4545974236503124
0.06030954468680183, 0.20695011479754033, 0.8395557863085649, 0.9280685604919223, 0.5238287729743164, 0.8813128568049321, 0.963885341963223, 0.7295796029747461, 0.8598103152344604, 0.3100548690752386, 0.2848511452333844, 0.8365775961592501, 0.5133622231934781, 0.8159353522019634, 0.2459268050881046, 0.8352297586164984, 0.3171054523400668, 0.8333240655133685, 0.6774604261136744, 0.4309582121365546
0.6796028008692089, 0.5306758690328874, 0.1871583433750581, 0.49446189009410424, 0.5978098964749015, 0.4358142919694279, 0.25569905120525904, 0.0236467309744951, 0.16539508779541223, 0.19289031425869907, 0.45024468494662007, 0.3800249759884482, 0.2040358630435607, 0.8207701749577735, 0.8800075875275245, 0.15622634461837448, 0.6499766812920087, 0.052343610844087896, 0.5402731958238721, 0.7589518095468032
0.5421736317208469, 0.6559265779795533, 0.8677074387515176, 0.569469830913431, 0.19032754192625356, 0.7499006994768099, 0.30010284627595973, 0.578691748405836, 0.874685792196499, 0.6111375556948683, 0.8932637150184604, 0.4569612647535226, 0.1613604795744028, 0.6896284698152246, 0.9572239197606243, 0.46691852864377614, 0.9266684630854368, 0.20321307212784745, 0.5022846260171536, 0.5339711272213786
0.9462448564397808, 0.08349389821877173, 0.20805537880590086, 0.4946324802227019, 0.7794911433930402, 0.6251152350203238, 0.8143126927489345, 0.48232982832932636, 0.6036159182694943, 0.05753662288052419, 0.7322760702091602, 0.7123433027469394, 0.22399120073407697, 0.9420680607975352, 0.805210121488306, 0.8413683477894394, 0.6804234169487114, 0.8632074635711401, 0.016055687795124562, 0.23911145700282754
0.010434717814263528, 0.13516264348059925, 0.13340544640817575, 0.34200252879585036, 0.21642550633897162, 0.056646801032289695, 0.010649582545066982, 0.5223595379100513, 0.4841214586728938, 0.3863010797106351, 0.21640811400314508, 0.6821229613782869, 0.3251913469986877, 0.6552037172043517, 0.38166204836330886, 0.6183575649320046, 0.9973718645164384, 0.26439704927942886, 0.946834834426169, 0.05915938372434204
0.6565300485107373, 0.6776367797031713, 0.9419420382678731, 0.02032533974185402, 0.6474041911662174, 0.9820116958909751, 0.0771382311998865, 0.47359795372765523, 0.8622410166068666, 0.18766353341429265, 0.329125202984203, 0.5756831372235401, 0.40723973185039697, 0.4071355181103864, 0.8284210311127502, 0.44109589672922567, 0.8613915461177468, 0.8577176787116705, 0.34920420866962487, 0.79405632871744
0.8756865652084601, 0.3816295684680392, 0.4285951905136517, 0.15973643399043513, 0.15222375679010092, 0.20999283146550096, 0.4137419901172461, 0.9344276031941904, 0.23828559019886975, 0.5675475450597257, 0.7359709952626707, 0.31851966121652553, 0.10349424867081902, 0.8280965636952471, 0.5091100687797299, 0.8622346450522401, 0.022747096533513034, 0.9609798308930078, 0.6281465294255828, 0.7139531521780454
0.02525704100922832, 0.9390606767949453, 0.05396211503536574, 0.6539339091577844, 0.7127111582953207, 0.7826896693751664, 0.8961069897835986, 0.7540256860880707, 0.38746897796930424, 0.24243500367163173, 0.5721133200428757, 0.019975239090162855, 0.6224685270045253, 0.4385721637709803, 0.3173451554246849, 0.8530670792328705, 0.506899334275998, 0.6258306048912214, 0.3535813027526853, 0.1410220695785338
0.3599756588136821, 0.991891665932756, 0.5409679466950869, 0.8303359897245823, 0.02844873474419851, 0.13851803817370134, 0.7374385888722798, 0.3092198084305936, 0.18631680211799884, 0.9618915629562189, 0.7686118615472157, 0.7782930187220979, 0.4448078324515614, 0.9578539755854718, 0.9466953718682257, 0.6809992072962441, 0.3101075007487776, 0.8550873504499529, 0.23414022706737958, 0.1421798681026032
0.633615951926509, 0.638760212266521, 0.915249477966304, 0.20383096176271887, 0.615822117262538, 0.3766312314389303, 0.3185588500396974, 0.6673452346197207, 0.7877268979516372, 0.7530457598329419, 0.21939918174438033, 0.5727551906812071, 0.8608314517599883, 0.9047475265201348, 0.3722428875084475, 0.3648618471577837, 0.26456481902024154, 0.8362908026337327, 0.8218062488666245, 0.5898690132594214
0.25470842751928924, 0.888446933000144, 0.4925862262113425, 0.17058500400838195, 0.26394727161392184, 0.7993216817784062, 0.28244263195265595, 0.6439888577210987, 0.787152162488249, 0.7810433311077494, 0.33513823267129206, 0.4234853551837806, 0.9013291457640064, 0.10739885118353076, 0.826818071197739, 0.010550534104558418, 0.6991365324682761, 0.12090525484687231, 0.30956605163894, 0.9411110622045601
0.479349906789616, 0.2434024858003052, 0.2335913917772856, 0.26427930556478274, 0.7158048454189428, 0.17042735490403227, 0.22833910984570815, 0.5526794418286771, 0.7427659351781538, 0.29147115413972835, 0.1580315252741351, 0.6335858653328098, 0.987237818144459, 0.2649431733242309, 0.9878836342149487, 0.6977569267399366, 0.2344613569133568, 0.9816523327009182, 0.08752610249399262, 0.724280960807429
0.3623526250978454, 0.2362197432116886, 0.7032344106387963, 0.06695896859911044, 0.6915081635604149, 0.8242733795069718, 0.587686625434183, 0.5131326037091695, 0.46838717892958137, 0.7618973433888796, 0.14626862609215407, 0.21719911847760498, 0.7364107930942408, 0.9553946841793957, 0.28510529605386903, 0.22765775509313557, 0.8065657417124261, 0.2890431223510247, 0.5972250817712432, 0.6035891990429157
0.5114603604995247, 0.28995934929692213, 0.8597835069311554, 0.3311139601551203, 0.1317617582216214, 0.35008494371792687, 0.7978013081052592, 0.8937238836484005, 0.9834661294603415, 0.2695165948029542, 0.7906570077354823, 0.9451561647145613, 0.9222765590650982, 0.5972326110835567, 0.5975304104086644, 0.4424991685416274, 0.03853645722157528, 0.6964015542879899, 0.367163926103676, 0.48998358913874995
0.5724017448413503, 0.5967263293177237, 0.9599863485447477, 0.9574663770105352, 0.6832087107717522, 0.4827307003980784, 0.7513532609332996, 0.2962116723933751, 0.6119003674218031, 0.7630869632388598, 0.48417523230981874, 0.7480454591200739, 0.02543334345045256, 0.3829985854996605, 0.3695939690821054, 0.6760394602142311, 0.01311433186784805, 0.7065693192944815, 0.24155736258069005, 0.16997619298900213
0.21480507723257503, 0.9546211375013983, 0.1117567102323831, 0.14321643139494222, 0.2499509193666335, 0.5878515604352069, 0.18969797214486606, 0.9344118173758678, 0.6719418008396407, 0.21636547071435264, 0.9221117021422583, 0.9916868259020537, 0.5401084093368216, 0.20987518070134537, 0.1773277743396714, 0.402901479903944, 0.06442248770353909, 0.8207756816471108, 0.5252341627265507, 0.7649033620291885
0.31966284997456684, 0.42381549906434646, 0.13501959909494698, 0.6378492807143029, 0.5144774254413782, 0.2023789024300422, 0.4431337362253661, 0.5105316877057477, 0.07772358065564933, 0.24042304912900048, 0.7485287449782245, 0.22652257366210082, 0.5157924589751168, 0.20693929685350343, 0.34564784009137417, 0.6607059944998468, 0.28991020543951773, 0.6118306319065618, 0.6236693347565695, 0.6257263468553075
0.40773546944762795, 0.3946007839689044, 0.9562085712874415, 0.9831495382879724, 0.6996298886695366, 0.16073149050633306, 0.37381593533374213, 0.7798254231840125, 0.23444401894306266, 0.5562057076194845, 0.16448391661593542, 0.6627464685091271, 0.4813042570018248, 0.039313179883042615, 0.14764352328264962, 0.12385458353054302, 0.2988125474646376, 0.1345759103278591, 0.13304395274764613, 0.37459630191646065
0.9762900067212261, 0.786760376549309, 0.3242272423904956, 0.5247283129670115, 0.596570923804554, 0.09963650352999809, 0.6671089534287865, 0.49923918997580097, 0.10698449525104792, 0.6525736561782866, 0.3064899132039831, 0.1557994890777108, 0.8654828920865519, 0.6384624047744677, 0.8680018953055203, 0.20549506067738654, 0.1543529788728476, 0.23700162748937148, 0.11205338497157913, 0.8425280715918
0.8617336812394832, 0.052039630628193834, 0.31571066247695256, 0.26094751766278423, 0.4731333445961188, 0.9653772015284627, 0.21120760124691773, 0.19461132154353145, 0.39326351005635507, 0.6618414285745192, 0.6914467777001161, 0.10470759988105693, 0.23109396437922114, 0.9567427189872478, 0.06862912251031372, 0.8116412844945418, 0.18979733491908612, 0.5560531921059726, 0.20846221167222434, 0.5195350713647808
0.9562451233230214, 0.7552734249832125, 0.9076600960287493, 0.26168631884448423, 0.796403356219135, 0.3736193634065782, 0.8910960482650343, 0.8950385380637398, 0.5312440458308437, 0.5743543676542725, 0.53156279239124, 0.6475705523844789, 0.7651961006967173, 0.42969609844695844, 0.9010803062780813, 0.21994126775474454, 0.644270158087166, 0.5435204217705443, 0.8379844114999504, 0.39166704855949996
0.08097624919542235, 0.5365365471990506, 0.941754414317599, 0.8562150655028338, 0.4800877764468089, 0.5681005659052678, 0.344120860557397, 0.7492191762348597, 0.6336200397257459, 0.5496368578765785, 0.2921789851095824, 0.08757502181833021, 0.5303128012735616, 0.47225969414511015, 0.6504506218230992, 0.4385759662300449, 0.9538271400715541, 0.1331112393020667, 0.16537899180255666, 0.19996117009662906
0.11181131590363735, 0.9602131526532626, 0.6078288796608465, 0.7413795021255642, 0.6247043980507159, 0.9902733547976119, 0.06732785185213075, 0.8600314161264311, 0.608975240922315, 0.6390198863185262, 0.39679605611459745, 0.41188294574671536, 0.7101990480991774, 0.7400815154761776, 0.2879981776226064, 0.8816194707845736, 0.3779988726673543, 0.6973730031337222, 0.865446784663505, 0.023378928611561656
0.41844373317279104, 0.49616952115689494, 0.9739364908701075, 0.20907243982775747, 0.8607244485597945, 0.31889162326363385, 0.27110205594371484, 0.3272641781825776, 0.7332005816633167, 0.29079994263867903, 0.8560420563887368, 0.3064584124320555, 0.6093186809680977, 0.7538793789449605, 0.7885614493084326, 0.6450332456136992, 0.6109072462834222, 0.098045130177984, 0.8957977410125899, 0.21073970031275857
6.16695804707e-05,0.858360665823,129.684073118
1.11072267676e-25,0.013279247952,69.6403541478
2.30814123813e-17,0.154960417831,284.252775655
2.01857938258e-13,0.689779798639,390.192764902
1.35637170746e-09,3.13957857922,386.463353686
5.21821263061e-05,21.1089284487,494.321553368
0.00661433673618,142.759718899,852.892603547
181.65990198,703.952100395,1174.72560258
