$x1,$x2,$x3,$x4,$x5,$x6,$x7,$x8,$x9,>>f1,>>f2,>>f3,>>f4,>>f5
0.2072707691771053, 0.6210728425982686, 0.14130160730603825, 0.614299988064074, 0.8949144174276517, 0.7786532508487733, 0.937193087390478, 0.8550032279484708, 0.5709655674416203
0.32252311480589024, 0.5759367171951492, 0.47909023985966803, 0.8721643928330659, 0.2901465849402428, 0.5290139016803074, 0.9335323720438774, 0.4618295486507805, 0.20243673955387953
0.894407780542511, 0.5782926773594639, 0.8285420443576388, 0.25778293030478794, 0.6001397441057507, 0.8071125805728514, 0.872559812064679, 0.4080184105761717, 0.11999423386038244
0.2470425673275647, 0.44344658082460253, 0.9875506262204591, 0.4352473142420289, 0.43348893010131506, 0.12921121792683765, 0.8959691063662537, 0.22416766049777292, 0.2724092449685086
0.8499603939099021, 0.1723387869962405, 0.9559120880550784, 0.9347035407541515, 0.8375313111083544, 0.7791112422006702, 0.17201738126883692, 0.1465006947314096, 0.023770810264998832
0.0013605545050753287, 0.8064438594380435, 0.17290232596552935, 0.9944318258807222, 0.8530835620590549, 0.07944987270858062, 0.8820300743514612, 0.8743452442435724, 0.5275257817471336
0.6844670487684072, 0.1408717017660447, 0.1892838279803274, 0.5700059750627928, 0.4312294552929956, 0.09830569659805055, 0.5814604509370613, 0.16020426948712263, 0.21321211787066885
0.5390471153491542, 0.9836469191605127, 0.08567237839672004, 0.10760515602998122, 0.47667080185640753, 0.36645141199294373, 0.0897992373767752, 0.4647506577387297, 0.7574950489788056
0.9992150246998249, 0.1077421344931967, 0.9433043752264466, 0.0003426523215396271, 0.2522498827466877, 0.5945069689137068, 0.25123677279565704, 0.5682970401328487, 0.8139848022352377
0.7238342714198294, 0.4165763746015493, 0.45300522036390034, 0.9368841401282123, 0.5809613202466192, 0.36350430931605315, 0.5697171076266921, 0.6876352674127424, 0.6414360615638457
0.10047568461994327, 0.8840307711220347, 0.9904066753047378, 0.9330002501870617, 0.21544202325029083, 0.10186809505856975, 0.080396225616574, 0.8320184054385664, 0.7630414499443257
0.25677320745258403, 0.15218463604556742, 0.05207991719344096, 0.9911724925182847, 0.5034062432855028, 0.46401219074491473, 0.0066317544883911506, 0.31873048775135127, 0.7859044108075901
0.6349731604742952, 0.5177660794916014, 0.786493810495809, 0.8681049900750945, 0.5853597401513477, 0.8542206242603595, 0.13363928916176981, 0.979804918832803, 0.5235400382970976
0.29990190314573373, 0.3799572907014792, 0.5977696556078421, 0.8962979985111261, 0.08383587669155945, 0.7815544831448744, 0.9572653165932961, 0.08410736313771427, 0.12413847441865822
0.49477795089208276, 0.2254409743289436, 0.5710307553063927, 0.9520228531215713, 0.1738371057316358, 0.8824175309823666, 0.8364445710985369, 0.10930913959557886, 0.7067458233102348
0.9383322575262616, 0.35654426719285637, 0.9819623051585216, 0.7053669414135018, 0.5836564893752596, 0.4186460607226353, 0.0832347044893117, 0.13789321205896998, 0.9308937758623756
0.8683932437913039, 0.5017583060600718, 0.15819361030336543, 0.6458276666306337, 0.109395010021199, 0.9981345076076807, 0.9786625611037933, 0.27410688458972765, 0.8062836754038263
0.5715615701446145, 0.8021799763582892, 0.35143937024595195, 0.7055256016383962, 0.160765156402349, 0.027447670453314976, 0.43694255915914204, 0.06219192564009479, 0.5237799162914137
0.45975360534587373, 0.13415371599908144, 0.8229852306659636, 0.5595521377553483, 0.37918517156862896, 0.8844671454832819, 0.4463725627294114, 0.39902215932729057, 0.18485604033355119
0.18402462351208682, 0.986474646115277, 0.39216832350168074, 0.046688955395992715, 0.5976630759030956, 0.6101539290021173, 0.9158931689164657, 0.22643893600953469, 0.08620278536211934
0.4672778407222409, 0.8043567660869051, 0.6460573621910801, 0.9727339804195538, 0.32228263149582603, 0.6306393234327716, 0.15863825026808087, 0.418867376289461, 0.7989963795245808
0.07431391157867873, 0.618541054336131, 0.5420783225835146, 0.7589542901528828, 0.5523898559707575, 0.7489392019229144, 0.7627622310195862, 0.7746665161091205, 0.5381047020610645
0.997959078990563, 0.2417917219964023, 0.9237441771875824, 0.22712405753755238, 0.7297309039134892, 0.009824785099964095, 0.9684490129750271, 0.16613296049122772, 0.24129655605736067
0.4597297078959346, 0.9772444009454148, 0.7256023646557137, 0.6860201087319674, 0.6955304281027191, 0.3994801638531318, 0.5401204512262543, 0.32447111715200316, 0.3810600143593652
0.6773383424176581, 0.11433307615984267, 0.22077805544613527, 0.9027233815355516, 0.16217675070961324, 0.2835882397914894, 0.7774503349930267, 0.8410061054533439, 0.9226115413338536
0.41192540255631493, 0.4161745051526825, 0.9264252412958726, 0.8627170287343228, 0.7728573484901239, 0.5123165780782581, 0.012197209214521498, 0.4671457718675416, 0.9138982658876148
0.23867159185929776, 0.3282802851447417, 0.3907532979431586, 0.5173799897328208, 0.3634133030307787, 0.8081335207469628, 0.18671900439184463, 0.5350334745492041, 0.16254725302022255
0.15462719188456986, 0.7424087378356357, 0.9183180378795072, 0.13230275254252333, 0.2032145726652408, 0.01530707350152305, 0.90024181582206, 0.4140019017241702, 0.5118295972477519
0.6423811511612354, 0.06772828859701407, 0.006922086335794497, 0.272237658278047, 0.8271659550098941, 0.9253720004162572, 0.30689273115469085, 0.4699750789743581, 0.7201415916708968
0.31153778649341424, 0.9855023254406394, 0.22229821500872193, 0.9734469701055729, 0.8592269838729903, 0.8278747938992104, 0.9280110042224243, 0.5024039366504472, 0.8459533874508796
0.3018720517735255, 0.4794434639073454, 0.672073999145252, 0.05124064540703488, 0.36409868051746197, 0.730928911176118, 0.4442698293762346, 0.7796297696242566, 0.85828129428644
0.7953068100327547, 0.08430359112850871, 0.7280468889591821, 0.24695380673953216, 0.47266072514584645, 0.4379190184949907, 0.061093465229043686, 0.03698537866973706, 0.39097401282314825
0.602862857573976, 0.5727561525942562, 0.3390757302356854, 0.3675444833121756, 0.7062209232599301, 0.5530799439891498, 0.02211117347898295, 0.406817871574935, 0.5616748672110274
0.08479480820047558, 0.8317917794081146, 0.9937684180686243, 0.8741676139689563, 0.7970936481314397, 0.2553596130139796, 0.7610438606881824, 0.06019737729299812, 0.6984722501902476
0.44550684927027384, 0.07465069511420275, 0.4482135241028953, 0.35806956917067756, 0.9794249136392261, 0.9793214981842037, 0.6166146699554893, 0.7672288379115269, 0.5530413976813106
0.7436410980592965, 0.971357579583147, 0.3363687201907355, 0.8298744918842577, 0.9607105950112993, 0.6497975130423685, 0.638975694009085, 0.24705095345656913, 0.540967379925321
0.3918899533726665, 0.05523372942358451, 0.9264063744618347, 0.5264478345606968, 0.3144876710611475, 0.02360280369118095, 0.1907229180543989, 0.12972278741651244, 0.5656679803588079
0.671221036876755, 0.9171026203277031, 0.2283154482722045, 0.02837914456935009, 0.3492538289855939, 0.220631998618678, 0.8231612979574064, 0.03822271391490495, 0.30489126101161734
0.12324164949078609, 0.39493061669735485, 0.7947462765704015, 0.16869402416227453, 0.7780061534931335, 0.5088037378176817, 0.5358596935564073, 0.4794345967166044, 0.9228756055601574
0.3629287141803432, 0.05249703238862802, 0.8627693508946097, 0.5254093348488076, 0.7067598313906287, 0.21323272931376658, 0.20417620933468306, 0.9396686530317687, 0.5244823345939491
0.17950350229356904, 0.937524917674921, 0.31312920959769663, 0.5253297296124521, 0.99526330698218, 0.1608104242237003, 0.9996654526250024, 0.3200888401675719, 0.08508404967700844
0.8993354585740645, 0.21299032424949638, 0.656786776727946, 0.6749331269364286, 0.8368807423332134, 0.9684494825962452, 0.1311542872406496, 0.034753894188486956, 0.42644080369008897
0.9781620422393721, 0.14366067114120917, 0.5816680201481012, 0.31313557194415287, 0.06386193542093832, 0.26666405881318833, 0.6205274059158177, 0.48302518237046643, 0.7644921071017643
0.3493374864856409, 0.9527379219685739, 0.13155847079071425, 0.7790951842783036, 0.36053524463157127, 0.7244760807841555, 0.7636492084172036, 0.8031461261779674, 0.7868816410916137
0.14377669198444554, 0.17070478739769757, 0.16268807717605427, 0.34529373701738597, 0.2506189326038988, 0.6403274873429544, 0.04323265625344519, 0.6517154291635344, 0.20521338216864227
0.6088271832960105, 0.441990375875117, 0.7264018851239115, 0.89749201833129, 0.4053379762738305, 0.04487822150877785, 0.010168383164238515, 0.015988340768934517, 0.9188641252198928
0.3225831932915426, 0.03365264264940304, 0.9147574137089431, 0.5897877998713705, 0.09597575605714181, 0.7521185076083391, 0.9053818190520465, 0.10611802792436553, 0.5053812965696657
0.261754658587836, 0.008803056412911126, 0.7515726317556046, 0.9194623601295052, 0.9329728945535918, 0.5532342467159448, 0.500946836433284, 0.15748556008347858, 0.3382476595263303
0.2673679778144341, 0.9172928565133085, 0.027911509902651344, 0.8913755419901448, 0.7404783915036587, 0.7187713956559855, 0.32149085396810584, 0.17359006741337135, 0.10168470152994014
0.7353575375987308, 0.2824489033752966, 0.4263419474878788, 0.9441352818263267, 0.9354705236320486, 0.4736003596348546, 0.3786339381205033, 0.1795361327016981, 0.6915779217412558
0.668600635713062, 0.5760133985253479, 0.12700461696791943, 0.20432031748743062, 0.9509615817149584, 0.9960379412317921, 0.02966673936008979, 0.5120620365590951, 0.5006683700474541
0.8999803796266278, 0.08240702920792675, 0.3800348136564289, 0.7258551714020889, 0.46585011822583644, 0.9190064386332717, 0.6515472141727321, 0.4425118116076394, 0.5346558562825414
0.17245632556937984, 0.22947826834046414, 0.06031120372626486, 0.7743508658792214, 0.24400744221542714, 0.7597759147418909, 0.9350560733905587, 0.2026390845465207, 0.5844664128782587
0.9513288710339642, 0.9917463269792753, 0.6619568580291035, 0.6301932905025482, 0.17185283314259647, 0.13601138515488587, 0.8443472767811618, 0.6662554669520817, 0.5419708126065929
0.7062558395340521, 0.8473314650595489, 0.26681679082784937, 0.02657759710593377, 0.8678023190940373, 0.19269500732298606, 0.12386579242502449, 0.8547434226115869, 0.3465765261697763
0.49921581689493333, 0.8046512042671026, 0.017922348813662614, 0.896995637521191, 0.8514038635439422, 0.4972167940779836, 0.12462912675077364, 0.33119671247043236, 0.8328239060319568
0.9188069361853615, 0.2220067778687418, 0.6871610780824012, 0.7720785488701986, 0.798610340351875, 0.4128519711892499, 0.14139015189679904, 0.2664883921808924, 0.4761300725483403
0.46331728611080847, 0.7891119217273044, 0.0111111734976036, 0.7437158005383248, 0.9576239518676739, 0.8998527008620871, 0.816000826006743, 0.28814462029453136, 0.8322036691997362
0.8721577875902756, 0.42864300377702347, 0.5244738902785692, 0.7229851983361881, 0.8851891374196221, 0.5725344659899803, 0.3058602552890235, 0.275958273977571, 0.23318775676933756
0.9455798403435972, 0.15673502678270212, 0.703773186287979, 0.14515086056584592, 0.06765538758128908, 0.06296188471753328, 0.975309932316507, 0.6151198396743633, 0.7598514540569875
0.9069206252723944, 0.9360103948318822, 0.36545170587849474, 0.19175452333381593, 0.34508937087573244, 0.1833361635925015, 0.9272391200657524, 0.8563203400612712, 0.5153544388292154
0.16485527994228766, 0.42732704588261594, 0.09293936265707503, 0.7300100787437802, 0.4911551640896682, 0.056300970863239486, 0.8777567107276047, 0.7473667697756591, 0.73793941174746
0.7318970628224072, 0.05888830301072001, 0.08640730844139777, 0.2896736220576779, 0.14970400568798004, 0.4425811755745642, 0.8291457588972104, 0.34663073822162904, 0.19336980704146656
0.17329828129745883, 0.9549278246694053, 0.8675058566216769, 0.7100245854742113, 0.9349888724333546, 0.21830282430617276, 0.8492803305574972, 0.5978842791239364, 0.705214392886138
0.024359828841062692, 0.9966889581622894, 0.9493852472245522, 0.2831709117670228, 0.8306727287536955, 0.5129989033076827, 0.5515240686461979, 0.2832626521664574, 0.558253243606804
0.6956828682971173, 0.3367465323873856, 0.35897375060469416, 0.6829335124622454, 0.22823506535765836, 0.75443940381855, 0.20990036092197262, 0.12085382707536607, 0.6291135121055434
0.37357291831371076, 0.6366455202725682, 0.5361450893652165, 0.10284604251976703, 0.20000856627327035, 0.983146865248643, 0.49735955184498803, 0.9789447159873456, 0.9562265770936537
0.7850051130110828, 0.20501959756267962, 0.3609446805138443, 0.1729866641927228, 0.8958703786093247, 0.14840597118478138, 0.3126054385594528, 0.3554676247933196, 0.46269209362249974
0.326541643943861, 0.30843934500929515, 0.897755999242469, 0.3213211935314235, 0.134971872091337, 0.6213926084838638, 0.3408515982685657, 0.049357186139752374, 0.08084739909507965
0.08477534548674048, 0.4073352315941673, 0.17647897048279115, 0.18257470148522237, 0.797615218815753, 0.2916005308873536, 0.5828690314616656, 0.07340631922905294, 0.3436696963258735
0.2238729254562033, 0.5075388274741414, 0.030803700326119787, 0.4323864749050712, 0.8057262291860142, 0.02999053304908328, 0.038469679302444826, 0.6475536112149695, 0.07965509143253058
0.4059456486837353, 0.6787685334714043, 0.9735231660895125, 0.10135830015523817, 0.4953456676474519, 0.1236671514364791, 0.9954188243624996, 0.7130953689522178, 0.9818893729194166
0.43994518579600617, 0.911011679820813, 0.35315068881260747, 0.9558282359902177, 0.18078112904999233, 0.7297813795336832, 0.6516924076155309, 0.7666508156591594, 0.0492305924349159
0.7694062049610536, 0.4001583905566849, 0.43183376880084134, 0.015038821886899645, 0.1641204852467717, 0.6655021568491691, 0.5061130731360414, 0.2019918642989993, 0.4982176251562931
0.3624061822641781, 0.18788896848780168, 0.2009477289289603, 0.6232563074004055, 0.36560747657384274, 0.01526981340060507, 0.9872607982509022, 0.07920437503645572, 0.3957612854684025
0.8247941535443997, 0.6072949684423857, 0.3466088888769734, 0.13153669391374323, 0.2070191142399278, 0.46496546405555905, 0.24360397411724255, 0.9566907043014257, 0.12821209172517767
0.31370558174931873, 0.7562422564212642, 0.28700396364009195, 0.43189503776833127, 0.7536045196488539, 0.3144999285354274, 0.707014017001945, 0.14780602574700108, 0.9314893356074052
0.35702916826333786, 0.22693715049005814, 0.6003883107869885, 0.9038904898987679, 0.7974693362450338, 0.8245246653729534, 0.9420154553058507, 0.4164415508112559, 0.6747298724870553
0.3428245459480529, 0.5058182428948376, 0.4107313668129028, 0.4281515832718147, 0.9045922792552489, 0.059894689091800846, 0.8592237986689388, 0.6714162869067841, 0.35369411578154997
0.8883415977236124, 0.23061203225336335, 0.04002214603953247, 0.8976684435556141, 0.7863222062295748, 0.6592735897485807, 0.8729112303257249, 0.9132248416891672, 0.5005604458403746
0.0383623461203495, 0.9304455860496019, 0.5422147270361725, 0.5056937629044442, 0.09398346666467006, 0.4509450437762763, 0.301585550311406, 0.12040325906610261, 0.9061111159995919
0.7130049467613239, 0.5193435273837538, 0.9092038010670709, 0.5336420834042477, 0.8314156388708539, 0.1412022707474856, 0.8124462471274093, 0.3766479408239065, 0.8219686511279115
0.37450538938255207, 0.6807126257777462, 0.9717272200422885, 0.8248867511657758, 0.21369779048184145, 0.4764975129944712, 0.1552839390426456, 0.40037433140427425, 0.5700972507101152
0.718902501650648, 0.39474609181511333, 0.07964698776393164, 0.7819706453645545, 0.5671341832000314, 0.7427741576347335, 0.5570704570960284, 0.959027801041559, 0.922407623240515
0.2860158471003512, 0.33096166915879943, 0.9202495552130643, 0.1471805046156488, 0.46893611957244385, 0.8659570160833977, 0.5559024026750147, 0.9119521539785135, 0.7404640126849903
0.8698657091437024, 0.7068031314174736, 0.9991222881628372, 0.30509718791044305, 0.9034275187333192, 0.2841749152208142, 0.07193781516956, 0.4226716356091038, 0.42970412506721656
0.865229274006936, 0.7569602063591439, 0.3699342041060244, 0.15027516365121574, 0.6839265194029517, 0.8942868071788249, 0.11839491531862922, 0.6593613635052036, 0.38107362123110033
0.6524591429471165, 0.06727089620302062, 0.9761060304134714, 0.03573893563552999, 0.7147596395574745, 0.8271266029535206, 0.6071805069371587, 0.7160802595175367, 0.870779673900233
0.9147069225678579, 0.24922701230068067, 0.9194822239203804, 0.11944142197492602, 0.0926204188319113, 0.7789198094059326, 0.9792623918647352, 0.3641199304252508, 0.6998300989989912
0.07880325161950785, 0.2765050171973873, 0.06416813705991098, 0.6813926735285392, 0.016583651878950723, 0.715192310306641, 0.28594643094508587, 0.6924151881773535, 0.13274372376810362
0.8027136167035888, 0.4313672002260899, 0.7876335913223136, 0.12176770915583457, 0.2121940193387155, 0.6820528030597153, 0.014637713444196732, 0.592600250287942, 0.4675649858931492
0.47541717229725755, 0.6766756628949213, 0.8903668914626918, 0.3995869887254142, 0.042318907837153086, 0.612504418674339, 0.9310432517594034, 0.5063196017683668, 0.9723323623375008
0.1882340406177585, 0.030034775947065273, 0.5454136017973028, 0.9473401172863475, 0.03157525485637347, 0.08502381839524553, 0.017583947520625864, 0.8529829957869343, 0.6514745185396646
0.5797801653832168, 0.9940500619596933, 0.8631444877795743, 0.17758726478600373, 0.6427026746624303, 0.43269659606028976, 0.5106601784729129, 0.4531884591963006, 0.31352536481100957
0.36491002285039875, 0.9654975132419363, 0.628578413119618, 0.1766412366786687, 0.6146278666006061, 0.07862296605619834, 0.9314252909841475, 0.020947102729858114, 0.5652564990388241
0.5756204334424015, 0.8799874892569844, 0.15095627099407927, 0.7075281489854068, 0.6656141119751678, 0.08614162214482302, 0.08928105400830522, 0.5870245072572997, 0.1560759592070029
0.8031881738466817, 0.1336808567931177, 0.15990758878058453, 0.8833327563956267, 0.8658170080099877, 0.9027995314540739, 0.6481851859562916, 0.5611577649643017, 0.6429910980495736
0.13321736441141996, 0.2903698413445678, 0.552307311948109, 0.5521537695803107, 0.11091804867109578, 0.35749494836482554, 0.9485668274951902, 0.5439786510835085, 0.3276109886879518
0.2679876863334043, 0.7738724296411746, 0.709230788202259, 0.7677628970892293, 0.9749287555009741, 0.29669932428418266, 0.8605100694337277, 0.3532956952659695, 0.9232314415786694
0.25477335645321353, 0.6986625294246505, 0.868793930796536, 0.6615289075367569, 0.7288728871133061, 0.006344694644766835, 0.6790950753145091, 0.6340796207151476, 0.3056644379275488
0.0027180482081,6.93544276817,199.746901973
0.000436514948783,6.63961493098,159.231151364
0.00396761664015,16.9124958985,250.320648343
0.0422058413865,45.5640562419,319.635806452
0.929652904063,123.027733887,395.80558492
