$x1,$x2,$x3,$x4,$x5,$x6,$x7,$x8,$x9,$x10,$x11,$x12,$x13,$x14,$x15,$x16,$x17,>>f1,>>f2,>>f3,>>f4,>>f5,>>f6,>>f7,>>f8
0.6671212804527956, 0.6050337100824643, 0.32900274623594006, 0.3861139982083043, 0.7595570779213913, 0.06635057295703484, 0.293192643356193, 0.34530218985975836, 0.08430254343417332, 0.1284754005947374, 0.6878135692367068, 0.5203381916105039, 0.31121000553941713, 0.1618650231796377, 0.5175281385157454, 0.829932638243779, 0.9547038496198884
0.9116442884653817, 0.9094795446778848, 0.4724839650996049, 0.7040978546514104, 0.640831438704057, 0.6059476118758521, 0.4106989669838539, 0.46942595281270394, 0.28128700687363406, 0.24108261977424095, 0.3242312434404744, 0.7986803745046998, 0.735322126620369, 0.05608683161480099, 0.7630302126554716, 0.18548554139200057, 0.22556945291675712
0.4222057133533246, 0.6677172801696153, 0.10014804557074564, 0.8351911886309582, 0.07078058274262444, 0.7252723293169093, 0.6165430604161963, 0.09532430860603469, 0.8597712897546187, 0.2999015706185141, 0.9957972653848399, 0.5039805387238941, 0.7377934115272662, 0.6917613334150216, 0.7216357414327275, 0.9601759486367587, 0.39819444579759655
0.42516625628648874, 0.6851332294201832, 0.7554619426571593, 0.1947878653144055, 0.9391978156434281, 0.30452285328929773, 0.6766111347323855, 0.39649370706790643, 0.040697287279920724, 0.7178315593238471, 0.6244131418946249, 0.2147552860599743, 0.07816577222754384, 0.23811432434515056, 0.003052696468409666, 0.7657352993152917, 0.27545049871343286
0.24451763375843016, 0.1875770004195182, 0.4138987659701767, 0.1594185854423783, 0.1502448658545904, 0.20727508919581106, 0.8297560793685375, 0.5987692627552023, 0.5472633095191886, 0.7628345807316879, 0.5218203787147428, 0.9513108685776069, 0.39813155507985276, 0.7190511714653233, 0.29340421505875325, 0.9442745406629282, 0.4373928403379669
0.5445540439618574, 0.48338258003112256, 0.8874495957623967, 0.20374795815866487, 0.49728643867984046, 0.9921919854132685, 0.8217996903816469, 0.459727884022207, 0.013790272443815144, 0.7057451740532964, 0.47248371463692607, 0.536526065362541, 0.49538541508398637, 0.8386513842574178, 0.8677213105062348, 0.20615370291252244, 0.4647453626369753
0.7770070616800343, 0.19065852010819817, 0.1588708026671114, 0.421116730324554, 0.9558677239921736, 0.30172290092607523, 0.1425956561552908, 0.27340385545993784, 0.22696990919684212, 0.15242121182874702, 0.41686152632042306, 0.8685043524194227, 0.6506800963770271, 0.7029165072975074, 0.26532659665221936, 0.47796938795174193, 0.8394359193466585
0.9367976976675413, 0.19084859158954792, 0.7378272914600222, 0.31194543268784003, 0.6504613560205725, 0.211242383441698, 0.6154315400390716, 0.935337671476951, 0.14592958401265976, 0.44735098221584213, 0.05801070500411332, 0.8692154794822639, 0.7948254287559534, 0.5096782224786813, 0.12041771954201519, 0.5627803532379052, 0.10004628013086059
0.33256149438772964, 0.07254293524552247, 0.6912040071743721, 0.18932044386204017, 0.5386140315210496, 0.18332164406355356, 0.5219618924030285, 0.6357784175692253, 0.6831658359201759, 0.012792800884318778, 0.4730254709159769, 0.6898057338570035, 0.4670266983648499, 0.33947837384737656, 0.987250747696731, 0.5169128272130389, 0.9359647600126693
0.1900547370753506, 0.3543572848368084, 0.4075924838234629, 0.8277179890056444, 0.032151580385554435, 0.07663893724254611, 0.272082441192411, 0.2368788296723453, 0.3088977587217, 0.1428981024839613, 0.08043691546467668, 0.5623310064493583, 0.7272660215263623, 0.7290053739875703, 0.32512670827933776, 0.16874866381565645, 0.713372306470046
0.6426273036193676, 0.5348182360784921, 0.918573628891514, 0.2843205341146391, 0.00020705626840067382, 0.640186815335071, 0.6175697624354398, 0.8675468115331078, 0.29183122674725726, 0.8668427036206252, 0.7881737822317834, 0.10900526806321786, 0.9077035219744426, 0.7520340039895723, 0.3584427662815748, 0.26612185185582105, 0.03825209771577964
0.15100650338120414, 0.06431397823306417, 0.8993316760088813, 0.2773966875935264, 0.5916223187797046, 0.9347069161325431, 0.8873615877332471, 0.673887232690761, 0.19570922008219516, 0.10759240932358649, 0.737767934564989, 0.3784912019856057, 0.45201879529426336, 0.2966631385695402, 0.2343807282507635, 0.5977417115845499, 0.03347192575738689
0.40524438681104247, 0.7027962079394591, 0.08353765118261913, 0.6700760671901056, 0.35305771083842075, 0.1506674053986804, 0.2885689845704793, 0.37511436388603747, 0.05981573531692119, 0.6853703349365095, 0.28851725858735033, 0.5280759010833097, 0.9590621596267976, 0.5216995670740069, 0.3110052162792306, 0.11748562529930007, 0.789938259132297
0.16257330635960054, 0.8186428898415501, 0.439433160637117, 0.012872322650139933, 0.7913145785750452, 0.9569267742482901, 0.8639270360024393, 0.9222984899330022, 0.8826487799229923, 0.813866484823409, 0.6399477596437199, 0.9883606201946684, 0.21601600032835844, 0.6156292999400473, 0.012888922281140025, 0.10196022704383823, 0.7828015638128598
0.2337819446828442, 0.876384642879299, 0.08460078578637398, 0.575993661870486, 0.03277669609207623, 0.9624023571492043, 0.26984962849874305, 0.006329828943162474, 0.9781752327618723, 0.6181100690351431, 0.9824668192124902, 0.756200870516357, 0.8325863485697566, 0.09092473124650025, 0.327349594861541, 0.7131656442204688, 0.47952717957538993
0.316309887758054, 0.9880973393920012, 0.8901208351668273, 0.11774132514620506, 0.8944019426581176, 0.3628564410300309, 0.4738446166584732, 0.4003542191706255, 0.906100013530302, 0.5826222805251785, 0.0408896790915676, 0.6627365492215489, 0.7936593558963444, 0.48499795656672073, 0.05527990608484268, 0.175643503175839, 0.9234094602332226
0.9450052875317635, 0.0853045078166631, 0.9336827388243039, 0.3809406281038854, 0.29064080539985915, 0.41495804747724707, 0.4242672561072357, 0.34550541369709153, 0.4767921354282336, 0.21551808383353555, 0.41833171985182827, 0.1502401416996948, 0.5828801884391199, 0.3361284768028163, 0.3455646070710844, 0.2076164895420649, 0.6196037602489126
0.3332144325809756, 0.1584165841823112, 0.37248033861105756, 0.09989067515633598, 0.2216478135190434, 0.943155743060047, 0.7729499661700359, 0.04206823019734662, 0.9696239477575981, 0.10908984876727468, 0.22779880463781088, 0.040428212613161985, 0.1545901322766864, 0.48798298725242506, 0.8844747230418747, 0.9385007779192729, 0.5573060562798029
0.24672590152767226, 0.6965915666676736, 0.06563732272787615, 0.8055392524280336, 0.8302271849745818, 0.5981026783292123, 0.03748262325067575, 0.2811703921843737, 0.5583900762758424, 0.25919746795545306, 0.9623378029169763, 0.8647724249365734, 0.3957184540191824, 0.21500310960030267, 0.8170002422231802, 0.1505748654649034, 0.07256855715117239
0.8303829497301869, 0.8863530752821084, 0.9354649851019875, 0.23624588357194765, 0.3826627600503122, 0.14727959215766206, 0.10885474490746994, 0.14980965732662255, 0.7786033643659476, 0.48722625674060915, 0.3470569255851266, 0.6644762212151706, 0.06883378448373034, 0.14464068550652764, 0.04337485442801403, 0.24356987583888867, 0.22170320240707053
0.0415305843020225, 0.4390198467313766, 0.5969277281821292, 0.4084727099634464, 0.5832116381126875, 0.4432421729483812, 0.9898867834909043, 0.8961527002771706, 0.1799492480309629, 0.24444503756342129, 0.06415786697766068, 0.6203828162205859, 0.6295385107224283, 0.4171692124919144, 0.41321687222836356, 0.5144393583902329, 0.8433956025696387
0.9253610077188119, 0.11048875306211237, 0.6658886966855762, 0.9282408618490309, 0.6170578191725208, 0.24723754237688844, 0.26739606642544755, 0.2640176748633497, 0.37270313003908395, 0.5524902871142772, 0.09793450423764749, 0.4665654200987861, 0.5915006115451271, 0.03886579127274492, 0.5520870120312131, 0.28560763011304924, 0.8393727435649337
0.8929997507129981, 0.5195099178991957, 0.8413851950890909, 0.2889135310566239, 0.46903088365298284, 0.5537488585389823, 0.9677965449600059, 0.35701654565994545, 0.8828333730044775, 0.6266489872682106, 0.30911844128322663, 0.7938707536033236, 0.25571174727868207, 0.41022288633998116, 0.9651898157233133, 0.6195617575043106, 0.9546531645812297
0.6851516505370258, 0.7605126809341117, 0.42512265959455364, 0.25651428223245387, 0.36452123403899905, 0.24477259178557886, 0.8268626765719356, 0.3801203247999315, 0.5028986127853506, 0.7893924272312206, 0.6459100535615131, 0.4957097783694787, 0.9790413698863315, 0.4627972587773048, 0.07631427609722874, 0.9559029896519108, 0.6192644238642588
0.2418893307335982, 0.4304476371570479, 0.7045973094798406, 0.9611856215359766, 0.34108380258714643, 0.8940222072764556, 0.2085234622751656, 0.312040081151415, 0.3106995390445684, 0.21537349930345728, 0.37125556150054995, 0.5403493194814173, 0.9813545423955972, 0.13480947699491885, 0.6502859772633327, 0.8039942669582999, 0.288558212393177
0.09743116850263822, 0.891727894179234, 0.539415614949673, 0.9564754925004761, 0.626461798803284, 0.305446183405196, 0.23648522824641716, 0.7741149116717886, 0.47425954852199326, 0.7830445845890185, 0.5922349263859363, 0.18746503537448056, 0.2683994461103447, 0.7070201136289167, 0.8155196072540803, 0.9248995917597141, 0.6692338890724587
0.2090580076417511, 0.49098204474746576, 0.5526209615534525, 0.524170865256761, 0.6153467210882388, 0.48124843268931594, 0.662309011884759, 0.19973200790693058, 0.4277691368999317, 0.9526031756726355, 0.07944263257891249, 0.5200746568416547, 0.6625019105923948, 0.8875894163165973, 0.6808406036645054, 0.7965238120261403, 0.2532681888288013
0.8968134505670036, 0.5266782032849711, 0.03782647285014007, 0.612791105164604, 0.09994481935863231, 0.08026183247664109, 0.7161677123929179, 0.986579634497037, 0.09372884051307129, 0.7847759502236498, 0.922713885009952, 0.621885870826191, 0.28252628663913804, 0.337864258514869, 0.8564505201668344, 0.9851165841681339, 0.7520543474979472
0.5956475612479937, 0.9634005644481226, 0.821839971176152, 0.9903956547905818, 0.4657405832855479, 0.2934374090762807, 0.5679167621384331, 0.3615030060968706, 0.6788925616111313, 0.9541920613802176, 0.8509062872613703, 0.5597606095513125, 0.35196104136799944, 0.22659090572129958, 0.39621734163014233, 0.4287191431560591, 0.14231411568022811
0.8425164243799462, 0.43862037178851276, 0.951843918651479, 0.37352330335542605, 0.3411678467460393, 0.5220183071576578, 0.26185474944378606, 0.6786525744595194, 0.7433703445773798, 0.07616814488346313, 0.5913672240636197, 0.007469383077180147, 0.5229853829197321, 0.7600102519101546, 0.6922336836028018, 0.9792764218896889, 0.25867711675003857
0.3962352455351401, 0.6346992829768386, 0.7595611502906966, 0.5364010762803931, 0.8597714839209092, 0.5619574923537497, 0.6655741688023351, 0.41755414255389645, 0.8769126855700451, 0.20931561781818486, 0.7055629306518258, 0.8743385947349703, 0.45087503885024227, 0.6525032600138279, 0.6293533360451501, 0.9826373044041147, 0.8530548914716608
0.9013889055683555, 0.00762332715982883, 0.7728209376395169, 0.912173846826898, 0.09839167902122126, 0.48877590408150995, 0.40765774621713313, 0.3536169242392816, 0.7130151715313718, 0.2645092011220209, 0.03186763351943056, 0.6409817080345165, 0.4361484613332506, 0.6848224263363893, 0.8305451291289683, 0.6411924701619043, 0.6844335856812745
0.6770653259584369, 0.32881545476228635, 0.12323701576912671, 0.7142813649683687, 0.9241942314808369, 0.6493446943346649, 0.5636297607322293, 0.544850621201286, 0.46321614041802095, 0.9792343169488832, 0.2791885769481217, 0.7378726907856551, 0.253607550677477, 0.0027772294062993197, 0.17053872029255313, 0.22963216217008586, 0.306516711219353
0.8038174836117293, 0.4183325508389769, 0.03703272055678486, 0.5913973854236934, 0.11504189024172728, 0.11999149343999882, 0.5224070476140035, 0.353991115352984, 0.5817313830731792, 0.48105814360546295, 0.7775586766439034, 0.037866534286999154, 0.33305769827671705, 0.5821434268149476, 0.4374203776714829, 0.7844152193874958, 0.33822282602620657
0.37426455219900123, 0.3747210773037499, 0.3574563625609706, 0.4230903642333259, 0.3466057991351572, 0.8676898449866077, 0.5132227985605733, 0.7473945160622848, 0.5730278114208999, 0.0709098946127138, 0.6583008427161208, 0.8738456857276949, 0.890103100426467, 0.8389319342939674, 0.1613075211914078, 0.9233811439773288, 0.902223533856908
0.6440520014069466, 0.9085205720485224, 0.7704415790802444, 0.6711545176773717, 0.1505156198898353, 0.6843051069048549, 0.9146649612935766, 0.11351892139526587, 0.19312777125423075, 0.9904702936516745, 0.9754710416925265, 0.9316698661121455, 0.8147325584890975, 0.44752226128063144, 0.4791506049147203, 0.3396685534311008, 0.1506494611818161
0.9335384991409065, 0.06263400406123698, 0.5474217010041121, 0.4161374402668532, 0.25191120186040183, 0.8135284983331931, 0.9518572045801437, 0.22777691428081193, 0.7975554000210577, 0.5351858607953807, 0.25422069729522023, 0.5994390568662812, 0.9590318161737893, 0.4664293749945757, 0.03593563855481441, 0.1796454097173058, 0.34778407104446574
0.42058060837077205, 0.999146551779199, 0.3855341121934165, 0.7107559482809956, 0.09652386072762809, 0.5085829274378404, 0.5898404014374846, 0.028783876404344988, 0.3340940311197127, 0.32504217230684596, 0.23330427080794214, 0.41110429699028894, 0.5339203032328783, 0.5132829647296466, 0.09855919234983934, 0.18524180686583347, 0.5417083359362416
0.29208485421528807, 0.2166976319570849, 0.2205866835745116, 0.6663262560049121, 0.5095008345633101, 0.3165616370314568, 0.37537655304305695, 0.5380654466118656, 0.8976185839745031, 0.7077316121202887, 0.5979419916178068, 0.783895709536644, 0.09664895066962453, 0.4987844890635058, 0.9107688583701399, 0.6150578014673462, 0.7712239050016053
0.09004978404650255, 0.9012742454050225, 0.6573664662209037, 0.24363085432026355, 0.8756450908556591, 0.3981919932829078, 0.028241568691210195, 0.6367006534225076, 0.15028582231569532, 0.5249995306672163, 0.7908832536966734, 0.6226740156567712, 0.866561234657196, 0.5216356995909931, 0.2100773901077525, 0.8286865663216788, 0.9323561005646469
0.34017503174140407, 0.9642541072328049, 0.693806307462581, 0.863063476700827, 0.8964817210690299, 0.9246843377225454, 0.747278376878796, 0.7134965674933748, 0.8427638408443396, 0.5856929877438173, 0.4020966366343095, 0.0662636008710451, 0.27850304493944145, 0.19264771691691485, 0.20761466742126156, 0.6426392326599868, 0.04741656738189748
0.17082083254603408, 0.3641816614730776, 0.5405905831051976, 0.5110263113891901, 0.9306535707502023, 0.8654054686484741, 0.6637103666635942, 0.5243269918061095, 0.776530825891478, 0.7701375429389956, 0.47980717386063554, 0.07972453356087228, 0.34538588415158755, 0.6068062091856817, 0.35040606757134196, 0.8634222139626612, 0.08531235635106116
0.7157539726755769, 0.04361238585301652, 0.16127774625953828, 0.9264827578731204, 0.7815098793510545, 0.10236075982619908, 0.7466170329987326, 0.043236306843377426, 0.08354971227255625, 0.03963383796083442, 0.6566369745261812, 0.9188999905347521, 0.550952113780806, 0.7340966687048683, 0.3293373420432615, 0.17706237192072571, 0.7416073581859094
0.45309612726434034, 0.07379996687683188, 0.5112718496813501, 0.861289931056667, 0.9902510508423331, 0.4666668824327298, 0.2424062546118485, 0.5104406948175324, 0.9967125222861862, 0.7980778452578038, 0.9301679195312942, 0.576002025783739, 0.009012702020517294, 0.05501737149153607, 0.11248494831375877, 0.6595488785734744, 0.47550000135546555
0.2914464840602201, 0.9841069232200826, 0.22762563706444638, 0.19244055504663127, 0.6801982783865602, 0.9122957446194896, 0.14554483994009604, 0.6035789579670081, 0.6952002484822772, 0.30421602955911853, 0.09695578207891464, 0.7882872554869111, 0.218309273229357, 0.8069181287133351, 0.5891288340709686, 0.7093683543891004, 0.6838419002016912
0.5488915036218098, 0.05900865249023535, 0.6104835299418339, 0.5498474354539654, 0.15184924356255514, 0.5927394329622963, 0.7551991777390719, 0.2726271491677327, 0.8400123596734904, 0.17938730669879366, 0.3298456955228012, 0.4188235331082859, 0.05940513983003348, 0.6221952574777063, 0.5949551446933221, 0.37544150720482616, 0.9500294174595322
0.30489371093553364, 0.2728690873995224, 0.2762829712798195, 0.9375647632110444, 0.5691375112975293, 0.05259080345920386, 0.5011774407970999, 0.31173507277672585, 0.5325881489721683, 0.1468112987046467, 0.26608415145319875, 0.1487514873106245, 0.49876680305196985, 0.15210750752309887, 0.5808009416495152, 0.9663009041475289, 0.9942742325444501
0.9944074839133121, 0.16347069853107987, 0.48228720389791857, 0.14719465683751054, 0.16604913697120116, 0.23733033965454564, 0.9557485364145526, 0.17885531658693188, 0.08540608766890834, 0.2320304821057776, 0.5656728572416712, 0.8257024848892562, 0.005608655302397958, 0.04054206340170641, 0.23313918358040764, 0.9999944651835603, 0.042757463911079485
0.35356127557800887, 0.37503189015118843, 0.8830888239860655, 0.7355242972241173, 0.559535773316793, 0.628444087856302, 0.9782471109708863, 0.19160808901160864, 0.753627707112273, 0.6481703445825961, 0.37519143576567837, 0.5849845249763799, 0.8296465028919794, 0.5009500337652365, 0.5443945975010567, 0.2902013798481955, 0.026833305398423546
0.922405729431335, 0.12298853282843025, 0.4927986205546838, 0.1554504682439134, 0.8526947021367328, 0.7558048674170662, 0.9844762166640958, 0.3342146103710548, 0.33640977069958267, 0.8731373274940816, 0.04560901729434319, 0.09631865115887406, 0.6571816061708208, 0.9128729578132544, 0.0075912477907263964, 0.42924694084993076, 0.8602175618312333
0.5020044392961461, 0.7447353810760535, 0.1453547635702318, 0.8785906198573672, 0.39108017687620844, 0.5461929578116089, 0.410630405150748, 0.17602181361641767, 0.8226436360755331, 0.4604105514061657, 0.6437314688453717, 0.25606214154572793, 0.9218015314718079, 0.8983358536907192, 0.03315609419408172, 0.9829723749891365, 0.05373774435470191
0.4892274134254637, 0.9693168373585371, 0.7757567222343555, 0.8710673383012202, 0.23615914107848857, 0.26004493456123323, 0.2309610321470632, 0.43360940039508467, 0.045693061198558094, 0.9264388852622979, 0.2631729923693308, 0.7502086103960234, 0.7656848454771291, 0.4147358845196202, 0.3843421829233533, 0.37327100937736146, 0.568931257551934
0.1422835634239631, 0.15686218614600766, 0.8482342818309841, 0.8318336011138063, 0.017679624511612535, 0.9810589263669395, 0.28793400758168775, 0.6575824556963614, 0.831372252542611, 0.4747724046275995, 0.5601148681323923, 0.4671784433017754, 0.34447296465973, 0.5113823872446589, 0.14316937283361808, 0.42360653705642315, 0.5095430966361654
0.09644759548307702, 0.5380119740013527, 0.7272436414467125, 0.19116541017599054, 0.7838667894204637, 0.12385560030602116, 0.5273349774206286, 0.16668004768016131, 0.9717047579107352, 0.285855423852201, 0.8411263286819536, 0.4886097685909292, 0.007502662809214744, 0.3429816077687422, 0.7132648852535488, 0.4657547583849432, 0.7766545211633109
0.999052030753341, 0.6559668974196797, 0.9066266949901466, 0.37094398702600617, 0.9599045178002574, 0.8153869954153458, 0.5751118632264285, 0.9471690321896172, 0.6633844186458906, 0.3867811519356745, 0.16941857929757487, 0.5384324467126047, 0.887409291743425, 0.5872293042608002, 0.8946169353392356, 0.6736643438388725, 0.637760650412589
0.8572189166088895, 0.854070751395333, 0.8646546301562766, 0.4915332124708214, 0.04866242353710226, 0.9486468060079772, 0.6276185120379585, 0.27838471778012497, 0.29299336412738197, 0.598464497360709, 0.25948750639544316, 0.023680819962463073, 0.12505672115286848, 0.6636362334418588, 0.8117107480550851, 0.687573184727058, 0.10841640255600726
0.9654216880252026, 0.1939074561496612, 0.39397215830736043, 0.6521139954053213, 0.4931452979476403, 0.7979684707851782, 0.704569677939062, 0.6797934380966688, 0.20655731428756952, 0.05582768369278768, 0.5331137844779114, 0.148290222758798, 0.9526638895049908, 0.815954505877438, 0.3169573882514475, 0.5727130633176889, 0.4941563601736688
0.2894652053778092, 0.6597415589700201, 0.0616806012395017, 0.153354040305953, 0.8098845420035481, 0.5811877035204372, 0.8783085060376513, 0.40250003153115776, 0.629408550298265, 0.5786656080987153, 0.18672920583967145, 0.4015941176433271, 0.28694958618310007, 0.8989730193915952, 0.9822153862506698, 0.44320523809821966, 0.6833277821921164
0.25140038579220503, 0.31938093872308215, 0.22844736536618115, 0.02473185442686443, 0.21085151386502266, 0.27733798251330166, 0.664753753081897, 0.6834276827635514, 0.24389582711415858, 0.35359696403046914, 0.06631956552518925, 0.10926569055754909, 0.47666142319614047, 0.06704327626266338, 0.17321336871406245, 0.4174318536533864, 0.8546816558317769
0.7704176747612116, 0.02063231566548307, 0.4394892356225011, 0.6606199284166542, 0.36252139090674684, 0.4991770808079947, 0.8580265877458593, 0.8601092949770662, 0.06848973377565537, 0.3854671751097577, 0.4207769113191431, 0.11293863135969473, 0.848054556074517, 0.5235613888879526, 0.9828075858961435, 0.7221850597977835, 0.19001039856852264
0.46524436026691796, 0.20271722567718709, 0.5372162527016037, 0.7884631301013659, 0.8796255655407058, 0.3098838273900303, 0.07889301972462837, 0.30781609982701175, 0.5378996073192971, 0.4496888618569992, 0.8309669560501345, 0.38682174576150063, 0.08981243033774267, 0.0497429340243456, 0.7288780546980165, 0.8187930934052412, 0.05517850055902496
0.030654633995437552, 0.2331990677142345, 0.23303911758773121, 0.6377611896085469, 0.947282213803609, 0.3587711793294135, 0.7657868308079172, 0.7771343523634157, 0.2790258783405626, 0.6318128596922109, 0.5089814901540543, 0.8705169957556984, 0.20508227902325482, 0.011840570712415732, 0.772411368703523, 0.5199638392674896, 0.5646304535175519
0.15132465717156052, 0.17225690364473534, 0.7510646401869719, 0.8878646856890949, 0.8730954985478466, 0.4570986660869314, 0.7702812344898923, 0.5484325882448412, 0.8096894787793509, 0.08539703253853603, 0.8775153865917809, 0.40993741247914994, 0.5758412870019216, 0.42870997497616714, 0.6946907768226726, 0.9608113717207799, 0.5527023041451297
0.15863427319698697, 0.4063348158848362, 0.8904269144938164, 0.0855058376629948, 0.20199174559399014, 0.957532105355357, 0.055241511266993504, 0.3466042882784566, 0.6977679088433393, 0.672193789202346, 0.8521984239569119, 0.9515337253826271, 0.9070733918132698, 0.594957235802594, 0.4902507247609368, 0.052380983201211984, 0.623925522997494
0.5393004824531932, 0.7935283555158996, 0.009636912912287632, 0.7314351524202546, 0.7205238295152683, 0.9743393175126478, 0.5990689614582029, 0.973773779066024, 0.0077031092460501105, 0.3721517213748945, 0.2865271064703, 0.8232186655132618, 0.7730178469521806, 0.782386039336721, 0.8496908824506622, 0.6062265028072555, 0.4718055437633736
0.6141062932537843, 0.44643032762294144, 0.5501166533171234, 0.07415890893510146, 0.5596608300205571, 0.6821118939406399, 0.36263607728724967, 0.15810244149338792, 0.3769730850621511, 0.4154436595750898, 0.8274374301782697, 0.7585637810984471, 0.29369896848916666, 0.5958263332624147, 0.3988417732083248, 0.5973581552746737, 0.6493008435128915
0.6497240348344245, 0.5269737515376051, 0.9829838883423258, 0.508972077218463, 0.8341241181824871, 0.3711776212224479, 0.6151574624036027, 0.529497842632577, 0.3114402308389662, 0.10482084514743872, 0.14400471777454527, 0.9346816372732228, 0.9305472962846475, 0.02968200750821859, 0.07495716357521764, 0.37355293084478614, 0.048498162947185675
0.6671179840436762, 0.6232321762919276, 0.7635701453791447, 0.7798877302603855, 0.06501143580220436, 0.071645642286563, 0.4601109205884871, 0.5468899914320278, 0.7033946795243555, 0.27576757667794516, 0.327588789678125, 0.3025794278989685, 0.7646312776223518, 0.9835441255915912, 0.23246645689908374, 0.4029008867256225, 0.4530348861208363
0.6487998841256007, 0.9773252619424294, 0.06146714731265823, 0.7510589563426826, 0.5807076372432243, 0.18217788555094483, 0.13164581742687154, 0.8084419364727722, 0.17164733567771473, 0.8436277875106488, 0.11283764701005816, 0.30024328831259794, 0.3603050746489861, 0.9241799258150044, 0.6953304105983671, 0.459456522291129, 0.684591612287868
0.29328780867091453, 0.1629206149566348, 0.6688614421335126, 0.2917819786845238, 0.5481785666419176, 0.005903981520459456, 0.822977812277427, 0.09797982736890254, 0.6450484004352436, 0.09851193542390901, 0.7730690774213594, 0.6202138093192433, 0.20231112503423898, 0.19264839633975173, 0.9513307227160989, 0.35178705829853973, 0.2656363150227272
0.35411516093288553, 0.7100570777676859, 0.7125537902189064, 0.09114792214917666, 0.5998084760243241, 0.3148521531635756, 0.19060861051559552, 0.23798240769992574, 0.11571764525385364, 0.6935672705418706, 0.4324573300200125, 0.5288140809802968, 0.6552110031334193, 0.10428439085865449, 0.16172696578215584, 0.9562627511360879, 0.6720683552910122
0.6910641119646204, 0.39725612889221285, 0.023571017483102086, 0.6289098855043328, 0.6296323039348932, 0.9326644805120335, 0.6387420469907804, 0.606694508777846, 0.30394170661620645, 0.007991730181954204, 0.875616796648835, 0.43456089540555143, 0.18205698822757854, 0.06083098013171684, 0.4118780499502589, 0.05991876872684754, 0.2500609461934835
0.930747309996599, 0.781492823411867, 0.8600300000209667, 0.4613939032234595, 0.7394711181060812, 0.5646909942005501, 0.6522796494875784, 0.9185901260652815, 0.7162298637503485, 0.276454728240053, 0.8597942722119266, 0.5477666593763567, 0.3086538141371349, 0.6407920864330112, 0.7712947208292478, 0.8336349180985195, 0.3843019386568698
0.5831608322921233, 0.9013396238019632, 0.13086124943157895, 0.22929892957319808, 0.2763229636062303, 0.37443811212890166, 0.5370898607612671, 0.8137864001006546, 0.040145095865187885, 0.19430257454764532, 0.6751845121485952, 0.9544555963494437, 0.82338220297622, 0.2405476411237587, 0.20794274979791794, 0.7941634125147387, 0.4761726072321105
0.5331786452102966, 0.9337173309464724, 0.2510827030914675, 0.6486617756018264, 0.789872364820336, 0.7938619822053278, 0.5426196596703607, 0.2656525620846213, 0.9088632114916738, 0.14771938599662704, 0.055647670835821894, 0.5632303563301371, 0.8435189027787506, 0.7628637203399167, 0.6941075775811273, 0.08911366316318936, 0.367548337499887
0.7993599440946915, 0.18287540038387007, 0.8527006385008029, 0.4470068232083778, 0.2833685869914474, 0.0685789915556364, 0.6100608824083051, 0.21759079614006205, 0.7621894644232815, 0.6500208113441766, 0.9878199443542096, 0.41796113550401925, 0.6643719752888994, 0.6422203687501034, 0.9502967201932996, 0.10536238680908061, 0.416252616214554
0.29345069302237803, 0.4868857580602385, 0.2955011486638398, 0.051989200334687125, 0.804884133953988, 0.7096605530719313, 0.32880675235809187, 0.18974596110654973, 0.5447839829953465, 0.9912025835714756, 0.7179715232186636, 0.9104410850487189, 0.2690510660811475, 0.38808075363810846, 0.7450838970400031, 0.5406888376996368, 0.9552670715102815
0.5826010699698789, 0.1149323786859312, 0.16612551202955983, 0.990261512996669, 0.2720820367322403, 0.5995657794211828, 0.6542306527905623, 0.19681224010966614, 0.1270296070702398, 0.7243509715718188, 0.4120460520753516, 0.4885724286201403, 0.7244875351956831, 0.5730741984938008, 0.3178593693533027, 0.15339732300571274, 0.35725509617476625
0.7081774493811536, 0.16845355898865433, 0.5272496013242169, 0.31590737899442156, 0.9388549314253771, 0.5759580310584003, 0.4768406806889758, 0.20851735708372576, 0.28546251595100025, 0.4036602381635943, 0.3639641594215267, 0.8872050527939388, 0.032577370024285845, 0.8225763946528026, 0.5686654755704937, 0.6032976289647334, 0.19901701097622526
0.6475089342180201, 0.3551734699191663, 0.4672549327368912, 0.4893898693239145, 0.45726890545681353, 0.8330884954712235, 0.8629121981507459, 0.46809063318796074, 0.6714327029370676, 0.12180559161336679, 0.7148066454273996, 0.21206210925280378, 0.7430386719499467, 0.6383938301331561, 0.966452297328905, 0.5977765469672831, 0.39179183804412576
0.8509108864475721, 0.30891687170444415, 0.8529006740190106, 0.21529401426479933, 0.6289489180028679, 0.7340231729967571, 0.730477510358311, 0.7172438323164896, 0.27710803377015913, 0.1882641624853042, 0.6124709813580449, 0.4077891180069574, 0.7668592694186328, 0.2008705066601728, 0.9232455816779321, 0.24999497100567214, 0.5660730659674906
0.4501242962541717, 0.2103288529844931, 0.42121551870744867, 0.8923434793675787, 0.605318135589519, 0.6468380316263836, 0.7854722384496253, 0.7559871980845704, 0.5836016605855868, 0.4152197131708676, 0.06775116882720111, 0.2581477626508457, 0.18089728876986477, 0.26629000428235416, 0.7720117374425257, 0.05898879043565164, 0.19857816451866173
0.7435832134820001, 0.4846207323455184, 0.713613054861957, 0.9647672201814792, 0.9443084268926869, 0.7003157704832258, 0.35425559987865807, 0.4929792624363498, 0.989692430240295, 0.6700388552627266, 0.7975909929870022, 0.3471500014572533, 0.2687015848660417, 0.7875455426649671, 0.33289484967607375, 0.42865675853757856, 0.22544114317235686
0.16214309972673735, 0.3660241767378666, 0.09214823614853596, 0.04272236637525806, 0.09226136171711097, 0.9801091569061724, 0.7141062344158924, 0.09973644829998951, 0.14564911426621607, 0.20625117314748542, 0.8636921209370808, 0.8088496737715662, 0.06571050470441697, 0.5771805303661923, 0.2848285515322786, 0.7257937954427083, 0.48641830396370944
0.09061900093127417, 0.8542922144241711, 0.580788842783507, 0.018087455311175615, 0.37669303020335865, 0.2059793367888343, 0.5665267219083323, 0.1449005235664147, 0.1912626795799276, 0.9864623867379201, 0.6239781207579699, 0.9455595586181601, 0.20436011739404014, 0.9388597058774744, 0.10332190132840413, 0.8650533126488871, 0.60461577866537
0.9831178747945835, 0.8473613938869166, 0.6091614464186468, 0.4423809034482765, 0.3787001542621523, 0.12746190552299308, 0.25173475330991646, 0.5271526627055194, 0.3939751455750128, 0.12637377374357994, 0.6879358263650666, 0.2951625027011975, 0.7197846313629032, 0.3528102189072012, 0.9374756768239328, 0.5191772188648575, 0.7487901809738421
0.21414025151618443, 0.5705567594744644, 0.9374276115955683, 0.6632681019522106, 0.3159358857066926, 0.9034347380405015, 0.3983217543421327, 0.7794298993450178, 0.20336040180015857, 0.8526909424550326, 0.24435461299479966, 0.008541083397804683, 0.39549074029904885, 0.6475254480613887, 0.775605844830396, 0.34898325845818035, 0.07229785408002387
0.5946876411873615, 0.5034113167302753, 0.12647932784887161, 0.5929692095691368, 0.6506155998600065, 0.771386339736906, 0.18068485995191141, 0.33079418299239194, 0.08412318285895948, 0.3880214551537299, 0.6752682045424375, 0.12631565608469386, 0.6992851017768391, 0.08314354741461827, 0.19070353056740863, 0.19944404808034866, 0.10488761929720725
0.651714538992633, 0.15150340938495688, 0.4396481589974115, 0.9172872642897205, 0.628414508974221, 0.9906080085435607, 0.25953447607876, 0.630353615065008, 0.37435373896569946, 0.36255954174823535, 0.4145739337751534, 0.5822974254894123, 0.12847592516283068, 0.7983407910714458, 0.9712958900618645, 0.4788403328125783, 0.9729952512433793
0.3916707891787363, 0.5111964232780211, 0.4139907737507923, 0.029619300975574192, 0.3474531695866888, 0.7284920542999005, 0.21293641731015955, 0.2960776041161809, 0.5270758618155849, 0.6766625430340372, 0.48194565957757696, 0.9443618282319781, 0.6950654396599466, 0.14652396759088238, 0.5527973848249116, 0.14373929754520076, 0.5006582229062334
0.09505898944745317, 0.5902758506510604, 0.2238837872074111, 0.9706711820364435, 0.15843111868432436, 0.9322523519631715, 0.10726676063009633, 0.3056693500675878, 0.0724464504079777, 0.9202754321346441, 0.04234083816911283, 0.5431215136019908, 0.18246111895147743, 0.524304919914603, 0.5171760368800923, 0.9655192455362819, 0.822989253728312
0.8955168417648162, 0.7394664074448027, 0.807378419601806, 0.03903144607402764, 0.5547522938278253, 0.48563303678780523, 0.9432188122989509, 0.6284334714904056, 0.40286050767263526, 0.14115634037681668, 0.5269396264487378, 0.11935268684702571, 0.27214401602651594, 0.0866349685151987, 0.7954772578612002, 0.9741515507026178, 0.7415391924054163
0.7681949563472834, 0.3710777854546715, 0.7961267654433033, 0.8571761850773336, 0.46902035253430363, 0.7311607461438752, 0.4791290120457601, 0.30299277677028114, 0.7863037670472881, 0.10090063448545672, 0.6766010934977083, 0.49725359972329164, 0.3818858188089387, 0.38483476851625664, 0.12198399456449882, 0.7460398906136756, 0.5963043971419383
0.8437408815150604, 0.1637741963717707, 0.9804757633023762, 0.9822015864941828, 0.8972929691342537, 0.9092446459859068, 0.26403614736362135, 0.057440416060051014, 0.7250709420784012, 0.0036626798627079626, 0.7951596591357213, 0.3473054971142264, 0.04296254270806077, 0.35956785214987996, 0.27510073741766494, 0.46994718259306534, 0.5091405142165528
0.14851656774277877, 0.9691108819254923, 0.5043444617373494, 0.9925315185016939, 0.7959535137295513, 0.8373391809714922, 0.8143732220959312, 0.23726739071355185, 0.7082815057142191, 0.8640460991581582, 0.008243560762996038, 0.10954237637136643, 0.8989954751508835, 0.06288416496950378, 0.5856824976837192, 0.7632101147013919, 0.2586028806277989
0.8135836472884613, 0.23422395736027735, 0.008773371440692235, 0.023589378447385734, 0.8036021432070903, 0.28731731632297386, 0.9360982983137349, 0.7056979354091616, 0.30297495894807647, 0.06808811314349339, 0.6458456535219015, 0.702376963774573, 0.8331376472566163, 0.6650561737592886, 0.22669360494245627, 0.4487090395567761, 0.1853113095469533
0.3253659288411107, 0.7076271786643967, 0.5970439943198941, 0.2464326781674674, 0.9062461899099991, 0.756093043025719, 0.22563903870633328, 0.9494390885436198, 0.3494357622038564, 0.7953783093379071, 0.04332473949101867, 0.46151431350116723, 0.09443844658684375, 0.104093187606909, 0.11220057362162517, 0.928745913637099, 0.5468493348339268
0.2981634966570371, 0.5532385134798788, 0.9396357429787254, 0.12297420546609705, 0.040629753216977815, 0.22748975990946885, 0.5342572066393045, 0.5525795044858685, 0.6386253701219575, 0.9546627812480495, 0.8671458221207401, 0.07363103956844186, 0.7334177265880808, 0.9319742263149587, 0.5326294443443392, 0.024928392193392157, 0.15396829467744733
0.7822724948767498, 0.2059728839087318, 0.8972327558313096, 0.9243391588855604, 0.9282012371409235, 0.284422082981705, 0.4595357659963625, 0.156127652894668, 0.28035390319483067, 0.8962585068873183, 0.4190791256099329, 0.34395697473802755, 0.8418848437478615, 0.4248152065691023, 0.24841737491978555, 0.343975513525579, 0.07521336735807582
0.608150204331621, 0.12081822512694007, 0.13291041373139778, 0.3104627697488661, 0.7156514919858492, 0.01211439157494354, 0.9141821763133687, 0.6519839221534204, 0.5876776071735572, 0.3027328358136673, 0.7470652018284685, 0.8295588395442937, 0.5975608713947641, 0.10229112010086683, 0.9444647522219213, 0.461940661222882, 0.44445631951047293
0.00072330042124,13.2580795481,1018.29738896
0.000124968506153,14.6348477404,764.197675079
0.00853693789353,27.7030919395,938.058345452
0.0136603572553,47.6244359986,1001.44005364
0.0966826960422,94.5257863231,1228.62178721
0.0467612089066,213.423803861,1485.17124831
1.05416554564,390.089263816,1501.83695607
2.46634991448,679.804591306,1589.13545772
