$x1,$x2,$x3,$x4,$x5,$x6,$x7,$x8,$x9,$x10,$x11,$x12,>>f1,>>f2,>>f3
0.42644131627804194, 0.07771153888900417, 0.5722708951583296, 0.26426732413014553, 0.27479951013906223, 0.5208092668050074, 0.15182924615305482, 0.43339162212092863, 0.9035352702126949, 0.90137045759159, 0.1122578629114267, 0.18610257090443116
0.8426975682161797, 0.8958199260365246, 0.8018958067446865, 0.5973413577210449, 0.10021679699566255, 0.7503804336742316, 0.6018959044985758, 0.9863010024371421, 0.6523613716541932, 0.2650708548115278, 0.914645366582173, 0.9042421013751735
0.3427818330392731, 0.030184205551422982, 0.9942071052811092, 0.2133604034673251, 0.1909899407412583, 0.3930403558077773, 0.01753647232748856, 0.674918307734076, 0.5925574722347107, 0.8169499793429856, 0.8820429596079576, 0.5519703587251167
0.9604611784312438, 0.8936268407696337, 0.2185973075378268, 0.2697893292153517, 0.28559468419923006, 0.41165335335449404, 0.5531560860594021, 0.020180475792471286, 0.4026895676295812, 0.7113571298143536, 0.6037459527994598, 0.8410608011498102
0.2252264261653999, 0.3960697867292302, 0.3401045203733223, 0.528291328765958, 0.9664481007218152, 0.13859977205156326, 0.7509151721396516, 0.2926483275683178, 0.4387183792785051, 0.2945944195650264, 0.28762192642130213, 0.7165986099188927
0.8321924107386066, 0.32776727465034694, 0.6952615275881822, 0.7747104893500616, 0.09213736748528478, 0.5854174905696263, 0.6099061892494865, 0.8460031131237853, 0.31065038414620194, 0.05032511531600525, 0.28863986394307817, 0.8219474259622653
0.5907293013504997, 0.7559696697151539, 0.40755095431989463, 0.9551574201585002, 0.4946357139071139, 0.39632996073667826, 0.13626914226259756, 0.6930943766083191, 0.4590203319827705, 0.4122821652605285, 0.8993529224366842, 0.391462833767929
0.9845450268686119, 0.31393381712924384, 0.2256036729684897, 0.187800344965376, 0.40202230476144574, 0.6783354384588293, 0.13518991522285173, 0.4440794404739564, 0.7379884473528265, 0.18366678032233907, 0.09858813728418037, 0.0866490861330742
0.6377768405546765, 0.30499053084396666, 0.5947582866879646, 0.7795881673718326, 0.9149603207400395, 0.021162139639219868, 0.9412204152308815, 0.09155964194579547, 0.062179253650122446, 0.5644424010187161, 0.4293309126516359, 0.8336947685949027
0.16758651149920178, 0.33225662764854114, 0.7932508606584256, 0.8484722279644447, 0.6871089950740381, 0.63953526390929, 0.39547277444489404, 0.1455752000041809, 0.40733447185268945, 0.3416832721013445, 0.24344132375053795, 0.40932078729176424
0.26286162146156533, 0.474818368137647, 0.47266343569312197, 0.15178672766531276, 0.7422070906084575, 0.49416018821849916, 0.138542795068765, 0.5906972240369236, 0.5845273448597179, 0.15695046464847062, 0.709080790049407, 0.5963578990108591
0.000873177522535018, 0.053961251413711775, 0.13589706172215377, 0.050945026389854875, 0.16335587085981673, 0.28450209986651964, 0.38909606308851297, 0.4130266828507375, 0.16269549087269708, 0.591230763860716, 0.22326704162122968, 0.10343048268088151
0.07967081264540266, 0.6549810800512971, 0.35840689029858797, 0.38306863050902684, 0.04112197641711279, 0.8170242905957026, 0.404109452845164, 0.4626241117715849, 0.16322723700310948, 0.3578896215448921, 0.7371514572201441, 0.958195890142831
0.3111325791571191, 0.6697903056245401, 0.6817545769792412, 0.7248343729279648, 0.8845078829427778, 0.6078109038999567, 0.20938697382890803, 0.03780994046322683, 0.6364446751615486, 0.8396720342537893, 0.16660957233916207, 0.30314151242205145
0.8402864859351912, 0.7269482598903403, 0.017761557948353546, 0.3716017252771806, 0.30036219567844247, 0.8456163729993132, 0.6509313223883298, 0.40124292806953066, 0.5721435579014058, 0.12705598400208273, 0.8066378773125286, 0.7534661210182136
0.6441581754612462, 0.9103554166399667, 0.3551098809257186, 0.7642945251633833, 0.4236111487204539, 0.10322101614661694, 0.48374301385694574, 0.9271048969975572, 0.1210955641466851, 0.369258172892721, 0.24600265301851476, 0.09484068367434151
0.7456667469466352, 0.5049326851999401, 0.40199992485515645, 0.8153753582327359, 0.5588093001539538, 0.06429665217562308, 0.8657351223450375, 0.36423987711603967, 0.6746021292923088, 0.6808860201410896, 0.23154663419022892, 0.9073434263031175
0.9203897006507611, 0.28277698988534794, 0.64116628920581, 0.8380183096536131, 0.43205738938071403, 0.7213071981942522, 0.79766062277708, 0.7390509819167456, 0.12605812173213826, 0.2037058800311221, 0.6779037994545131, 0.648957242346074
0.37416537289095797, 0.3302990931158337, 0.31849285624016477, 0.24020492424854023, 0.0577549788080548, 0.78681433170661, 0.9107898038721035, 0.2589250703845065, 0.3137591046923883, 0.7050012343119656, 0.26313393339244373, 0.929291205799835
0.2112607585921592, 0.9903197153791448, 0.20941326377345482, 0.7505755697738439, 0.14176745521257195, 0.6860852681452778, 0.9971579901543282, 0.01650631822813975, 0.5014285338079473, 0.9700135968409039, 0.1571733008352515, 0.8023004503224612
0.4789068334621789, 0.14193626679142113, 0.3597828960723738, 0.6391374645646958, 0.19220850357906205, 0.9481005644141484, 0.22197754147294935, 0.5100067247756257, 0.5651436406448498, 0.6328554778703023, 0.7512531765828958, 0.21829259910259735
0.6032587182178627, 0.06618128491105446, 0.1542562432805643, 0.32557588913918223, 0.0769455148603222, 0.75359960177039, 0.09133045745336588, 0.5156219016719256, 0.9167689862755185, 0.8619749481486633, 0.4495907759676383, 0.2738202667627302
0.4816115446869329, 0.5348543843613495, 0.5756183140382448, 0.8407355581114289, 0.33525313510029575, 0.593465831333894, 0.6542254544797024, 0.30710216714900107, 0.7749264588829622, 0.7171961080205619, 0.21783986021772483, 0.3401453023282517
0.031768188275805076, 0.7841213660128383, 0.07070476427784855, 0.5770904638216068, 0.44232964961046617, 0.34769817688902993, 0.4566605749427741, 0.7515465151364323, 0.4254234144295279, 0.12391164899882745, 0.7828431601649443, 0.5901531041142447
0.03540184659708767, 0.5056706956327445, 0.4301664785567094, 0.8980259364569275, 0.1789768130684367, 0.9196344145702317, 0.3369346735195138, 0.1291567575375383, 0.47032223779315796, 0.6315511094214434, 0.47562544708097076, 0.0815088820464176
0.7606416169540747, 0.8333990333867121, 0.4299977002896469, 0.7505579206756189, 0.12069857626409408, 0.10760806239654952, 0.34742162297228363, 0.4700723583886042, 0.17909249419231155, 0.6307089074532549, 0.49627249613189794, 0.6545700288183108
0.5815633988608145, 0.02550710107898113, 0.6816549121238884, 0.5287779104233618, 0.5592335926014979, 0.7763327450041005, 0.5679029276772009, 0.9915152321667786, 0.33281471296891985, 0.5835825273066483, 0.5455949356338291, 0.09259514656921253
0.12197167745786952, 0.7325548479825278, 0.07859023232238882, 0.8175782236089423, 0.2147055138817081, 0.773501127453185, 0.641929268961242, 0.9696657438214603, 0.07086451922736381, 0.5292897891569073, 0.6149103481576806, 0.2000957358224339
0.5909990190006605, 0.6361228856008718, 0.7260326667611178, 0.5217202411818924, 0.707041150412184, 0.3081099747984615, 0.797995814645983, 0.2366143723448254, 0.22274259234386873, 0.489576428474657, 0.17452206264972958, 0.015549115391047308
0.2662337304651621, 0.2142712878889096, 0.9232382731374037, 0.8480910247577349, 0.9434508810081864, 0.5179980550382907, 0.5994736660495851, 0.741664522399102, 0.8092742543238741, 0.45667703384390557, 0.6054362936177747, 0.4604031982017459
0.39723141813114415, 0.22018026268212143, 0.8560421365345927, 0.8973986600654893, 0.859316710830567, 0.5635185788585396, 0.06336656628209625, 0.8348362651942257, 0.24086749912881578, 0.34256815460841894, 0.3736984342864883, 0.7102974328588797
0.6354688287612702, 0.912228502794049, 0.37894245853319886, 0.48825960239800803, 0.5073320208296139, 0.23871749291349442, 0.8513393997991254, 0.9335841403732776, 0.7576199308546617, 0.7275079998134282, 0.23013356297524212, 0.2369985951324204
0.4323184271425442, 0.9657202306871252, 0.2949083978836545, 0.09112315534721593, 0.3443284867847899, 0.7462967466760491, 0.7907930579355519, 0.9077763502007762, 0.7213409774227989, 0.1889338151068125, 0.7473388203513546, 0.7389095405615556
0.8642413220624404, 0.07403333810311641, 0.06672569681478924, 0.19268802462786283, 0.5333910138154185, 0.9820584419582999, 0.8540504376539674, 0.8563653186767203, 0.3171931469024196, 0.922939281067441, 0.14570487153050393, 0.3093101190158536
0.7091130475331425, 0.9686128844221056, 0.24094338029828477, 0.05775694439784662, 0.7424611880829451, 0.25151425191094157, 0.8624111277802604, 0.30471462187659915, 0.4623203705781167, 0.777091782793329, 0.8237114893977076, 0.6516718228619586
0.7977299711320517, 0.5521062658941167, 0.935892860807012, 0.1754208474030695, 0.9651194825378318, 0.35415110719010123, 0.317439178929249, 0.5658324378795957, 0.6399403401204469, 0.29309168423324616, 0.30577676732521974, 0.718822821000312
0.41807393872088583, 0.7688786709114249, 0.6839912602960584, 0.9302347501203411, 0.634405620768203, 0.24770586339907608, 0.7621108929071401, 0.5926789191586815, 0.7611288493605181, 0.40073051164884466, 0.057254907040469316, 0.12363114589465929
0.9067090334633772, 0.7428672889197954, 0.0967241661971896, 0.5730327482679111, 0.07527651133721347, 0.08426912668019892, 0.654847848103198, 0.36203323920507946, 0.6045909490317856, 0.0976847537686174, 0.867780436514522, 0.7871285914194125
0.31890781352632347, 0.06665748082827405, 0.43166654625510803, 0.867268663530908, 0.6124534213019863, 0.7115713182265747, 0.7014901918841553, 0.3371343269699063, 0.2766568515906256, 0.14835506676822752, 0.15229119692680004, 0.43705531641494144
0.30713527170062205, 0.3037715906228735, 0.4731709454254589, 0.07141616830155773, 0.9345798988395358, 0.07056377069061903, 0.15031515734960454, 0.6871303338134299, 0.009052265778191293, 0.5148711885150942, 0.8065537399259196, 0.9383762817153116
0.6844682952793412, 0.04506875172756919, 0.8843430197379765, 0.9376913283108272, 0.0010485240799298357, 0.4991952588624786, 0.11267284430641067, 0.40240385477255536, 0.2479298743418754, 0.7403921291186694, 0.359335716366043, 0.3614748015411553
0.5801119919845396, 0.004822015107027955, 0.7544071399800718, 0.16543129927721312, 0.3989685443453873, 0.049573233134226236, 0.8300160068503032, 0.9238403406143016, 0.8987628071367351, 0.7883690795007545, 0.4769053892325793, 0.30215603866644913
0.7248382417935247, 0.8743503503006534, 0.6252507576991956, 0.04559926160344441, 0.9222845542845817, 0.9100860908468614, 0.7095789157280694, 0.26545745638662466, 0.5645615417019415, 0.411774055384897, 0.7017231661479798, 0.39515120663525705
0.2767044289428331, 0.9675095666300472, 0.6455441148841364, 0.5305825058871085, 0.7937735444918139, 0.700013294450823, 0.8506527214270714, 0.5018555699426756, 0.5071584805814149, 0.9805351997674476, 0.9215625685235197, 0.27067664348881093
0.4699839110701203, 0.13951331722280058, 0.010966667104834293, 0.9395388753452738, 0.4983459274852544, 0.9233652042043682, 0.7968305296677511, 0.5896446491689263, 0.6218930943084704, 0.6590126923001004, 0.46536297880374333, 0.9162497491380514
0.7596960381578933, 0.9154876069499985, 0.3479956490525652, 0.9828930636807648, 0.4243507357110933, 0.9792341247336148, 0.5203388925789995, 0.9205110619350344, 0.3141973805692435, 0.11316993476099357, 0.1615601882968558, 0.45319932547989805
0.4567309467366767, 0.4175330617329389, 0.6971961951575683, 0.7893134572487132, 0.7899652593568385, 0.9962874501464257, 0.17307240654979716, 0.22862307231495926, 0.31398240606182026, 0.8563300519763669, 0.4143541649684894, 0.1604281452195122
0.16975614889727253, 0.23676396513606957, 0.2563357709055838, 0.3959585686206931, 0.8862560650985696, 0.27389529753460906, 0.4344044609299159, 0.771917093360726, 0.8584854118431934, 0.012575620160551138, 0.7893487281594367, 0.5978278333722787
0.7790085975361668, 0.32530604414465214, 0.953471942749403, 0.8249148704568776, 0.6002112949845553, 0.692152918586231, 0.3679080659988926, 0.6136330953495621, 0.5423899836572357, 0.06798836958583276, 0.7826524895587821, 0.8443617150175431
0.8242393841941952, 0.7915237299550382, 0.14207648478449886, 0.669974375525366, 0.4790054387493988, 0.34094230870466913, 0.4881442459564155, 0.8754011730724761, 0.9864690795274933, 0.3381005600827499, 0.29904640412723493, 0.613911260619164
0.7500875048574674, 0.07597326199095122, 0.6659412581922366, 0.44481612535919246, 0.20905269859218856, 0.852719938803876, 0.6886312133956354, 0.052802372233707984, 0.04264631102838212, 0.23877361114247642, 0.4205217520573501, 0.5650012184235709
0.2719629626880936, 0.37275754124071403, 0.8111748670613477, 0.8081399914962066, 0.7902013445076024, 0.5540265836597482, 0.4403641882243281, 0.2002869129350835, 0.23902079235098284, 0.18095656656445547, 0.8049112542459945, 0.7175314728505225
0.6555646753395625, 0.8280919002787316, 0.99628799008712, 0.27620207903495175, 0.2861781247526324, 0.5822462429640708, 0.2481931337894564, 0.36654061242967617, 0.9915614131766708, 0.9306134704123049, 0.4887412335152208, 0.8799267519426925
0.9301569413373448, 0.5091566916689884, 0.969868336763761, 0.6653602582201048, 0.7066289874340136, 0.38900748980005406, 0.2205322524700235, 0.2680889350135741, 0.3631585050008518, 0.7120103102041377, 0.5994027192735527, 0.3586963538769762
0.20864482265574424, 0.6627602118802307, 0.3995209201793375, 0.01369100431097281, 0.05299361090570631, 0.48188315881592814, 0.9494316238330659, 0.06883481028044702, 0.7897420937969792, 0.689104279784029, 0.8173670886405178, 0.2229134722069065
0.46452286632877215, 0.29641524183516377, 0.5041561991310317, 0.646508513488412, 0.7245959886172288, 0.97029210973635, 0.03379482432129832, 0.40754435221169705, 0.2292931474665818, 0.8358456849778637, 0.7591758472243334, 0.20197671852534282
0.29296638256281704, 0.9894503535212272, 0.6706401738435525, 0.908370891295922, 0.7657089926495316, 0.6264792855618606, 0.6312218136066615, 0.9410380429418681, 0.8537031910586991, 0.11586098250586252, 0.6853687072775734, 0.008451360217951454
0.7576162986297732, 0.9797703819295751, 0.8403287189797571, 0.7512347363152282, 0.31263878536607614, 0.28674329264996135, 0.1895449292702175, 0.7290571109312695, 0.8586103567824221, 0.3483241463599427, 0.00824544745099376, 0.7734071112625931
0.1568751645179527, 0.8409396939946417, 0.3163385649819591, 0.025445315314949646, 0.5603787074348093, 0.6166623448483138, 0.7535080920929154, 0.04049250998610121, 0.7519226768598531, 0.40620050881197267, 0.5263948106577285, 0.17335452341720348
0.43425067758628655, 0.15775963510272673, 0.970786085222144, 0.8491781772124076, 0.4590649677425531, 0.8909375265735553, 0.8667350708157103, 0.7920306346169795, 0.4575402496813846, 0.38190002162543024, 0.1684949785893899, 0.8959079722901896
0.6355522059382145, 0.19506778390449342, 0.9973276352183754, 0.335871514969715, 0.23706644180461878, 0.48824173983084096, 0.5263529421052929, 0.35988781831543604, 0.7647828462667781, 0.32654290416557763, 0.2927590425689337, 0.5970401095536484
0.7426606273235177, 0.05100712102504923, 0.47423927304620883, 0.5092752817639647, 0.37631453422447436, 0.31671013812997706, 0.13135975430116364, 0.7610715438641626, 0.01703539645712826, 0.20149343119965346, 0.8397120469173683, 0.38552031410405585
0.30393460933148386, 0.20305669103833202, 0.8981785299618744, 0.05519509306782899, 0.24658129734082768, 0.8994382001655199, 0.9040861954640917, 0.08977359638227578, 0.649446525013733, 0.7524622758627753, 0.6629841827505619, 0.6653999933954824
0.04998610711746909, 0.5062687349678195, 0.9329369666630382, 0.17687166844452828, 0.4450965069239772, 0.44039995648853014, 0.7579192822838083, 0.6913825858638224, 0.5419719764076395, 0.32213613425509413, 0.6632282083883194, 0.2508137570019512
0.4599290689480744, 0.8021951104925505, 0.07354173999040614, 0.8443700017733008, 0.6832804655833947, 0.9729088648225002, 0.6249159727579032, 0.4311924492737872, 0.9189026125876999, 0.2492660544192944, 0.8741986054477253, 0.4374204958793906
0.9400412300058347, 0.6635624888879591, 0.6613362635682755, 0.5621138977105151, 0.20652789633115964, 0.38341013149563874, 0.49613092394200575, 0.06423186237988887, 0.67702949829786, 0.8565868171572456, 0.3785698675641129, 0.24013812935797563
0.355606435729542, 0.93325842135448, 0.9568894444201896, 0.13870143423017156, 0.053911002967561794, 0.7458117317191217, 0.7018496997223356, 0.5267711909567846, 0.42707995889853934, 0.4029932584789302, 0.9510720698949933, 0.4967121623506804
0.5312379378106125, 0.9032436598801927, 0.18582335061851063, 0.9391407463363239, 0.551919500029826, 0.7124042967931206, 0.7743561623232121, 0.7092018462715272, 0.5016698575569589, 0.4037940813836859, 0.23209636365771436, 0.6492996938172612
0.5547870121568345, 0.9833449228720276, 0.2728693258390854, 0.981657824717165, 0.12194574418806625, 0.4531656272002651, 0.3958298423207083, 0.6554757981355013, 0.10842395217677314, 0.9439867318910504, 0.16153074740451634, 0.7655381064919994
0.266963361491395, 0.8869918646701879, 0.9486059696284626, 0.368791940327596, 0.7195047114721604, 0.7407028138146181, 0.717483667488372, 0.66941267960337, 0.984717063319829, 0.9960625690884447, 0.2345210329783135, 0.7616760008857157
0.2333989308687493, 0.9313549061172838, 0.34596149393015985, 0.5634374515567868, 0.10722624486146015, 0.9189071107159581, 0.9390083010400023, 0.08907338618620309, 0.3333170197149071, 0.502320397680726, 0.5422773726778544, 0.8786171918419927
0.8730265427957811, 0.8420217004763316, 0.28022887074938596, 0.8469529696605558, 0.4790452602863007, 0.9453860841494932, 0.7317591604385228, 0.5792123919773196, 0.5358317536195897, 0.3698044657357864, 0.7607783082522024, 0.1685275357733529
0.04341516988516125, 0.2758041195204409, 0.4057161236437117, 0.5332202641943263, 0.41333197526286825, 0.8278824998032001, 0.7342897866351746, 0.7468491813880757, 0.9233848697885286, 0.6825560479219527, 0.6588623956333434, 0.5590559719928563
0.9402837471289501, 0.6536284724426135, 0.4207834483004085, 0.7326848577552022, 0.7865660914746786, 0.915858696042544, 0.1976447523987095, 0.10398702556779316, 0.14174681929571853, 0.4929860998012384, 0.957140439485449, 0.4215215978050334
0.535330985732499, 0.3565697753289171, 0.8165259070344851, 0.9719289977402681, 0.4865170751177218, 0.33448045514548874, 0.9792887261252352, 0.4919677534190968, 0.05122780533863769, 0.794793506572729, 0.5119772504862273, 0.2317576080065319
0.630291861864268, 0.625938395279459, 0.09677613600251356, 0.6870560198067971, 0.30113918498455017, 0.5600122435922354, 0.40649624106627136, 0.6909894046496478, 0.926368976690546, 0.38587532647323974, 0.2809158841357745, 0.9995189451532737
0.10526226370170244, 0.1863390500820593, 0.023091158968641445, 0.8649465317324924, 0.36266017783628157, 0.05300907531532262, 0.8616278410861797, 0.43550152558583555, 0.30856427469498693, 0.7739425262682473, 0.35275773515891984, 0.4447321465916513
0.32927407471846915, 0.5651307917416933, 0.6388639703076455, 0.8228568393734772, 0.25067334748984427, 0.25205156860270594, 0.9771789558689815, 0.540848223646884, 0.3838780676914617, 0.6488377690196396, 0.8244473562164996, 0.6846601689207849
0.828920508133676, 0.8040484823192489, 0.9418349252934773, 0.9679732860461809, 0.44525775354484953, 0.29654527358496185, 0.856845134355806, 0.17964992011855074, 0.6960397118889843, 0.5601743775089877, 0.024327087195535446, 0.7330199195934675
0.6232296814963368, 0.11159484940710751, 0.5942822696243425, 0.8117328692565318, 0.5221071738055568, 0.20911317509604976, 0.27345693815245886, 0.24744627281817133, 0.37081413207783054, 0.7264826464126863, 0.792668335547402, 0.25000464319408244
0.4459075112936566, 0.018264344833907487, 0.6957515713732412, 0.2990735272534053, 0.5184953965343564, 0.7060959226289435, 0.00742122771295739, 0.551600642133959, 0.08803773130488335, 0.511825681194746, 0.8899018102089021, 0.4574332799582429
0.7278660813110148, 0.4052459727372639, 0.744306875711563, 0.6759745131839133, 0.6083210727189239, 0.51891185349639, 0.6059451773522746, 0.9320502270604171, 0.5671410353793117, 0.8513287469268057, 0.43017921213029353, 0.4140447099369631
0.91208246146331, 0.7798476550611617, 0.07328488225691343, 0.558207476534887, 0.9992079945241293, 0.024962469024862988, 0.448604120084263, 0.6090465472649806, 0.9821740944947949, 0.9243621755871186, 0.03210837502210406, 0.8503806719730461
0.516586805082916, 0.6249895831218565, 0.18963455179383937, 0.6699998429856437, 0.9714265590231592, 0.7657158139581123, 0.2677558237562073, 0.5688878003748438, 0.5995090984928569, 0.2515772930364494, 0.48788313951261775, 0.6423919472648267
0.781035006169296, 0.5170115681351334, 0.0026955469898669593, 0.02518323862319627, 0.07703232457440234, 0.7162863275900605, 0.5172095327484388, 0.9632641559263461, 0.7230777933559198, 0.2462351294500832, 0.20640560261609153, 0.6230850755798975
0.4904302711064856, 0.07070867703719819, 0.21671135983170375, 0.252720180993136, 0.8219537617753319, 0.7963323703321932, 0.9289104686686213, 0.7859130765877099, 0.5746628409624005, 0.9245837994113467, 0.907722617987722, 0.10039643558828515
0.10285983777302643, 0.6686929586897349, 0.6234182173740727, 0.5428198026843545, 0.4897431898321608, 0.9372140099204442, 0.8518137740505536, 0.4101743551638508, 0.1176872575807999, 0.5439829325429637, 0.20380453161855439, 0.5450832165362001
0.2836491939771676, 0.4484710015723191, 0.2875519798005106, 0.36379001299566915, 0.3213665496043505, 0.933803884478525, 0.9645619770391958, 0.04149082888869049, 0.4428852865046018, 0.15347342623025173, 0.4930623249370766, 0.6658349680356951
0.0012681670242400411, 0.34187260506804684, 0.765380232875118, 0.8073680498162727, 0.755634901830687, 0.03207107396440034, 0.06251418253052154, 0.6911080104921112, 0.2832997121388654, 0.9377822325949697, 0.09323265923413238, 0.801230586174176
0.6319616629345666, 0.073749972626736, 0.4577751510448519, 0.23038743453643684, 0.05065089556797964, 0.8034631695421592, 0.7235928178758695, 0.16602802826499796, 0.7187409488206342, 0.6620270346435756, 0.6372109415507378, 0.25547752643679433
0.6161868665895529, 0.17464042920105016, 0.9364508172174276, 0.05782326117221126, 0.8062662851718626, 0.11096618503846312, 0.7273574444157086, 0.9292474490222118, 0.23169618144268067, 0.7743445238173747, 0.184534160846213, 0.7225481795689656
0.9389541969836818, 0.22306042489900468, 0.9686638658190944, 0.25045770308570225, 0.7679673177299796, 0.6530783062599768, 0.1237162909792291, 0.09325561566316953, 0.2672957484584192, 0.5779596384895612, 0.7975514830900671, 0.49931133732349053
0.6735459865072969, 0.4301939656097332, 0.2044599188409687, 0.003421409854392654, 0.988367363719944, 0.2015772466794582, 0.7925825354219694, 0.3014765386718501, 0.6341200304787954, 0.015343269880122579, 0.0017198406282280532, 0.21761451773454188
0.7321055330689955, 0.15998185628573935, 0.6778101136586869, 0.6328882509715115, 0.5762983019971472, 0.10040267735534769, 0.7703684531005234, 0.052460586950304644, 0.5483245137309601, 0.5186156531112595, 0.8991257846162033, 0.44933405117061254
0.9025944469896942, 0.36704665029403627, 0.47571242949639436, 0.12829330514370185, 0.15607569550899714, 0.35015114818292825, 0.6353869033206914, 0.692273903596941, 0.9311915045007636, 0.025777078307598456, 0.7874119897930465, 0.8084038585567707
0.15118857311491618, 0.9990300134487247, 0.3120196820366933, 0.9552042550886475, 0.21022917676692188, 0.30154054972012023, 0.6270065804352033, 0.6063944395766361, 0.26446859825094915, 0.6248935031742938, 0.5588092661000429, 0.07112475494857717
0.32753478801295555, 0.7765231711638712, 0.5993435283665668, 0.683612235067282, 0.9751079757822114, 0.4854828930633587, 0.6314641197586809, 0.28510814900337755, 0.9965118286648724, 0.36637927413873006, 0.43750512446176804, 0.31973298694927965
0.6467869140148759, 0.867890924923903, 0.1765072432166359, 0.8432971712341578, 0.8031897212231849, 0.6280192840703281, 0.44908410426951006, 0.245545932677677, 0.6622732486777658, 0.7632521093306305, 0.5409826029661746, 0.5520117203580168
0.05394673205817535, 0.5132207885703647, 0.16372851441500413, 0.14310821719917333, 0.1268098137777589, 0.7547322897550066, 0.8939146100936878, 0.2951569095298022, 0.479296850425057, 0.9304317866797407, 0.506203201021943, 0.8628584806608509
0.4903083289262079, 0.11103427673154997, 0.7695253075751507, 0.5880380837495445, 0.5483316306656117, 0.06382091478165808, 0.22263004601784342, 0.9586028796686682, 0.19145200134415297, 0.6710809441960691, 0.8716690739000854, 0.2371150921037517
0.321565985814,1.82232725712,2.43717567345
2.14644536492e-238,1.43623978555e-28,1.61432666697
0.0,1.1021651055e-32,1.7164516124
