$x1,$x2,$x3,$x4,$x5,$x6,$x7,$x8,$x9,$x10,$x11,$x12,$x13,$x14,$x15,$x16,$x17,$x18,$x19,$x20,>>f1,>>f2,>>f3,>>f4,>>f5,>>f6,>>f7,>>f8
0.4670710825332811, 0.19737515878320755, 0.8630157678266154, 0.23593090019668173, 0.6245961894886105, 0.3921590608885859, 0.16008965957891386, 0.7641651189509322, 0.5873304444277276, 0.4550663652104089, 0.3914509639696683, 0.1499412794532583, 0.6403165534766592, 0.012470363662331452, 0.19197523903431135, 0.2124663860610898, 0.3179165035126176, 0.5393019431659819, 0.24265102375906789, 0.7557125481875886
0.47111856898680426, 0.9617514071462475, 0.09180023848706276, 0.13944785446489372, 0.3762089338456627, 0.8941245429041982, 0.3988515735104232, 0.6450481894379677, 0.6749658351392772, 0.28466502956092277, 0.7555674913206487, 0.6682592445983584, 0.31732849118561635, 0.5772332126731661, 0.50263096604399, 0.17530663409398817, 0.656897664177609, 0.737938178541961, 0.19187909260679437, 0.8453349095110988
0.16931988344238103, 0.8031797738921135, 0.043145779643160465, 0.1127328225169204, 0.7124088565052757, 0.19031188972217083, 0.7088981312261299, 0.9031386741925214, 0.8731200558737883, 0.10923199832973063, 0.04195051851079035, 0.9397276302306803, 0.32856523538873394, 0.3875353213476356, 0.8041588961430293, 0.04551291574461247, 0.7652298804567931, 0.14102082637077473, 0.9909458519289319, 0.9253972882129606
0.6940750583326786, 0.6915794293393649, 0.4441220940679734, 0.3967855886274353, 0.5174767541425473, 0.16402965439472583, 0.5226028373669234, 0.492753018587867, 0.09819182737320398, 0.10198997669604459, 0.8764332844972165, 0.9450889598076486, 0.7959322508474415, 0.5215746494792964, 0.0821862531119597, 0.34355152612742745, 0.3135852695995882, 0.010335085161773616, 0.8896399322142584, 0.12256792792568627
0.6724514571011564, 0.8815387243367515, 0.6317853137652515, 0.7586894287828108, 0.3498116953112177, 0.15660843930065582, 0.990986564783089, 0.12398976826089136, 0.8162223463533259, 0.5098298435984854, 0.8158970340747324, 0.5568031499688232, 0.7919574447320956, 0.7369832399206948, 0.8062687412632186, 0.11372443118439912, 0.5184162384880457, 0.7655874107022561, 0.17943748935800863, 0.3732400704220029
0.8172738691919377, 0.44179646694341734, 0.5296844912316048, 0.467386474778013, 0.646563386180797, 0.33230162359865045, 0.7107957895161975, 0.883235706237119, 0.584882559207126, 0.20941527405155003, 0.18983098245374463, 0.12774310914117815, 0.5558595112151066, 0.5551346498235745, 0.19348708579641216, 0.11226803638318894, 0.2629543529304399, 0.9404001963598163, 0.7278604975231927, 0.07523577045761587
0.5133912346413178, 0.6287440860422812, 0.8558513260028647, 0.47037607247403324, 0.9046631856475567, 0.18300602689636647, 0.9006139960597962, 0.050319318517973, 0.5126743271534051, 0.4785240552622745, 0.6905769555608531, 0.768127860782184, 0.823021157830626, 0.8048926515413685, 0.9526139671974992, 0.3389830470626518, 0.2477674519204851, 0.02748921824715489, 0.9623695309210123, 0.6029011314302655
0.8573008813325914, 0.8190216325346343, 0.07610090047039697, 0.8961038468954746, 0.206339677590611, 0.6721204464350791, 0.5247158506626682, 0.25172392420038314, 0.5109118491310338, 0.13884925966844897, 0.5166688793659919, 0.594076512525154, 0.9582090816234282, 0.27573242561579425, 0.7727361739660964, 0.11033085718388025, 0.4890682735004741, 0.20078465540771162, 0.1425868394750558, 0.5230489249639035
0.4463948573938332, 0.27256448841542924, 0.5845601693921054, 0.28329157821887496, 0.17387113791854636, 0.11455278474302266, 0.5174353547854234, 0.9491956119543068, 0.9598938744567932, 0.6172779996115279, 0.4805912958871089, 0.7744239085602709, 0.2319645266104836, 0.46038398463283836, 0.6990515235077859, 0.48062150355837596, 0.23017941225591176, 0.68392923564075, 0.5260876285732963, 0.9884899966911459
0.7366060774630865, 0.12290468444423464, 0.19386957543595595, 0.6891402383422512, 0.05335316445193272, 0.8103211899804648, 0.20056658887590617, 0.8670912898712607, 0.15080584478826964, 0.3211321164884098, 0.6825324619057, 0.0016715447137727324, 0.4106916337858798, 0.5011992588024744, 0.9609254871728707, 0.8961026302436079, 0.3987877791943858, 0.736343802478519, 0.7984153108178462, 0.5138700972162723
0.6056462025814535, 0.42295133443921007, 0.5839814605116405, 0.2065718333153106, 0.06730903100081032, 0.3852387604906309, 0.7959247058764, 0.06743993149605298, 0.9959073610062872, 0.7823092739913363, 0.7350361260016065, 0.37105842824647284, 0.4714061647072759, 0.5003916679604371, 0.9793080067501814, 0.11681265600175339, 0.8434897514034244, 0.27588753667742005, 0.9351660653206315, 0.9772951410107897
0.9957122319902947, 0.5062262985544644, 0.5308371519478512, 0.04252078123314096, 0.5989115421593474, 0.1878098182256024, 0.5879765702435069, 0.4187782468316855, 0.09858752566982831, 0.9105556563678601, 0.20563101760497016, 0.4222815926910686, 0.24689669697725192, 0.8126168861492298, 0.02047787368541576, 0.6857365768170802, 0.9998565173796692, 0.042811491240322574, 0.028418601551372435, 0.6214290669522525
0.6231294075038638, 0.766843424204649, 0.24773796876739962, 0.7730567155829132, 0.839877900352146, 0.9547813181249392, 0.6651620251005611, 0.10188458929483135, 0.9583480449725962, 0.6724839837424693, 0.03933790829611472, 0.041833376391265054, 0.8800009238846682, 0.6447870849640759, 0.20133364598639725, 0.7781815664041712, 0.17578843022667168, 0.5997064309161614, 0.8312835152713175, 0.878505613396436
0.7771895637392621, 0.7117737521672297, 0.12571634938790033, 0.47597599889996134, 0.529545804856226, 0.7496641021737668, 0.45032319030200885, 0.7592788627947958, 0.8603239364372688, 0.3989769159376626, 0.2731804687910737, 0.7338235879915974, 0.3743995156429877, 0.1289224738171484, 0.19814257390280532, 0.10615152490571156, 0.5664123895840745, 0.4409049917353596, 0.6286685735808348, 0.7052638799223829
0.38532251532517126, 0.846637025940658, 0.04272133017055546, 0.014354633916381254, 0.5173896560683265, 0.9422649608037672, 0.5481512297113723, 0.35359332536333943, 0.4416467764254307, 0.5846438354444063, 0.07320193944411058, 0.022571162724544958, 0.5095944490418877, 0.531317396177172, 0.06740279370553814, 0.9559043250118398, 0.7395508104366333, 0.673011424347134, 0.6561372859682177, 0.7683557650906694
0.13472043063526995, 0.6397479364227009, 0.3264949156121174, 0.5047107269503645, 0.8515813719368568, 0.3606853990618395, 0.3266472170320649, 0.9749728070115156, 0.649286431021328, 0.31840856700427633, 0.6164241436050976, 0.020139134306220607, 0.3183490593303401, 0.3052815798206667, 0.7211490280429387, 0.1972519558851501, 0.020586020273940075, 0.5417956336762201, 0.22643008948198462, 0.6419002490727294
0.61697240345606, 0.8237104821592137, 0.11023525996674932, 0.05342725565683315, 0.48177834344704473, 0.718955663909649, 0.6354361492559244, 0.6729635554313516, 0.3956600341456551, 0.8356593005640566, 0.48910013039818034, 0.9541133054664239, 0.2240475047743401, 0.8644717461968867, 0.3245115764940937, 0.8579716960437384, 0.06251487872847339, 0.49146269423872857, 0.9986858198623283, 0.016182400524711538
0.1083318451508174, 0.8938655303936637, 0.4499639261662096, 0.275356869258071, 0.05938256777761952, 0.21147244517914188, 0.8795804455964964, 0.40370141545659044, 0.512384989861991, 0.9908461259381154, 0.4447812932913253, 0.5650260591712422, 0.33754649947355675, 0.5904222781851339, 0.3325515642953436, 0.3222797194089183, 0.7343863508681802, 0.9720564666409849, 0.866595807710713, 8.41477205374419e-05
0.5959138737182024, 0.833858217356222, 0.5347127349326031, 0.5075981101424124, 0.8422752424847675, 0.8820153956254272, 0.12072769769650016, 0.6222408213070116, 0.14203706051131626, 0.3151354486186042, 0.8347560242184827, 0.537846196115399, 0.9490542319454413, 0.8236360542101789, 0.009142267982128027, 0.6633867945500591, 0.018949940602222992, 0.516651613208949, 0.14053205171382754, 0.5954996170188149
0.8014582629602333, 0.16978690195091506, 0.783951922063954, 0.8554013109312225, 0.41108992456675963, 0.2967770780360137, 0.7434223872166932, 0.7262786082929495, 0.3286551694735961, 0.1626783423837046, 0.8221655228118168, 0.6778866097246597, 0.863236192302366, 0.582440851771132, 0.2717854701638175, 0.6677881345163292, 0.4502016549692648, 0.8074263631012956, 0.7769616025447392, 0.6371921875295794
0.025659137387453623, 0.7349892718919273, 0.15011742567842679, 0.03536732870154757, 0.9409177809186968, 0.10114248758936806, 0.19105111448445855, 0.18699371067438786, 0.327507292656225, 0.26667374655493903, 0.8085135267704141, 0.08200044831833198, 0.25550675706929826, 0.8888398357670858, 0.3613532452417295, 0.9022583152023299, 0.7127270404833143, 0.5844105093446785, 0.3092972299947562, 0.17998792205284309
0.14509449277431252, 0.9862581696966871, 0.14633585420524164, 0.8818239218086019, 0.08934450082285705, 0.3635198454808968, 0.010740736434613707, 0.45827614555331164, 0.08440432996468294, 0.7877515148771349, 0.5030675651547163, 0.39429459765720565, 0.01845556934635495, 0.7597904555574851, 0.8059328654756176, 0.29489356404238265, 0.5164974896117474, 0.47629043118394565, 0.2663555798385412, 0.8998650382865382
0.7636759043826539, 0.6644247733539647, 0.9796068405471455, 0.33122886355056336, 0.2800132189688961, 0.841432461871066, 0.27395016016433227, 0.5488391914820238, 0.6160302102023831, 0.7899433802052855, 0.8281754022788813, 0.5654011840925728, 0.4072579531648647, 0.01387020823978835, 0.8368170996723087, 0.3071897289961194, 0.02304620872880514, 0.7913001353626304, 0.9402382209964681, 0.4462169979140871
0.4794884147124924, 0.20103159399508397, 0.3849799492699987, 0.48231770556858977, 0.11131950036635507, 0.7460572286626512, 0.22222340555811548, 0.5530144105886603, 0.4934306924569508, 0.6879577894866689, 0.6668163394971985, 0.47918770561491986, 0.3414162442448051, 0.30753071787698594, 0.40207196665041245, 0.11852770952490188, 0.9571236239771769, 0.4522891843076219, 0.020466978108545475, 0.99813782893651
0.20943029219854958, 0.7888065185484423, 0.6575102474693145, 0.7870285391125297, 0.9582005947899317, 0.9380900326129253, 0.7008807784236503, 0.9440734007581537, 0.09345560899657912, 0.893410892785129, 0.7718650655044823, 0.43410606911916094, 0.9099306186472461, 0.6467058550713743, 0.7688862056944001, 0.7561434855725232, 0.23502390942599816, 0.08329675877793519, 0.5181156240607058, 0.8869213673426717
0.025330689462708667, 0.9128546551062501, 0.047001819972960934, 0.5576525213609661, 0.6652835146459526, 0.252574511353598, 0.4712297535166413, 0.03719908780427805, 0.9157618506486082, 0.07812854303820815, 0.049129670234316136, 0.7317951281987988, 0.49927148860040493, 0.04364893252390578, 0.5525105965980458, 0.08859865679296985, 0.03795230631888358, 0.33537348010807067, 0.3832488679225535, 0.5523220251405825
0.1664824374031375, 0.4127633034774093, 0.5696228766968846, 0.351153960988977, 0.1954948234490147, 0.2677610812900765, 0.9164935392729242, 0.6002424803330947, 0.4013966316642238, 0.8580227791967506, 0.8922128342621383, 0.13926139544034266, 0.47938186623400736, 0.42561537341585665, 0.8036627732165164, 0.19882545899852988, 0.7237495623998849, 0.3349922175904687, 0.15670978906522948, 0.5730097534752365
0.68996074301647, 0.5635453135452804, 0.570407520959674, 0.4145490618713583, 0.268845591199558, 0.9115446797257455, 0.9608372016617645, 0.3424081339939732, 0.3983801170963406, 0.4698068634745809, 0.7889573213545784, 0.22183193408036284, 0.9193564976344827, 0.22275359960299312, 0.18286764866594563, 0.05475370928090628, 0.6017490319289428, 0.38505443953394924, 0.6935838446577316, 0.3363496165334111
0.8215576078039641, 0.8546291876243758, 0.015366318993765171, 0.4323877799819402, 0.6927247883022586, 0.5748208364606634, 0.8450047936804371, 0.21165959180270766, 0.7642996060935903, 0.12699595033917044, 0.18556180865090588, 0.42521967752697065, 0.7683834208456862, 0.6942300443058071, 0.864952196665262, 0.11655030619152207, 0.07867502570733986, 0.8471000373651765, 0.6256671602498982, 0.3007929276966539
0.9330713666013242, 0.5835753709489072, 0.4573124005213336, 0.6679327053906039, 0.6444856457156135, 0.2853458717625702, 0.29688789466152443, 0.13378861868712866, 0.09652691497460264, 0.8684136425359653, 0.3018887060472428, 0.02103341280154547, 0.8356143954831118, 0.7402682249251177, 0.4018485991911911, 0.5293775545457899, 0.5604947173649524, 0.09389646507696203, 0.5883642455340495, 0.18280878287627245
0.4113545150211595, 0.395905286328028, 0.3598915154103599, 0.5133841030037104, 0.9032517025711263, 0.9343310113267564, 0.07160160941743288, 0.0796120341364075, 0.11403766495516454, 0.08760249488608607, 0.4716679330408464, 0.33926796968616046, 0.17202197309035583, 0.10578804064813141, 0.46368515667490184, 0.6257494158438491, 0.44442733316591354, 0.9354504871688175, 0.8818039670733518, 0.1056221354823722
0.5488635844615198, 0.8276624369455411, 0.601948915247278, 0.9441863058609138, 0.5140594498163233, 0.43735461698447753, 0.13496137203786962, 0.12529711987887382, 0.9880480075897945, 0.7949306857758158, 0.9592811307109084, 0.1296505923034431, 0.4474136628688664, 0.566765969764537, 0.5770724511551296, 0.8181080883203431, 0.5335700651625831, 0.7620344130247481, 0.19927461928672685, 0.4414302857906842
0.2879805210932468, 0.8739363620437953, 0.6680707628239678, 0.5269524304778791, 0.029858618030827677, 0.598826295856215, 0.7665786288447163, 0.27373406799504385, 0.8935498508048018, 0.9640387552541969, 0.7270068209061875, 0.27900600000236087, 0.08970317682101081, 0.7556172666614458, 0.8041870000464203, 0.3091289319013002, 0.1975907989187986, 0.9419978494346065, 0.8878502131938686, 0.9314754372120287
0.16903666686655416, 0.490746973391775, 0.7657622547971369, 0.9848448389169718, 0.7276009386205639, 0.8562847451936345, 0.5101980256513423, 0.6898743055716907, 0.8431076540444433, 0.35058114923235706, 0.857959785654043, 0.79147311380883, 0.8932450369837596, 0.8257664959404276, 0.5309148537946022, 0.4463152812797351, 0.5411645117070412, 0.4853462152372239, 0.3954236868824287, 0.6246061079518896
0.11776798585438786, 0.7967577543918443, 0.40908125930563854, 0.23789438856326794, 0.3383235346637473, 0.9158942732409556, 0.6088081054072549, 0.453636602750933, 0.2498508076492384, 0.5241495744255373, 0.9829411484279944, 0.9326031862060584, 0.9144639471413674, 0.9640295611873768, 0.9073727550540726, 0.7996719670068063, 0.46228865437660405, 0.41052383900254286, 0.3467161189075424, 0.5360326221276858
0.3135234648031, 0.29600895965354024, 0.43256332133408126, 0.4604354117024507, 0.8362462705905415, 0.34937536075415554, 0.625288723732562, 0.6721094267515451, 0.38694779352788433, 0.17485286894026664, 0.24749302128670314, 0.5097816640310066, 0.8499755818038021, 0.5005053305287643, 0.6136512006462957, 0.5167296361035187, 0.5444217556000157, 0.8787357668003766, 0.539171770022359, 0.18536642655139424
0.8833350217728431, 0.3339870171703613, 0.9839475533859633, 0.8787287875566703, 0.19785731434323206, 0.6476543508506732, 0.9800633522736923, 0.3429393627178895, 0.4803099689835606, 0.8921945624509229, 0.1756491847520466, 0.09295802600493885, 0.12534679510188462, 0.7421545781886507, 0.23328964855760603, 0.7350876208720303, 0.29236560977706616, 0.4746256490161691, 0.3719850529909582, 0.11949045054777852
0.438965095863059, 0.5373475050909409, 0.8340330225203537, 0.23136950887934127, 0.07082785687328441, 0.44726306210298217, 0.4052844053108925, 0.7704373669219335, 0.7195236277776627, 0.8394649136011829, 0.8662815586842512, 0.0850762845385673, 0.6386601680183924, 0.26548391915269764, 0.02779775011068808, 0.4789511962522546, 0.7871622123634457, 0.394834038107195, 0.6408604583880586, 0.0834451310300357
0.29767282607605705, 0.15567536853133157, 0.9358507936846406, 0.7123524549693987, 0.34804310711275144, 0.6083298685385672, 0.9301198719881962, 0.15641577161896092, 0.7063410852693777, 0.8542561518230802, 0.44829623641822713, 0.5616413705124668, 0.42201170611352434, 0.10115470515479008, 0.06602624035121729, 0.7856302219487964, 0.6511375035838612, 0.95902325038665, 0.45848996243704965, 0.45112882503881213
0.5945233640672531, 0.07320548228340684, 0.2561222443889799, 0.005889261918552546, 0.7305787346915382, 0.7312892915938191, 0.9012230183487833, 0.2963412523753166, 0.3178344510557065, 0.8539781204209416, 0.40177394767949537, 0.53347029344795, 0.4040249235076572, 0.9651859124473882, 0.46211226880637246, 0.12634293104071836, 0.11781991928280744, 0.31885841237508417, 0.28525795835832213, 0.9033363785004157
0.4040351724300064, 0.9017849918212982, 0.2398089926469309, 0.696196306044198, 0.15239455838017324, 0.8687317277932012, 0.10485531189160291, 0.7436215173661032, 0.157514446830069, 0.3252021345164263, 0.11992918919647833, 0.009008807757272752, 0.8102210339756483, 0.60632654418884, 0.9047652476055347, 0.13815225222024718, 0.027028782510904348, 0.8690520579464055, 0.35803999511827034, 0.7065337507388497
0.7599087999136046, 0.02383294474416875, 0.7119970691502815, 0.882449065951089, 0.5334672083975087, 0.6569631208996802, 0.8799483386138229, 0.43522725928317507, 0.11813111208617322, 0.8442964204401789, 0.9984027951684649, 0.7799023933831528, 0.9482621262532221, 0.5407956143663176, 0.3733409172439497, 0.5290712978034913, 0.2924445080530298, 0.8054188579778478, 0.5358763465979463, 0.05720222151039511
0.2493290688779397, 0.03800351433400362, 0.6585703078397482, 0.939939598032959, 0.2666676678199281, 0.3382555857564554, 0.2792839173084408, 0.8545615381552789, 0.9958226609936885, 0.5176526375700206, 0.04568669427755345, 0.2796295347040756, 0.882603325933563, 0.33686111439057476, 0.3203829353006955, 0.4123067440109497, 0.8821512686432683, 0.3521501843879865, 0.18057372422765183, 0.7863216991805007
0.423511727487779, 0.1960554987020493, 0.003975435811762185, 0.7046627185868675, 0.23997093328339048, 0.4264687520549759, 0.029401255980635366, 0.07535683696615736, 0.4176304299736271, 0.2856387952143229, 0.3429481553315581, 0.6418555968386914, 0.7206269828946893, 0.6042136830335425, 0.7187035484098607, 0.595089456697756, 0.7369092470323393, 0.23293838168524594, 0.5117416255785103, 0.19990638747693756
0.4233451161624693, 0.43060661545086154, 0.9925578227073699, 0.8803528734801437, 0.7040172516816997, 0.22815644698594761, 0.623188593698582, 0.5073094536430987, 0.03996510758926819, 0.1592332956428978, 0.40579131106993394, 0.5334213897879612, 0.6006992383432835, 0.13376862699863068, 0.16533020014409827, 0.33444437410970673, 0.5563861699937943, 0.9959718965368425, 0.14617806528449662, 0.6834942842231453
0.08197133080977304, 0.2944588458777475, 0.6268012898042064, 0.9978655897289056, 0.02940694448336645, 0.08536337231608215, 0.2723995549418111, 0.5401917457875124, 0.8496295882192136, 0.3996081607717272, 0.8357592287749549, 0.07934457753167656, 0.40802755196232776, 0.42212586519555917, 0.6790909706027499, 0.9473494989071312, 0.44743402113909714, 0.6385499255481832, 0.9991037383405291, 0.013480332920550175
0.6449506574259081, 0.9779433218910086, 0.7400582857738977, 0.1286545146484278, 0.7080051670019412, 0.7950298096839277, 0.4111235969365027, 0.9862355009060039, 0.492822052003854, 0.571958520434096, 0.2633740520765645, 0.3509329184114197, 0.8369688393912842, 0.3329265516905354, 0.017369814071499734, 0.5675386398578691, 0.7587885298446044, 0.5925501056299125, 0.8682261761297219, 0.8979627710203113
0.5969933763856091, 0.8701466381707186, 0.9476707789347297, 0.6339342060790731, 0.37769880583195703, 0.5712807704614652, 0.26962559884528026, 0.39835706404169013, 0.8559930285849608, 0.25895540093494607, 0.0054271673381525165, 0.27189203194562883, 0.9975362207790982, 0.3189237911239925, 0.5754826040011028, 0.18572416501740274, 0.7497563146344524, 0.9998321125847963, 0.3996279656383541, 0.673483264135203
0.044112529898647, 0.0051414814895153205, 0.3516447754744211, 0.9435067473307003, 0.016801554577113964, 0.0008367888601708007, 0.5822277205339106, 0.8864151553815913, 0.9310888251913875, 0.4688074755101076, 0.7630691871828913, 0.5903781949589186, 0.23478404725161306, 0.2649832006259518, 0.10161879204447422, 0.1877414223742181, 0.007389030770665106, 0.7172727137546684, 0.6736849247401937, 0.34038432166243093
0.011378319694444583, 0.456959916937686, 0.7878575454180667, 0.532929132795996, 0.04556922843587452, 0.5030365829202084, 0.1951523093928459, 0.5693498011825441, 0.873799208324801, 0.6029035294140385, 0.677313318974375, 0.6235814215839409, 0.6275664484523725, 0.8223479014107227, 0.7557968124316712, 0.7387168301644715, 0.958182382559374, 0.1741841524944403, 0.07142832531958954, 0.15311474893488175
0.8454355793785654, 0.9686371452621153, 0.9526858180874116, 0.3560730239436789, 0.753872924175583, 0.635660786920455, 0.19426357676694883, 0.37113212713382593, 0.841763698985204, 0.7923048141677977, 0.6394204588336924, 0.6556016299428654, 0.8662995172256849, 0.4733677040513421, 0.3357194047520613, 0.4636313501116869, 0.6479524357507627, 0.7199434207972243, 0.32357605992737715, 0.002424638809948365
0.8087794321891189, 0.2338504409505594, 0.686438138494655, 0.5717639970592062, 0.46858431513995624, 0.9335300764004312, 0.9950819417376582, 0.1356038622852932, 0.03774060645542543, 0.981881037317771, 0.4085081646144989, 0.09947437488077404, 0.0769145002245647, 0.6179822427523762, 0.6877291661738442, 0.4939074982834103, 0.18661468902036404, 0.7007255123321022, 0.04457090712417566, 0.5925125132231989
0.3878434188318073, 0.7814694492286175, 0.1328943701454004, 0.0912780191140653, 0.12976151450738982, 0.45091758220600964, 0.001499613178577608, 0.22299267804358702, 0.633285071477761, 0.3558271264592845, 0.08377451946432735, 0.13737277643509727, 0.6459079477098768, 0.2860705284723042, 0.12091853770728778, 0.6525128443488881, 0.5780591883708678, 0.9516826137334976, 0.3984418750901927, 0.2794559824219467
0.5273408765185148, 0.9978877375055524, 0.1344589316297755, 0.9950035610753152, 0.528518882759092, 0.3308052127213248, 0.4660691447221812, 0.16049078387166937, 0.2134485665960153, 0.8733961066794627, 0.8811349191117951, 0.11354223528442342, 0.04834817839483252, 0.8774263930673185, 0.9544792444544018, 0.7692022501590708, 0.36521818044217846, 0.85836416557321, 0.5508861307758043, 0.595426235171997
0.14771944414998517, 0.36723713977144434, 0.20182314312951, 0.36512250811562963, 0.9978073303593206, 0.7858427869122409, 0.28945553972606064, 0.621752319842653, 0.8818610391432611, 0.1168351218862077, 0.1829062049795327, 0.1457157433464139, 0.71962966928975, 0.6695433324194737, 0.03186110436342515, 0.9341385555465089, 0.4774832643594483, 0.061678654302336655, 0.5528733416601792, 0.3008447952594433
0.8440543998269385, 0.9267642538184737, 0.2752127487173345, 0.2594664176116884, 0.877371760862076, 0.8996974253034645, 0.9895872527933437, 0.6009180462305165, 0.9123372649817423, 0.031174748400867425, 0.4518182058359287, 0.04791461143582976, 0.3035255907761687, 0.8305651943025497, 0.5103060987989828, 0.7189143409780328, 0.9626241470468816, 0.8331129577137616, 0.16224679979315637, 0.8805508476167048
0.5568383981239599, 0.8263843758634187, 0.7046562304093703, 0.6143352873144357, 0.6472468533440773, 0.43212067578855173, 0.1305124869349189, 0.07380416491856934, 0.683749025832548, 0.30704931469514496, 0.5383450358413528, 0.8657393478036637, 0.1686754925637457, 0.14836217248340045, 0.015728471788801546, 0.6116569667893561, 0.24793417401501594, 0.4422797723122397, 0.43259650448744247, 0.8878190613888309
0.6554300880105204, 0.14438168340781043, 0.4822182264382322, 0.8081184375461915, 0.3036084700492897, 0.1704803105312941, 0.6704539684641838, 0.34598395011779026, 0.9546171072766113, 0.5237607841865848, 0.7938531809622361, 0.8587338064402297, 0.6888123845354932, 0.029253311137689142, 0.7912157376719064, 0.8935630192102346, 0.6601802350434295, 0.2534798528390456, 0.8859869083358489, 0.0920417243335726
0.5043528208020632, 0.7072256582707298, 0.24258037632108842, 0.007561359871246953, 0.005207331438603413, 0.5872959295121343, 0.19365602561560902, 0.7051817254655481, 0.8470394560784889, 0.6820197197108595, 0.3122596014407385, 0.6381950023651435, 0.9567715530582364, 0.11264277170782355, 0.9710797920077396, 0.8761697787383351, 0.864808592367625, 0.531433948980139, 0.2142967047240445, 0.8786436704126467
0.9946847482730709, 0.9018737172555218, 0.2698327955360751, 0.2125793021770731, 0.7138982614594104, 0.7177878488854881, 0.8994384320908602, 0.8671312775901399, 0.015589403876795527, 0.618756654954292, 0.3221070118666307, 0.5844913670875603, 0.03541417105856515, 0.08048870177510392, 0.5775001395674216, 0.6461620669843198, 0.7869447776935414, 0.8556692999983501, 0.5268604928284334, 0.1829470975902494
0.6202494877259627, 0.09132461189188579, 0.7667701915724303, 0.6645584053186107, 0.9549516882786373, 0.43115868510232347, 0.16455522800301514, 0.05235108665044186, 0.17249431671604154, 0.1325082381815773, 0.5319897956824771, 0.9032807507989721, 0.5612996360668286, 0.9150709194533186, 0.032581976387286105, 0.6155310561939238, 0.5720320257091186, 0.1684360592895323, 0.6909001663639139, 0.07036440337283734
0.16485506823347396, 0.31378726301750215, 0.4918187262783126, 0.30882840586429494, 0.4031183544618382, 0.6559131073314204, 0.01687631524497224, 0.6166843031258521, 0.09705683452411729, 0.5506618646539945, 0.9708005224116135, 0.5338996484235702, 0.16525342871820947, 0.8074742243407903, 0.7857614158051381, 0.9931143528590717, 0.3795873425850119, 0.20329576422759887, 0.011343576363411101, 0.38826826716646834
0.5913263331793087, 0.09100834313000172, 0.03127038943420046, 0.31706642242124006, 0.345847217538816, 0.03782260359063261, 0.8258635942199611, 0.829977430564711, 0.566221349418263, 0.29542911405258054, 0.8193735016027912, 0.24588133504937293, 0.5491444879359431, 0.28822032233457273, 0.620117080466396, 0.8681459328972855, 0.22253858222183853, 0.65392709030223, 0.43253490130309347, 0.13809476054204572
0.8366573437190133, 0.920462900747129, 0.3875674282963354, 0.9958084785084539, 0.6039720776644617, 0.7126311766294109, 0.8695327181692875, 0.6470679473193403, 0.9068912414355962, 0.830599388760134, 0.7423976924619795, 0.22108042871651434, 0.914137962404774, 0.1469688558262262, 0.20866645082191926, 0.5363326918663699, 0.8762066945243753, 0.7363632708418737, 0.9958534164532179, 0.44192562396140633
0.18970156150045359, 0.546054630090115, 0.7236481782420285, 0.6049732823498856, 0.9811563203416804, 0.8823860969913608, 0.5522798158694959, 0.3360098788441389, 0.23532864007371612, 0.8656048115350021, 0.5417199959838691, 0.5604779287202557, 0.7770558584967836, 0.3138099843395389, 0.7308992676867453, 0.5367556018547787, 0.26534769884408194, 0.19461310274698151, 0.5382512461501697, 0.7443599501700103
0.09552851367285231, 0.33956065774561384, 0.11807818413294124, 0.08309116572853281, 0.34142895376404625, 0.9695546949155647, 0.5529918795976275, 0.5573315871167619, 0.9862123383757503, 0.5274222660846983, 0.5647354119139019, 0.23293231428660244, 0.9249890865776924, 0.6831698926966344, 0.6315266313364222, 0.22764975428290557, 0.810446539165698, 0.1430549766676571, 0.49394824534906023, 0.5587243315702094
0.34558494298758546, 0.30339956128834855, 0.8978181511778789, 0.7908117564264815, 0.7020190123030264, 0.7194837998494059, 0.24403713051487042, 0.6979661091471238, 0.9736575547780688, 0.7317284629496229, 0.4622480207853146, 0.3858416773845026, 0.48387819590405023, 0.7989338466346992, 0.3180348046017957, 0.3701552997209765, 0.9753177671886155, 0.9415346531990598, 0.22088094747336295, 0.27510500274541105
0.372534782507012, 0.404306326026007, 0.05204733416335616, 0.5136656111073347, 0.6276655069945642, 0.8732994582895438, 0.06424222689979975, 0.4025672129905824, 0.44461361153226053, 0.3038594742736831, 0.6225771076146676, 0.9029558349985312, 0.32109074017567607, 0.2546779553214499, 0.8747731108304977, 0.18966898101547391, 0.7351038789647937, 0.2503151479900423, 0.2072264882274697, 0.5301738590552212
0.7682592912676717, 0.4571841382276973, 0.9599946232346646, 0.5662903532996003, 0.030221241265104504, 0.01732167741177304, 0.02865579375315641, 0.8690858345268392, 0.352430301033302, 0.5485176890873298, 0.9073351710847013, 0.8944186022048661, 0.007749240631112486, 0.07056951751712581, 0.6692798315218602, 0.11241114943945762, 0.023408922132151178, 0.8217976703808039, 0.9087770927200283, 0.20143418120968082
0.9793990460953368, 0.8205152527673574, 0.024521051996756804, 0.23546037487510973, 0.6467431633444451, 0.8166005925471483, 0.28643393270371365, 0.04557996277284937, 0.492640027915348, 0.4869611179836232, 0.16569420006640312, 0.24847331508961212, 0.946688827985011, 0.744550810887301, 0.684916697131641, 0.7728612044987726, 0.8312925424726358, 0.5320911101805543, 0.2052476104117975, 0.5426722429890192
0.44421427338969965, 0.628312576959217, 0.23492994099715292, 0.502395098164264, 0.8837458681933097, 0.4175332901511547, 0.5559650114110705, 0.6584837084754626, 0.7128871636059162, 0.9678665085296299, 0.3481341391532462, 0.8011698653241393, 0.03952424895795614, 0.46509967168123445, 0.26520987730276546, 0.3709593827596329, 0.8322230294698583, 0.5190773680858181, 0.3792692929813688, 0.8359916653468165
0.6183079727308972, 0.20582680402686804, 0.19188759479927064, 0.10849366320076825, 0.9019842347965348, 0.6227457104719187, 0.2567166179803695, 0.19305197208506053, 0.8243014665722119, 0.4837573774066547, 0.7057168116505208, 0.8872647911466275, 0.620648382684182, 0.6662499798229068, 0.6435099092182042, 0.5647098681643141, 0.26369898148540316, 0.5328916975154425, 0.00785021549388365, 0.46647641094294223
0.31288475276265626, 0.6595922981423299, 0.06336668467978657, 0.14289501167941243, 0.004948814958834258, 0.25495519829656255, 0.23355792674546916, 0.3229630643340903, 0.5683954957160892, 0.7580176187558049, 0.8645379078975908, 0.7446570406999874, 0.9444671740479723, 0.5035801153179262, 0.8500086054135413, 0.36091442378346794, 0.9601000504416197, 0.567812735764586, 0.5848224014336916, 0.5897726515728486
0.33265214922939157, 0.5209724127525883, 0.14405023063096667, 0.2059962980421275, 0.3950897223229213, 0.8929755000579911, 0.24476445119366952, 0.19392432284245154, 0.786485289934829, 0.010053353722178304, 0.7338228221416726, 0.9924966198775059, 0.6163246630155499, 0.33754627748370536, 0.41557294868016204, 0.23024451861517337, 0.053860769805021635, 0.3974781962194669, 0.045561910493567837, 0.7452322416554921
0.7461709798862676, 0.6691315564180994, 0.44797736775293984, 0.36291178069435626, 0.2517934120140982, 0.5713786273001051, 0.5781588106744036, 0.6709562659682798, 0.37669481580358255, 0.8072524820010535, 0.4067612720862108, 0.8511550164867215, 0.91874367673333, 0.4975244978286326, 0.898332351456339, 0.10689018183202614, 0.7914930367651037, 0.5924029246175073, 0.016683010751418648, 0.26026927559761037
0.752113469056302, 0.4774471220014951, 0.8940662823379444, 0.22131952534607413, 0.13536004150796943, 0.07367474711538224, 0.16365000163876642, 0.12006075882712208, 0.027390248290618646, 0.8202257053441385, 0.23382112122381682, 0.8862244724224835, 0.9638015328481873, 0.37816935443228006, 0.2205529141311109, 0.9562923490471767, 0.14095492842243507, 0.35135011282364503, 0.7559685678351, 0.8902874946059497
0.45759765765114024, 0.7885988770082727, 0.4368316355732865, 0.6261896128554626, 0.9607731662274923, 0.7209705270296283, 0.12704842099053915, 0.2745783061298305, 0.10674108298344331, 0.8498662249283205, 0.05555315592924048, 0.4989355029833371, 0.017367436313785345, 0.010362316462690147, 0.21721435388099952, 0.32177486157637325, 0.7373541447545873, 0.8504275483937297, 0.6929633758186426, 0.985120102884014
0.7494845733984948, 0.5571317301732592, 0.4707539569223218, 0.6686357663187239, 0.8456682534516132, 0.04760695298750661, 0.1529063611985093, 0.7058340984358753, 0.3091487473395821, 0.8045295006414827, 0.27075920171517565, 0.8524499430124921, 0.33455375902285067, 0.8950627577739549, 0.24682823117380248, 0.2207850288731269, 0.2680796951054655, 0.6154069360718285, 0.18994286763547608, 0.11848163382730892
0.6594008068499322, 0.44848221882915185, 0.5585632270701771, 0.34780025339639653, 0.054037855933697476, 0.6228557333414252, 0.41520983364502084, 0.772758448315277, 0.6087184620848128, 0.3534082874129576, 0.8434255418301692, 0.6160386490590833, 0.6987486819965797, 0.9825884722795932, 0.432519655723702, 0.9774767053945008, 0.44854163923608825, 0.3337498420050724, 0.8172559176571784, 0.9044022483472055
0.7411961429873114, 0.13073480472891408, 0.7801982262453308, 0.0032197270221884233, 0.5156235874673063, 0.5447727202604759, 0.37900408492733184, 0.2978493246242454, 0.19343500833970018, 0.33363242944844484, 0.45315301894757765, 0.22747232773654924, 0.4604117926075464, 0.8261514806158824, 0.600355489207181, 0.27184282111405866, 0.8711787221403924, 0.7993993034020415, 0.9005278028960234, 0.07212107165922277
0.016610983212388852, 0.8768672132878821, 0.8772965568970627, 0.9067796343886372, 0.704053705124591, 0.9501878392375056, 0.9685573454316325, 0.661543374391681, 0.12958784457805905, 0.13123196479357446, 0.5938168981509071, 0.4737514986623097, 0.5894705093256953, 0.3604999776579778, 0.7674866459666412, 0.7306612177007159, 0.31932303929205774, 0.6246333821791418, 0.08382220707944354, 0.49459848289123043
0.7383329772225213, 0.5458099441355572, 0.5748800395716028, 0.6276063769579874, 0.2099197883132793, 0.37770924737977274, 0.23145344711821125, 0.13521110852378948, 0.1362318279730652, 0.2525042636654732, 0.9703676480793066, 0.3566881346268157, 0.12935593847940663, 0.17731255327857776, 0.9220289595957126, 0.595232723693927, 0.11440738973185582, 0.2569990992723895, 0.4953255271345316, 0.6777668441095168
0.7894970583717249, 0.6436851527918117, 0.45969540785007046, 0.6692740414328296, 0.7359878226399722, 0.6736556017658104, 0.32930313623273777, 0.6281693153429597, 0.26962942590850936, 0.992055503534561, 0.9138240848901276, 0.4406067804897671, 0.6780690148036855, 0.7515857987763792, 0.428646382604128, 0.5336125368003487, 0.7473598515168636, 0.9201517590955781, 0.5475497073260549, 0.7178752728632242
0.27794684936657377, 0.3333552928897081, 0.4077381049512928, 0.6531727866837354, 0.4707590763224304, 0.8914580716055789, 0.023075490222111528, 0.5895442612491797, 0.34172679652355253, 0.17691136828812704, 0.3027117430386853, 0.17387738106002593, 0.5655257396951816, 0.05567011094222429, 0.2063649299634458, 0.16128369229181116, 0.3394347926732868, 0.17312660968784865, 0.47506202269485265, 0.16697399810403613
0.83935024226213, 0.0868608686485538, 0.1657247015603026, 0.27148992779363934, 0.9241996319309379, 0.37615103789812143, 0.6833562541323602, 0.539837065711368, 0.92389850828956, 0.2801731376254263, 0.8577456698296838, 0.4898297784646697, 0.5312301121464459, 0.09712064455536051, 0.03797227916137991, 0.8784445179907798, 0.049630055540271556, 0.19706771365206388, 0.8510598482876554, 0.8721478124943048
0.2569313444719802, 0.7945364838150424, 0.3415015275070812, 0.955297232878955, 0.1334226410141205, 0.3185554344302025, 0.4623921206182696, 0.7760594271321095, 0.46561796115171283, 0.3728676824834739, 0.20936753739891667, 0.374389623777033, 0.4655467056940894, 0.26996211613790655, 0.3888483302078707, 0.7773106848292832, 0.5590515361883739, 0.27908395765133276, 0.3098539141852815, 0.7213783287949606
0.7221103802513471, 0.07410669407155013, 0.35040631507981035, 0.4044652096150252, 0.810758736906526, 0.7454859895809379, 0.7995897612756734, 0.3231346236855791, 0.7537597886761515, 0.5068005147005534, 0.9495578810128231, 0.048966630184326454, 0.5041576591530444, 0.29579421417375273, 0.15599250387803054, 0.758885794483827, 0.30977279544438396, 0.5070383255427275, 0.5374775259270284, 0.02122449584608399
0.9043338795085216, 0.6482894966992567, 0.20116543076183568, 0.24670338959325022, 0.3195134287470869, 0.09223705571475405, 0.852312937876545, 0.29151903378682764, 0.9792613694923767, 0.31630659876267964, 0.3762156126995414, 0.29926452989542984, 0.6553288796195935, 0.0054628644072591825, 0.06704507421609152, 0.6960531355232609, 0.9961280873487938, 0.464543817269396, 0.0171984247101723, 0.36554111203600126
0.46674872444367965, 0.6042785836833123, 0.9531271287547763, 0.9343719426704526, 0.9258739824437184, 0.8012717780489411, 0.9710613014604671, 0.4877521517306278, 0.5173197147117669, 0.5609259229467656, 0.12257432194215434, 0.5962258121143991, 0.6650400798977173, 0.8340534531592647, 0.09263275502754442, 0.30154921125947554, 0.43756241625145065, 0.87372713129608, 0.3845358882237989, 0.9533845001112297
0.9614273270752209, 0.7016067702051909, 0.6642858274842179, 0.012299344416203284, 0.9236020829972438, 0.867748298602178, 0.7278483193750694, 0.04167202040726414, 0.05399591945077764, 0.48746141847059055, 0.8749576223893162, 0.9284781058906898, 0.18569482008991434, 0.8367814726406849, 0.8220067717615607, 0.3048155946668295, 0.8359415641488479, 0.352689837231572, 0.9996607350091604, 0.7927424760493783
0.969804991147964, 0.12212374873456022, 0.09424403224549238, 0.15098526735801043, 0.8041920585745046, 0.9510427003396243, 0.2786279052423971, 0.12305743492439403, 0.3523780858178829, 0.29823429433182125, 0.4190571476902084, 0.5888376722789073, 0.5476205926981629, 0.18696216177549707, 0.9358516455392994, 0.1816270975342591, 0.47504910864007033, 0.17129194472057363, 0.32108044504194544, 0.7290063281372711
0.24323280774543043, 0.23474934156867933, 0.832553798647482, 0.9206300921684109, 0.3348357541610931, 0.4813663992745957, 0.8203996934922615, 0.997173433967133, 0.8337060854390769, 0.04628611248902559, 0.04696631153620512, 0.732351327631512, 0.6586853919899543, 0.06777413564072099, 0.3138517908788898, 0.2646809779833955, 0.7705849075926111, 0.27427026963201206, 0.28630618116116124, 0.1963355273609001
0.6785271703791116, 0.03854004159768987, 0.1258118178704828, 0.5393199934609615, 0.46216391206079965, 0.7190787229165744, 0.90103470324809, 0.3272159550025793, 0.5553094465221361, 0.0830333756288697, 0.4310642562798418, 0.7151917167991069, 0.34441535269459533, 0.20616951333455247, 0.988909056310686, 0.09259113246156947, 0.6377729570266953, 0.07600045348262896, 0.5698879510642945, 0.13105530279576028
0.47450658338229634, 0.6415270720371796, 0.4846720020648758, 0.20503647549429516, 0.27542744636289085, 0.013583802778394438, 0.5073012396007449, 0.3441485268184422, 0.7268928016630731, 0.32282975083846044, 0.6737637393962166, 0.6894386592212334, 0.22538814176807875, 0.36111303610901535, 0.6792588877094848, 0.5361094608267463, 0.6650257928472778, 0.06593614212908427, 0.9596307619309956, 0.10550351476995812
0.7847455828137245, 0.8618898649756221, 0.38274292646752295, 0.8789977502636924, 0.6228763922255982, 0.43897853528905617, 0.8091412553597774, 0.06363953416128687, 0.9522256008920127, 0.14333247533531324, 0.1534907201290474, 0.09471805287780533, 0.7295360124720918, 0.7378506110357208, 0.8909527984487665, 0.45816100391363845, 0.7002962848584623, 0.6557270037132299, 0.20244129916313425, 0.7123072898575357
0.030516809482690865, 0.8085897510377711, 0.17272408825392793, 0.4259175200840619, 0.7430136517193117, 0.10020377631183686, 0.14184483108951507, 0.133366864233172, 0.8044809272830327, 0.7185340257439196, 0.8857928872111743, 0.48390844805966404, 0.014717028408533728, 0.10789575415685804, 0.9149832639242866, 0.7471289792827176, 0.8293552555708287, 0.9496453051217241, 0.9378611767892859, 0.6691480596542532
0.3181749918034076, 0.2889778964060433, 0.12789344493700872, 0.11110550325852031, 0.19507712852939352, 0.8131219982990137, 0.238029284252674, 0.8562287039652456, 0.08261093495353167, 0.5117604095194653, 0.7303403890553282, 0.4103273504840784, 0.21913313836871118, 0.4051671279525806, 0.19899334018119674, 0.02599182163285796, 0.09724549343750788, 0.45956332564689595, 0.10367836389580243, 0.11940799763310816
0.9425399504517651, 0.8173588253040757, 0.8798626712830362, 0.21961486626125148, 0.6352481366201936, 0.03536329912485203, 0.8711078052368051, 0.9263692542967079, 0.6677828832563277, 0.4728621450742845, 0.26245366541273385, 0.1485085001698222, 0.6404093968149981, 0.5214817441608678, 0.001049821968451825, 0.7406788684463055, 0.019500187405894764, 0.5376930303979368, 0.7073809110898274, 0.6150168268696888
0.29844142985379873, 0.3866374078947712, 0.24013828783414393, 0.8860310517900784, 0.4637538863425307, 0.43048736408534194, 0.36962215387254316, 0.17491778966799043, 0.20932038625694738, 0.6031568289976339, 0.7506819761735075, 0.7340136058102658, 0.65523961841761, 0.7559197587006155, 0.379039033807846, 0.6994036836863837, 0.3503087292459044, 0.3781040357058514, 0.36920184560504576, 0.5209171468771292
0.9241982888779098, 0.1201955894756137, 0.9642830665955874, 0.14238154910794476, 0.6951782900790735, 0.006155001953544459, 0.6174846392284093, 0.6588713288674546, 0.2671273554148227, 0.5501187206488044, 0.5109626845881426, 0.5828284412873449, 0.2433009328886908, 0.16475329626982282, 0.11881212220396409, 0.9038808808990153, 0.6895893049198583, 0.8460208128201386, 0.5253292796516994, 0.9462547882036382
3.14729733765e-05,0.99353208954,111.160149707
7.82167783132e-05,1.11090331698,160.819123674
0.000146130580271,2.77264802774,347.621968775
0.000579062118579,7.29864673071,353.326578752
0.000782851826842,17.3937537026,491.688597632
0.0131533351676,53.0581520797,665.765364555
0.141472133964,132.435573074,770.455571917
0.816167518417,315.541908351,1006.56709022
