$x1,$x2,$x3,$x4,$x5,$x6,$x7,$x8,$x9,$x10,$x11,$x12,$x13,$x14,$x15,$x16,$x17,$x18,$x19,$x20,$x21,$x22,$x23,$x24,>>f1,>>f2,>>f3,>>f4,>>f5,>>f6,>>f7,>>f8,>>f9,>>f10,>>f11,>>f12,>>f13,>>f14,>>f15
0.7109678031262106, 0.5414589355529351, 0.19610589456750094, 0.9913327305132581, 0.5839260228513972, 0.33651366942351446, 0.567327099957729, 0.85004889992566, 0.5741967636643445, 0.4393137109952566, 0.7381799228104434, 0.7408699535251883, 0.2908020991652158, 0.5551563764394385, 0.7336682516209798, 0.42156390248841047, 0.6582996528686375, 0.6728777481576194, 0.6864225240496312, 0.07608996305315774, 0.2806225337826104, 0.1808123746264213, 0.3604397822849198, 0.06233408538508112
0.4247117134981323, 0.05148593994583672, 0.08069197132165262, 0.9374932876227935, 0.42193030987147384, 0.9869169126551539, 0.3763075227238337, 0.10137243974288979, 0.5130838287716553, 0.15842497276186784, 0.3268188176064296, 0.94632820009351, 0.4758098606976082, 0.025749571840813723, 0.8926349121967709, 0.07576708003211985, 0.6748226430938892, 0.9252734099902168, 0.8652632435489288, 0.5125455454234165, 0.02474154010414842, 0.6589159760353595, 0.08546866532179587, 0.247056831998121
0.3853230728235183, 0.13394213746341443, 0.23308281545799658, 0.9687836257699035, 0.3254335399347533, 0.2610481234623494, 0.5462441182969849, 0.9023564217447362, 0.9177266901963275, 0.7037801350940543, 0.38834586464378296, 0.01452536599447185, 0.9336541128480862, 0.6036670401093285, 0.5650658945129543, 0.560218464411345, 0.15251745958255236, 0.47964196803249604, 0.24993573173518113, 0.49397093278626747, 0.6224487832505635, 0.31227254117921466, 0.46156936386342695, 0.45843422678438306
0.5211166274299768, 0.8417023566712376, 0.4243462519574368, 0.8406872118452501, 0.5967294462532534, 0.30486280991971315, 0.38994985493324585, 0.00308884170741186, 0.6088315979310523, 0.39100289523747245, 0.8384155807193973, 0.693655596215377, 0.3697015104879978, 0.19051727821356867, 0.23729390954816476, 0.3180585534415098, 0.37026146061360177, 0.24491034610401952, 0.1796887146877143, 0.6716258530063364, 0.4587330736210884, 0.970461311578356, 0.2963276372343303, 0.8322820774563736
0.9042599928754627, 0.9406512040799634, 0.8606069034491953, 0.686834633256107, 0.4424098814569326, 0.1107074548011211, 0.26851698839341076, 0.04791701226009726, 0.8472871020511128, 0.7828512738962211, 0.925123423242205, 0.5594952135654533, 0.16132865781931316, 0.09389741518620143, 0.9632892410279322, 0.027998422092068265, 0.7434198096527284, 0.5725752121013808, 0.5546917218400613, 0.5620385867858818, 0.22517507347631416, 0.5998737693282864, 0.3219379768358773, 0.3267996317341887
0.5272383406077348, 0.07591569895993577, 0.013631191136727727, 0.9168500705586303, 0.7293788770826021, 0.8438470699566314, 0.2216899624938693, 0.2041319255498315, 0.5143116482111818, 0.8882625980774561, 0.5392962870268454, 0.38661401025286624, 0.03718890231485006, 0.9532357403921385, 0.013273196442285973, 0.4448967894086503, 0.10498295189482665, 0.5968713307586192, 0.2205981474315738, 0.3505242962971139, 0.047293999784090435, 0.7434293650349314, 0.15453853988951471, 0.2905076984984254
0.7685966013597125, 0.25134122889517707, 0.5172642674495195, 0.27141701237682647, 0.3140431614531368, 0.4557056792041143, 0.5196378418889432, 0.6500812797341672, 0.5569477387156789, 0.8045958861143557, 0.3152918347725233, 0.46919716767560427, 0.7606575351343496, 0.9114521991742413, 0.7619532533211457, 0.7987030238054363, 0.5971855113718627, 0.6378191217869352, 0.12050512245254708, 0.48256703302632853, 0.21604494531722163, 0.26667700367021674, 0.4065474755450207, 0.8886527848234946
0.27465987214500387, 0.4347177808483993, 0.824590329839791, 0.1965715317831418, 0.5390585160616155, 0.3804557149701767, 0.5817034792414917, 0.10643548095088318, 0.050644194137530296, 0.2690983040967293, 0.7094109298783915, 0.44733705049268213, 0.08931608140910485, 0.6781629203371046, 0.2639455818810911, 0.2843610662393602, 0.18397172520094485, 0.7738299357632512, 0.7235604948525485, 0.5941741751421927, 0.5349592653583954, 0.010110078228366293, 0.5533325984945783, 0.7908663661214489
0.6446298506197063, 0.25345291354786736, 0.8283294527255123, 0.6205402738913207, 0.7403883180652745, 0.4058747892238638, 0.657347604442271, 0.7407777622731858, 0.02324846365712563, 0.31300220323806227, 0.35196464550047635, 0.08134637702674441, 0.35384216828184, 0.5696905335787974, 0.9071710551922493, 0.35738954809962686, 0.08400588231104833, 0.223731273787394, 0.7108183742708462, 0.5010288475126932, 0.7837437537475676, 0.7505831708075263, 0.023326473979835227, 0.8516752668487089
0.18222718881468636, 0.29692436105491127, 0.31539262781874744, 0.2610476626806518, 0.45354455588754894, 0.49707936683811815, 0.5391543633128554, 0.3985065022341755, 0.060816769277837635, 0.14929022069129494, 0.9345402927510158, 0.6199715578270861, 0.8713455986632191, 0.981097294798735, 0.3977532743358321, 0.9942910123882174, 0.6249845660284656, 0.9098496594559954, 0.1539880589343674, 0.1101083071934893, 0.6447388741990777, 0.5016941332676966, 0.6554714608234867, 0.31695894487409304
0.2327846356840978, 0.6151650200082992, 0.45235915809222504, 0.45607623118235086, 0.13174067177099136, 0.8283066555366578, 0.4919922008793236, 0.3167245141818259, 0.718947372350518, 0.7969854421778346, 0.4386860780930435, 0.3476700302785254, 0.5726369470961458, 0.8912733769655924, 0.8383201425026957, 0.5916416678523702, 0.5959326061090956, 0.597857718692319, 0.021638365714240493, 0.0658707722552071, 0.41822332979791677, 0.7668253647528949, 0.699036087992295, 0.20972899272069356
0.2040558581303975, 0.9222993009769079, 0.786763068013404, 0.9890824046603078, 0.42157723319316986, 0.7294083971054774, 0.2679514912625911, 0.47508629617904774, 0.16042620783827444, 0.8395888579845111, 0.7041203553783469, 0.5881535998875291, 0.07370226195831653, 0.32233240761892645, 0.685683163558248, 0.28652261961372283, 0.8232562842962232, 0.459909002664748, 0.7002057590577886, 0.07802245118388296, 0.7480187661068809, 0.9251314646248767, 0.9977354997304598, 0.43087876116818025
0.6629368688519319, 0.9085332974172067, 0.42073399607628104, 0.665065460697341, 0.7665315104873602, 0.6926857572411033, 0.2948103395842332, 0.4576104756052819, 0.026971586021761418, 0.4722910337853756, 0.3959151126820224, 0.5401498373507326, 0.5989102307496983, 0.3757500541259805, 0.3874519615775539, 0.11254996200197243, 0.08427758372564553, 0.946982972732558, 0.9042425278651266, 0.22565561097729436, 0.8401480890523377, 0.17687328850951933, 0.6143839679103437, 0.8843373369192634
0.9245501155161867, 0.877877906258445, 0.9607839895005807, 0.35915773765458237, 0.6329807058640774, 0.056136607425862906, 0.04683298867038721, 0.5845052455406906, 0.6442889420186747, 0.761515741184943, 0.22086122386618268, 0.8793514082527114, 0.3163025379056148, 0.8734869476314265, 0.45533990610907393, 0.14307407568981856, 0.4334682232953986, 0.9968022019366515, 0.37778610875910024, 0.8341335274587172, 0.9532662292383112, 0.8184590452812149, 0.2045115983209449, 0.23505818477664508
0.09463692761108822, 0.7248466181843879, 0.7216358678156437, 0.9202624242957274, 0.42425920586773924, 0.2425502230165243, 0.8341760393949141, 0.605029355846051, 0.4777819099699744, 0.9934603257788216, 0.6286797321263962, 0.6531390330444247, 0.6804709726406702, 0.33055195318686925, 0.05865230193164317, 0.3539732405400301, 0.3177992893996173, 0.8429119221888894, 0.22388123222035772, 0.7637562290413159, 0.5117892337305694, 0.957869397738372, 0.95394596803359, 0.46645156801010734
0.27687915242141115, 0.04381932124243104, 0.267635293598552, 0.7714057401173382, 0.49408900829872415, 0.22881018804771702, 0.926999150608312, 0.8654173596043843, 0.26264718969065404, 0.17809306367387223, 0.21790493290818402, 0.3989094007168196, 0.3407396110521712, 0.26985024518175393, 0.27401165106972003, 0.7047672721636188, 0.8378224166054677, 0.6873057349405147, 0.6082412391829679, 0.8891973925053819, 0.2551985211065112, 0.8441082790851185, 0.027056178927043928, 0.9175249715409591
0.7898628014438402, 0.16022995440359944, 0.9767409990056802, 0.25955316305798404, 0.5857162923198808, 0.8852729806098115, 0.39138777642702405, 0.3316115841013808, 0.7986507438834587, 0.5999832893769317, 0.09877121966732105, 0.9752568843845989, 0.00901644960867276, 0.10671764951948037, 0.1498333080222808, 0.9139933976989001, 0.7132210852091551, 0.7066245469622565, 0.3959081791163619, 0.901953295507373, 0.7186564774511957, 0.3601017800686659, 0.3912370272099327, 0.5498489458421487
0.00729952662850597, 0.8412331409210756, 0.16661068264835388, 0.6067879784028978, 0.5433468632329163, 0.028818494881072576, 0.8303505500736367, 0.2271822648274353, 0.5302022575029164, 0.9640451793837178, 0.4761947280092492, 0.6169078773832143, 0.8948611460651733, 0.7915003066696128, 0.8140474686045809, 0.8456444373548122, 0.6834086485837618, 0.2898479411807051, 0.8848036617176563, 0.461453963205569, 0.10862844459948506, 0.719113430554266, 0.6156478240927176, 0.009313783306054702
0.22414285789026567, 0.21532285347087088, 0.7618007834041234, 0.5623822575257685, 0.05837175233907499, 0.26972966383421004, 0.6959247216094491, 0.538810958791654, 0.6487943831780961, 0.3364755685195836, 0.7628804884401599, 0.5723279818331659, 0.9475903449094283, 0.42136188762903637, 0.032982246299575024, 0.8487846327674665, 0.5670603293743682, 0.8777435089718578, 0.18983376377696248, 0.8161188292951114, 0.8380590498288835, 0.9708775739807333, 0.6313730766669996, 0.6118275493951353
0.6732947848762673, 0.09060374950501326, 0.5988013715094175, 0.1382740338070535, 0.3441868507320802, 0.8466200000207998, 0.730564326796896, 0.6343934120391748, 0.7622577842250284, 0.18406487248223946, 0.501241313442324, 0.23239355269062067, 0.7626777139674671, 0.7338458460996153, 0.5620899897969831, 0.9073450017041745, 0.9830311053069639, 0.36521673212661554, 0.5288153665293434, 0.9483639853953687, 0.734117757451905, 0.4071494431136522, 0.7189296125890728, 0.13884695922850998
0.5459396780335746, 0.5471910921513378, 0.9442986429493658, 0.7186671944965656, 0.6569802129083165, 0.5274993127491586, 0.9802627926811812, 0.2514726362395989, 0.992088132310172, 0.7513069009254276, 0.2683809084396789, 0.5326518449345248, 0.3487527095958991, 0.8859103590078352, 0.5248449344968565, 0.223789718589416, 0.2060785351148101, 0.27618477818033893, 0.033828499040389204, 0.973151825599353, 0.1513695217323967, 0.3351308920480601, 0.03810077714423887, 0.20711950612776253
0.48059093403670994, 0.40439104338699006, 0.9961078710905221, 0.4308296811125565, 0.9815803775916463, 0.88457569871753, 0.884078728466161, 0.9366621184028738, 0.0002621621877796354, 0.3315511197745997, 0.23544880727874629, 0.643081864637764, 0.7799082738500444, 0.22861000855800984, 0.32993383453127956, 0.7711189256816784, 0.8088761740391803, 0.021641744655010675, 0.950583972486031, 0.14964276103996477, 0.5878399051922725, 0.0016212991485767825, 0.6038725985123016, 0.4615041859077871
0.5337449241330439, 0.54471909766296, 0.24322611244326353, 0.6050530998144334, 0.36830293985667817, 0.9655582969935257, 0.5807528197669483, 0.0677891083008918, 0.5966284149438319, 0.9593437044679483, 0.817859988301293, 0.9256987334895441, 0.24886041291065342, 0.22282006433201507, 0.3037103771361235, 0.015243241228485416, 0.12642339243696565, 0.4021498657860829, 0.0756239610773124, 0.7406099558265475, 0.21095832478599785, 0.005152264001308082, 0.5468032192488844, 0.001152387606812244
0.9279580366306286, 0.8902225357507807, 0.02714849398158048, 0.6957553681086521, 0.9592261745085667, 0.20373418416965838, 0.5102272250904217, 0.16101572037720513, 0.5280123782849893, 0.3806372931562215, 0.6092666426790182, 0.047970816945691275, 0.48172660305967596, 0.007136789743827476, 0.9197934476893493, 0.8690616517116191, 0.9309340800652973, 0.25518470599321963, 0.6736079038135288, 0.8277890615516041, 0.6239860611838025, 0.6598025009373174, 0.9231137217853993, 0.2824328215653019
0.07476729713268182, 0.13126678845328443, 0.8827468447921405, 0.15710581531421908, 0.6964771283737264, 0.5144752531906047, 0.003681855009034174, 0.1638323535394507, 0.10644989807459015, 0.6202965993033334, 0.7212620703030992, 0.9711686363763997, 0.5720930202935508, 0.32997924512472765, 0.571857075661281, 0.13198591523158854, 0.15185106287723238, 0.9850819293117951, 0.2944172895483219, 0.6986537926769666, 0.19678539276668616, 0.4380172458250011, 0.10871515912748908, 0.9873088541261363
0.2789981652273449, 0.0862771644027287, 0.15093455496405306, 0.062184212796579486, 0.2535989748923595, 0.5589238542385596, 0.8724246838129531, 0.7905668049326697, 0.507086375513123, 0.23969839398512227, 0.9842074500105172, 0.016097880267489373, 0.3585747049663305, 0.5131699548574488, 0.5140724147999224, 0.25970600937004473, 0.6802986848916641, 0.6468125157420581, 0.6547605059294469, 0.7974678370519269, 0.6689114223564624, 0.8321857676139217, 0.37347259808795474, 0.9723226729381572
0.3799782357148439, 0.6372406053472366, 0.12473619179067064, 0.24028450097775333, 0.7337323549481027, 0.6961682877791674, 0.2163692599926329, 0.24963399716066903, 0.1949999786755432, 0.14234228034244956, 0.8469471925465037, 0.5386241878173379, 0.24877263825618745, 0.06305728118761977, 0.3422690713176272, 0.7465835392567932, 0.43890171204557227, 0.513371069713075, 0.6888098185461407, 0.07357027514233305, 0.5100486646949449, 0.3997276540185841, 0.9737319638061819, 0.28606482903647756
0.9201935009401144, 0.8659958626761596, 0.9800579982820803, 0.5725998199079553, 0.6232401150762691, 0.9219255037005287, 0.334226858105103, 0.030735778551819304, 0.29649875682398075, 0.0723638695722556, 0.4713288923709419, 0.9044718288260818, 0.4255190639427001, 0.4897686145216231, 0.7643640215747095, 0.9718487595686641, 0.4026167903026524, 0.8198458926378825, 0.41177306299176564, 0.7922126669297576, 0.1478978448892142, 0.5400104576274048, 0.8803675088963675, 0.4710358330466222
0.02859523155237742, 0.8210739132729312, 0.26230329135029473, 0.7648047991274065, 0.9442483014012225, 0.032894409769134936, 0.2001748016736571, 0.4506643482032172, 0.016702796475998594, 0.7146505352333523, 0.8501223828280335, 0.9127942922899931, 0.23752481693342353, 0.7472618078035393, 0.43255841282695207, 0.46422041310451057, 0.9356757436802857, 0.2455761017726853, 0.9378165494068224, 0.8911317234247874, 0.02693096132491224, 0.3020357363726811, 0.9133139536401172, 0.039138961370826286
0.5705062564141403, 0.5899817783571716, 0.33001699236914683, 0.30385210261067785, 0.09449568029697908, 0.4327880333762132, 0.3188609149618119, 0.23342213164331327, 0.6612225363535317, 0.1714764446853423, 0.12211487399079513, 0.6252944688703221, 0.7097600791584641, 0.8405037940327514, 0.3692740119002593, 0.033252507145274945, 0.13219120614152324, 0.16075768228104126, 0.43073179406958095, 0.5805206423972245, 0.5030503580442827, 0.9675704552346861, 0.3085058258802156, 0.922181208176381
0.6957840622090341, 0.13617264691464726, 0.3654785486942047, 0.21085195473369944, 0.6724388089486224, 0.9529900112693225, 0.8830632508364891, 0.41791580512183424, 0.16341547006603196, 0.5298306463157899, 0.5535765028233571, 0.6701821434287368, 0.3700486279504235, 0.815650360502298, 0.1084021607719855, 0.6309161417754652, 0.36398906901002204, 0.05686320127115807, 0.6836539201115744, 0.5708286891567411, 0.6111678728019395, 0.7949266694233498, 0.46544539544704244, 0.5133378111150798
0.9970861357438673, 0.39000371033306813, 0.5494037847779726, 0.23539538656211156, 0.8543113831917256, 0.43207513982860635, 0.9466084314643709, 0.7771198475201643, 0.2970932880497732, 0.9369990096131503, 0.6908343801844403, 0.4966918267776792, 0.8683280690341789, 0.13272754758117733, 0.7110847319369266, 0.057343219008586854, 0.33839425305878823, 0.741435713569742, 0.38856223886645713, 0.5807594368725884, 0.38300275713496523, 0.1445363501971333, 0.032211755454520374, 0.3612541629405792
0.32448593753033617, 0.5600259000177203, 0.8761770669140007, 0.2522256841267472, 0.03510381777591054, 0.9506341909257796, 0.3102499820603374, 0.3369411636971893, 0.7285381309062531, 0.8244196039965954, 0.4845632954330108, 0.9961965094146732, 0.7791959535778477, 0.5227103239624188, 0.4791608235868521, 0.7031917381706732, 0.8226898277161113, 0.8880898471295725, 0.18078936138389423, 0.8880562067989936, 0.7428041504519226, 0.16847681541857007, 0.1219782193468465, 0.9048975387391195
0.9814108836579936, 0.4400469117082788, 0.29053266779116005, 0.17752000470245144, 0.2770330539317659, 0.8878998413518805, 0.9448691170522627, 0.8750767550484141, 0.10401334615117597, 0.03635293144676821, 0.4890617517757351, 0.3568222550798258, 0.5851217617072133, 0.8928264157737369, 0.8872720755010941, 0.1105058343023646, 0.603688531280437, 0.6256885886318686, 0.14036747614638712, 0.9079386607030528, 0.490953285348406, 0.5489806570630549, 0.20379565012472278, 0.16631381997952577
0.8667590098778655, 0.46537519719876896, 0.832188935751774, 0.22802591669127592, 0.5579201790770986, 0.9413902009400583, 0.2677146836592317, 0.5544752729364429, 0.3044633366717141, 0.4572695155872335, 0.6866964773193133, 0.5447694338534724, 0.636653700901379, 0.08727125987428708, 0.4622643999583478, 0.46842622061367567, 0.4189954926347722, 0.4108287003398794, 0.9132081953522136, 0.3501132200220365, 0.9364165973800571, 0.5812216477823079, 0.9051139290700424, 0.6697559406827666
0.8954898464216287, 0.9327556785093113, 0.9322994856334739, 0.908985588542302, 0.610120811013965, 0.7233493395072245, 0.7680814963812503, 0.9507851260304074, 0.8269653892931762, 0.5233008508053706, 0.8502348720501285, 0.7815097700615514, 0.8551631328306932, 0.8781474616836296, 0.7033352738263051, 0.978799591180983, 0.49692559532407676, 0.03679775036990085, 0.5973456686841715, 0.1779278081184914, 0.6084324231092098, 0.5071890576109361, 0.5649271549676976, 0.12135622005005664
0.19553508074691217, 0.02122534166877199, 0.7284930473445634, 0.38479535345720506, 0.6816167408703182, 0.8340113394584313, 0.5888523377520825, 0.4497122716765657, 0.052842453035917836, 0.07293909422394584, 0.01732134275938646, 0.7022830351554075, 0.29952353186593283, 0.24234287452396042, 0.7053423070028391, 0.5471138219752949, 0.8303991245777603, 0.6580333610327788, 0.2015719024015461, 0.5187739374063444, 0.8602248689530717, 0.2874876691349034, 0.4297857466959716, 0.774065162233476
0.16288105837704936, 0.23026534989532832, 0.29383631429006074, 0.28265263986699884, 0.18842525455261983, 0.1288934250578111, 0.8365957013567362, 0.28895653253352915, 0.6495961119619518, 0.6035011409788822, 0.45334048327014087, 0.9008709929602661, 0.99964021619481, 0.34526780048535877, 0.9104389488555507, 0.21463065664506553, 0.29580617940345855, 0.4837468413319612, 0.7596372957902118, 0.7777118574836775, 0.9028557945606939, 0.39078616459820237, 0.36521553774510584, 0.43546218362127087
0.6590876644497219, 0.49427653460640175, 0.27101593675261615, 0.1457608824455474, 0.11730827839629943, 0.6011137870956312, 0.8963789254321722, 0.5336590473232518, 0.27567943263150996, 0.7061705829532774, 0.5908190601526722, 0.9970007030279475, 0.06274649651921449, 0.19744698604158128, 0.7925367919869521, 0.682578821607439, 0.9305855498864096, 0.2703937603741442, 0.195055520667334, 0.4584146620349977, 0.27392674452451715, 0.34174676024856565, 0.727339396824667, 0.1519194701502561
0.902209420232741, 0.3088611632153595, 0.8142265487682107, 0.10777674865544373, 0.8153100628972769, 0.9205644407101545, 0.6511728127665635, 0.3138469499808656, 0.7291421868917066, 0.04157191048546949, 0.8746087392453706, 0.7536804581543802, 0.7556324776435291, 0.61869275680282, 0.38000543669475884, 0.5035145582910903, 0.9653761802965566, 0.46207405951710556, 0.6839529915447479, 0.582480578467276, 0.8031398534661737, 0.35897753956245904, 0.14927409959034021, 0.5000030672802875
0.1191891035528807, 0.08361357110146017, 0.16466998442946967, 0.867532287278908, 0.5004893230014167, 0.7180597277577603, 0.7539195155898131, 0.9471588733059436, 0.7798326485466744, 0.7419398041110987, 0.3478452566132497, 0.7943475091724238, 0.8437183364471591, 0.014132955649024614, 0.63950850845395, 0.4580993942726522, 0.44202006753996537, 0.5797720853420072, 0.917975851630978, 0.2653912036472881, 0.781754492162824, 0.8409533884273445, 0.4818797819053374, 0.2956450119710964
0.883651670574705, 0.8657075298639046, 0.15307946250478777, 0.16714459939550452, 0.19112846903453762, 0.11121306196621705, 0.19245063052097733, 0.7332799509838782, 0.272303928512741, 0.31372354635289823, 0.22728732496841686, 0.053739911876610424, 0.6082027770273116, 0.8119287539875035, 0.46735381231158046, 0.36112059881086433, 0.03592593544259792, 0.812900941424929, 0.27228201353726633, 0.40276250886110143, 0.9153089207038335, 0.6972067197174611, 0.21393906201313473, 0.9107577863921259
0.5536594523117075, 0.9179078985909317, 0.5366076577439796, 0.49662182576825753, 0.6117027213064815, 0.7501058207525471, 0.45939012990823036, 0.46267059724799964, 0.370792166187099, 0.812470166235324, 0.1148409006069252, 0.524643083372384, 0.29517540508339934, 0.9294465404191302, 0.007174504093207523, 0.3323063108933112, 0.5818168305838943, 0.9864839750273915, 0.08639339079047348, 0.16403142113568037, 0.5808746401306424, 0.9451082984656466, 0.8238131733950855, 0.07483930301166719
0.9875007947396707, 0.4152576184860307, 0.9170094193184434, 0.5009383776570383, 0.2569800063989016, 0.9454196522498516, 0.7745021137840323, 0.3143901484311945, 0.897041418506202, 0.5175350294457554, 0.09408940429967727, 0.540849090207752, 0.7150398126310237, 0.8263215534873597, 0.8234490508293337, 0.3682485688615258, 0.5823542451232611, 0.4816381293637535, 0.9569011575472867, 0.8370813852124539, 0.024687290538682016, 0.4689274854317229, 0.9802301639862607, 0.7904502680879502
0.8809976444281149, 0.19368361586056226, 0.3771374498878579, 0.621806271082429, 0.7538527838739926, 0.8883453016630549, 0.1798698626181452, 0.743265932273559, 0.8205105403491978, 0.3772525789624712, 0.8227678073346029, 0.24407008224422544, 0.21410686197537576, 0.2866542070273772, 0.7859522018154612, 0.6828655687719136, 0.9710512160260898, 0.7084127486677444, 0.23514726337380643, 0.5343373766930458, 0.49206478337790116, 0.2909115054376419, 0.09349909045587579, 0.4335154529227575
0.261455836365162, 0.02657897097094497, 0.2979295687073339, 0.5817354748084963, 0.607058694670113, 0.8656344525921863, 0.9949109540205546, 0.17237475858996176, 0.4935825375534024, 0.6533065800141534, 0.6015755725794498, 0.6707538092580753, 0.7350838472131184, 0.40753435248687175, 0.44477905343134405, 0.8382540883741665, 0.09300665335571667, 0.6445127231765495, 0.8547333775750041, 0.553622915829825, 0.37462672919388584, 0.9356985836506876, 0.8378003285503243, 0.19858848041944932
0.8357008499463595, 0.6663624766575857, 0.6204614430921778, 0.7406406842425974, 0.4262687187250316, 0.9905495530760839, 0.7332531569317527, 0.2717326815148996, 0.863248588579535, 0.45105135067779834, 0.4601668880971034, 0.6248557848871973, 0.9007312533354241, 0.08451178519067537, 0.7102483456136811, 0.4828188295537025, 0.8874783138248614, 0.18854742509411127, 0.7146283960098854, 0.7708922377875763, 0.5315824963627718, 0.9654466748116332, 0.8641858129750384, 0.2031419749425134
0.9444674618261686, 0.44821291378607564, 0.892693463381309, 0.1208199880745473, 0.16366124292554685, 0.8341275394969895, 0.7065930623084751, 0.8917584283478297, 0.6068346029858206, 0.3767288240750648, 0.17684785312380635, 0.7144847573031538, 0.010470626964452556, 0.06041693428884165, 0.8717261772397947, 0.8836437465080965, 0.5291111159542626, 0.40650486395103336, 0.4102629317305043, 0.1823327485156605, 0.1809727982599897, 0.10567618340277396, 0.056256950465165656, 0.0823479606654064
0.5175880352467488, 0.6200097326581007, 0.2560652298429644, 0.17123391711651936, 0.04079268652200696, 0.39698617706669803, 0.773909463044311, 0.12845215416249, 0.3050428313568124, 0.10142312280830146, 0.001783250547772175, 0.05934560565182467, 0.8117427572905858, 0.77817676317134, 0.7961469954181158, 0.37943815427404104, 0.2525236022251418, 0.5972796262870335, 0.7352001438615988, 0.9832164916601015, 0.23925877140162644, 0.6592452160942641, 0.12725374035359038, 0.9584979296653962
0.37607795924515464, 0.6383852780999179, 0.8439080903400883, 0.9293264029758052, 0.10852613605127182, 0.9576990947277093, 0.0021950994479760233, 0.6494480183956081, 0.17526572667773965, 0.7747170309610667, 0.7647489589328483, 0.42478138118590625, 0.9386281982881708, 0.9095626484916902, 0.24794395117912904, 0.5305976477172744, 0.45828803104243965, 0.20645652439504303, 0.0022713030771811527, 0.5737378396150374, 0.8105110617516328, 0.027571180545994944, 0.6186202092614035, 0.6277825537317545
0.5964911193552507, 0.3189894202669723, 0.7346186076805702, 0.8249779915829445, 0.12385423314785582, 0.3758738767058597, 0.944529379955528, 0.26017606747317856, 0.8524718193855702, 0.5921814875553671, 0.04096368764342695, 0.9431169043012857, 0.5510709668188548, 0.49611274179757403, 0.938593504657023, 0.18330341725183974, 0.5357060268984574, 0.18640928804794954, 0.07174948962475414, 0.5496787729624838, 0.8781202411802284, 0.8512287034356587, 0.5283470703975943, 0.8819730152710387
0.35096732471852554, 0.5199265333498084, 0.9030166875922149, 0.1145610204123565, 0.476277668090494, 0.9411840548651353, 0.2481362120406535, 0.5859750757833414, 0.31323202270224837, 0.3205968392153866, 0.9116671950830145, 0.08218315819495614, 0.361743483472337, 0.3174625725897692, 0.1701523739916747, 0.1733497726400529, 0.458472984416735, 0.42897539455609424, 0.1278134303067361, 0.4999931104381532, 0.9372996050234956, 0.43523173547612093, 0.27519181798384773, 0.8240770143730086
0.6521978374092632, 0.15873495091546996, 0.7971227681742277, 0.8897830796050158, 0.5099563329162797, 0.386440427201478, 0.08677123036243573, 0.7405930022488902, 0.27400317000005237, 0.5914352150526934, 0.3272275169683293, 0.28937981635477483, 0.09484693767474284, 0.39198264360807245, 0.8853440580516325, 0.3133899026672772, 0.02412247020623559, 0.9771381040789406, 0.30186793279890045, 0.7642629027627226, 0.8340807044955308, 0.8787005766948761, 0.01727340717914816, 0.202615515325812
0.9334095566958108, 0.5417307921887968, 0.759659937626694, 0.5702137455637628, 0.35594132363054165, 0.18132383246938055, 0.6170987660704448, 0.6006205843620461, 0.12645640658267598, 0.2752514175865389, 0.7098876936465727, 0.08879092545799705, 0.3164129749855269, 0.21312425210106434, 0.8060247498980334, 0.005992730229243404, 0.2830493195318947, 0.7900197971226731, 0.42824281784816254, 0.6177490256281225, 0.0907012801151692, 0.5869075978996562, 0.5184816463817522, 0.3519497425771053
0.22184498363798677, 0.0999843782845955, 0.39807466655436385, 0.4539947031662437, 0.39877838092440976, 0.5897639984130463, 0.21442910720167363, 0.9358052631403667, 0.8955040500393683, 0.9086075002410621, 0.8803606735483777, 0.8347989114335207, 0.8725688406507729, 0.7516853237886264, 0.7102822291997968, 0.6770434311718351, 0.0014163031242482305, 0.7384081667904725, 0.8356650523401146, 0.9745138575073791, 0.4894971976179452, 0.15483906630771083, 0.9673518001063507, 0.2973659589176155
0.5778052126268659, 0.42090535802595896, 0.16126455290730823, 0.40543190036640875, 0.870435652747471, 0.18513886224328124, 0.8944940042892551, 0.8510591443140313, 0.30741816586497284, 0.05050055216653171, 0.649612513949785, 0.67067520598812, 0.6451827057176907, 0.4611139673058482, 0.9571862518574411, 0.9972347599030724, 0.05000376822041264, 0.5644333051570365, 0.09775668944167637, 0.9710616331210784, 0.1004811913116691, 0.7013446281578691, 0.8894669894639903, 0.4474454900860356
0.21824738264531884, 0.05384041189712552, 0.2084394184438888, 0.6136430003766772, 0.9366806785070741, 0.34241630937948253, 0.49993454905865164, 0.9771842884733227, 0.9999225249543539, 0.6652949619313266, 0.5342327942003314, 0.10475281400194913, 0.6036261547704849, 0.42380472915727085, 0.19637637870317104, 0.5066235864594744, 0.21047128327334164, 0.1526199659348132, 0.6550024444159525, 0.45231186553240954, 0.1831911886786558, 0.6698882820600076, 0.8452067519737393, 0.886963992252081
0.3707340947002776, 0.32847880750889924, 0.9406366507818664, 0.15063840770878656, 0.3807702147021226, 0.09645239135364214, 0.8969446010564319, 0.9139611803553384, 0.5612866557145952, 0.3055680417013469, 0.15915727853672335, 0.18353963357047154, 0.35758659593547715, 0.8909982555540134, 0.0956069610378445, 0.7627303684476857, 0.21937346960962867, 0.7671587737076943, 0.7401501632093982, 0.48584051611360335, 0.5981889766592757, 0.5969029874514334, 0.7986940994409476, 0.07790137974461253
0.9118259382277673, 0.5997359801353461, 0.26911490038077657, 0.4294523676167905, 0.36549047131662304, 0.3615739163437319, 0.09846171375379353, 0.41251167600246086, 0.6990855938587636, 0.39173359890115245, 0.2199416161694595, 0.7919426408114781, 0.5345113169008354, 0.9281432124716508, 0.2859327425556589, 0.17636037891497924, 0.9211369809870676, 0.005840348152007291, 0.14138029192276202, 0.7580661053863064, 0.650007142131246, 0.8445797712369646, 0.42208826547597145, 0.8087931462255039
0.08191082292114493, 0.24194780389194448, 0.4668296907996585, 0.7496726983508892, 0.09940831932726046, 0.9803635115651259, 0.0771268616033901, 0.5000811718880089, 0.6406263660525233, 0.881705867511833, 0.632617023998557, 0.7299199464727535, 0.4524021013511931, 0.736712459496404, 0.7181669084659614, 0.7022677758274197, 0.35195719329218267, 0.9056187599094888, 0.1844223903483614, 0.43327601237676183, 0.5843544658495983, 0.10305361994119122, 0.885875190005835, 0.178115174990222
0.5603248986550149, 0.9272035785857168, 0.3366551006255699, 0.15987883618275678, 0.9535752887179592, 0.9703784521075987, 0.6945494363199826, 0.7023493897854307, 0.5579413385820912, 0.6332857595324862, 0.6024037946158707, 0.7285633348312837, 0.49328632995410815, 0.6226106485867259, 0.6749018321034433, 0.8544641991771785, 0.8428035449997844, 0.2840320183472871, 0.14657238142578577, 0.7995217277098968, 0.4841172828686626, 0.6736324986029568, 0.3488272348982022, 0.19180807723235427
0.6173021157265958, 0.9987929576488761, 0.991555128957871, 0.3635041872611905, 0.02963299107805717, 0.18121525721677445, 0.4912833856058306, 0.7869453774438868, 0.06426700984843547, 0.6913213640656837, 0.2747783199801963, 0.6532446368684025, 0.43160255193597086, 0.9903461235796173, 0.7862318308241601, 0.8033657053842258, 0.9978765731038972, 0.9137786879600369, 0.8003559908375533, 0.04338558458889841, 0.5325594800006709, 0.45037834483928296, 0.7047032401369931, 0.19932322074893982
0.9907955080206525, 0.6715437263909863, 0.4615280881610626, 0.9565392717102448, 0.6183756754511476, 0.9588550331187236, 0.4418307442576037, 0.015372986482600992, 0.680893613108524, 0.10291463069295548, 0.5020485860735497, 0.8559507021029263, 0.45513405304055166, 0.19780343860901028, 0.2335943718210488, 0.026049418806653124, 0.02750827085109686, 0.24284430239729193, 0.4573003484807445, 0.4593128723579817, 0.7490260153581226, 0.8017535469724991, 0.8939889865345475, 0.9533941980715704
0.22177411181509743, 0.3277352079484912, 0.5918184969167416, 0.7737028540248457, 0.8304278585238586, 0.8211658113659249, 0.03343027099657836, 0.10865568908055445, 0.2728879287498198, 0.3451173288945142, 0.3831163111346003, 0.005414618629779877, 0.2235120225483721, 0.003415405993416276, 0.05113485766274928, 0.631107876892058, 0.2269672062224306, 0.5260750242478202, 0.13538905365540732, 0.508436306526946, 0.19704997524931422, 0.10160532934188649, 0.6770094819617014, 0.2149999557749629
0.9846086110444826, 0.1856180364102955, 0.46411746837135304, 0.4401965906313403, 0.44518295097719596, 0.7487062376136306, 0.4265776547439044, 0.51268312646897, 0.8043336908830971, 0.33065439698587407, 0.9241302568350248, 0.9641044774628444, 0.4870951757770343, 0.5324285942468461, 0.24091282937632486, 0.1351473017825937, 0.833915840289028, 0.4760471996712421, 0.7985253256986881, 0.2780255682220848, 0.6715256439583844, 0.7853162865170165, 0.26889791288103226, 0.6267661215307514
0.6673241175600846, 0.7789745484750972, 0.8702242737504573, 0.3759363195044223, 0.07785045023124293, 0.462556194447457, 0.9043149762351441, 0.6956368706439972, 0.7470527092799031, 0.5916873472284999, 0.8976969319429138, 0.5297805848141126, 0.42003816536907845, 0.19239554177080043, 0.5336565816597744, 0.5919874089431427, 0.35306326508069197, 0.9201314428460321, 0.03231509965122392, 0.5860561605452619, 0.10823476407943611, 0.3026724273177078, 0.3349883626245044, 0.3969312920406295
0.3010756416343844, 0.2223941545264997, 0.4216200557339299, 0.4955708375813018, 0.8424537090815374, 0.6858499716411944, 0.9007382757665674, 0.6206838814674738, 0.7394324045198456, 0.375011858834963, 0.8354458827957966, 0.7079844803684231, 0.21620523354181387, 0.8222527419894484, 0.385355551769754, 0.3830403642212892, 0.6600280079330192, 0.9919877888532059, 0.7396571555388693, 0.25507542365082714, 0.21584374306029197, 0.868304730107844, 0.2721891611994507, 0.32976354059190927
0.5591348387655746, 0.4806783830734225, 0.15475496274950373, 0.5055442139465217, 0.8743793194298887, 0.7281519282164288, 0.5331102650728085, 0.7252902864293365, 0.37580537211320575, 0.4078207805131342, 0.7984398650591403, 0.02280935487383484, 0.9717634707753675, 0.9225711624962837, 0.5010367177267202, 0.9260464119503994, 0.13734829824719752, 0.6924319990921323, 0.4627876665881774, 0.692560912067365, 0.9490471658295071, 0.4876173097207309, 0.8196040374269318, 0.347541143097413
0.06065611371845969, 0.28758509835739854, 0.6383164931589843, 0.03185633145117128, 0.3148365206961028, 0.5215053637575612, 0.9299335956292056, 0.06694747027257886, 0.3646706992992904, 0.6172495602109872, 0.1435078870977594, 0.6841354868269606, 0.13612524338767062, 0.30319201628927595, 0.8111588671916935, 0.9365120090215662, 0.9520310201192091, 0.21024298777531158, 0.699633858005104, 0.20185038576686853, 0.05019738802603013, 0.3640061175949788, 0.782702583509793, 0.1688689052216752
0.9588508577815764, 0.5488092534659469, 0.48275587197748204, 0.8461748094076351, 0.5423846089399461, 0.8114519446148034, 0.4451347728445617, 0.27313764197200396, 0.28148584434913626, 0.8898465041315884, 0.048235555067131175, 0.5056663798849785, 0.7453662850024843, 0.05850219645025345, 0.5252918088901972, 0.6826870923748201, 0.13045829194958258, 0.8276208857696324, 0.32579756882957456, 0.4065360811619696, 0.6701923149312684, 0.86147918352282, 0.42826718185322055, 0.8170005750195023
0.654997303627968, 0.6042828080957307, 0.9182943766082671, 0.1924865228910848, 0.9416936963457201, 0.500885463523707, 0.9663178252437038, 0.3521674836864266, 0.41276776668681936, 0.04007394089604466, 0.7138860209308607, 0.41246445956903877, 0.2799344609672675, 0.693860732917152, 0.49360293161398516, 0.8834548565258077, 0.08449514727764706, 0.6873851652390742, 0.3332209579894162, 0.7460715718325842, 0.5692545933201055, 0.1759364394244517, 0.5846806668579906, 0.8125242810278548
0.01312274464518881, 0.9210122319756779, 0.7843275458819168, 0.6712424321334635, 0.008206603606102592, 0.6315605563049699, 0.5523796205125867, 0.6764543123829512, 0.4762603290516514, 0.5039259801357707, 0.9304103107966378, 0.011451172212619043, 0.11066799911998226, 0.1882534244046541, 0.3502444772453489, 0.4486302136736878, 0.7992537634736189, 0.987546620418042, 0.8272216180184574, 0.04316047913504939, 0.8402142724492982, 0.45230033687061455, 0.7984069341988844, 0.9247822782021844
0.02527752421086127, 0.8265856430713585, 0.9230610991993378, 0.8521783867865019, 0.06795758960840792, 0.19933573217962086, 0.12874336570875, 0.32603704112177145, 0.5454588757920941, 0.60446160929314, 0.7566086112851631, 0.773541893741869, 0.7775792464108592, 0.7758224658350694, 0.006505663016290519, 0.48528598825146396, 0.9315343615083852, 0.9939145183863414, 0.9261777814786369, 0.3289226869225781, 0.22609210889499498, 0.4012020270376997, 0.4393998497849366, 0.01984708149764136
0.31079281717070273, 0.6936252793860194, 0.9102872924165176, 0.3507338548917365, 0.18191901149262102, 0.21944106893946347, 0.5038591496929614, 0.17928535940588664, 0.622996129944065, 0.008582536113401096, 0.566857249945405, 0.7350928354306884, 0.013652732041005922, 0.8628772529942044, 0.5094197628358931, 0.6331755370604292, 0.9424912226347693, 0.8713057118502112, 0.26341633720040425, 0.4095562507314576, 0.7060555702942727, 0.3676083296151901, 0.5885340906702272, 0.3277317669085511
0.642368383457571, 0.8559775811649758, 0.7927758699291952, 0.28478999185528076, 0.02533097173940735, 0.9495219559469399, 0.08279625679772595, 0.20261248375323404, 0.026324706482450444, 0.9022580112752229, 0.027340900113137057, 0.8790560335871168, 0.6260419376759119, 0.14290860724237575, 0.16502684687149793, 0.5269376935217667, 0.01130446695761611, 0.351303137082277, 0.6141364723025295, 0.5508929475354158, 0.1925922853848605, 0.6459277274522278, 0.8287502529289342, 0.4779118837502242
0.006752469685615048, 0.01868595655642402, 0.38954237005059467, 0.6607691475503978, 0.6417123779769789, 0.9545572557229167, 0.46813169591130455, 0.5361387422829427, 0.6959450670739631, 0.006857419607728565, 0.5802983392750218, 0.07417634912148974, 0.46344781770455334, 0.3859192416281806, 0.07045650648867208, 0.12032915257981502, 0.05817741577596747, 0.36741808087431727, 0.5775326365677226, 0.6138781934521785, 0.5820924738134093, 0.9008160504712848, 0.5545119758491773, 0.5368344415484211
0.6769771715115773, 0.7189585474679717, 0.583709044216557, 0.006084948950857982, 0.801853100536089, 0.21889001017006093, 0.3523773692182379, 0.6520060866342576, 0.9732735469282149, 0.34519639557454773, 0.7650273577104754, 0.38419302491986884, 0.17022652500680358, 0.6044514505099949, 0.9196684691082041, 0.10729215120564384, 0.9049586482980676, 0.4058777058001489, 0.7109142534311831, 0.5884461354386333, 0.47723004571307337, 0.5076316007837351, 0.21359484296496656, 0.8038759961312685
0.44799920022676054, 0.6172667121554751, 0.7017984277635194, 0.8328545444393074, 0.7829434848137181, 0.2841549852825779, 0.03349396539165561, 0.6560810448709913, 0.9639503351450258, 0.5767302195209502, 0.30604957012930734, 0.17202611267380552, 0.44502501410891915, 0.7305051516699151, 0.7583159539804178, 0.7178664344745573, 0.510565185723818, 0.9069425417573237, 0.5082577075186191, 0.5921561487099487, 0.2774259355325527, 0.6184001055488956, 0.3493197665889861, 0.5654829428723457
0.19414154806381034, 0.09588205410689021, 0.6037581319134158, 0.1783749579541407, 0.8733428289694117, 0.8949439079211554, 0.26259771330101, 0.7574743735029076, 0.9667548543628689, 0.35578628080788766, 0.8932259116129443, 0.8226560182704441, 0.7099285352281341, 0.3062134514709063, 0.5604166523950319, 0.5000131038471951, 0.6115302650146767, 0.34679109573120537, 0.269624837873353, 0.23584623662029902, 0.020327880013874755, 0.9134723861260109, 0.4415259007014485, 0.943309362380733
0.4619948060270762, 0.1545973233884843, 0.7931392094143158, 0.052677591315238415, 0.22401205422115877, 0.20613423413141185, 0.3902587535188794, 0.462320223677409, 0.8133592232163874, 0.30173801115431875, 0.5909595998895906, 0.017089939852022562, 0.36246351810931177, 0.9580570586721938, 0.7546006048045317, 0.8566697904731094, 0.6202153002895806, 0.17496105922812, 0.7203443819318548, 0.2698586784900714, 0.10076102906712936, 0.7648610465800005, 0.1529178151372551, 0.2910835119436028
0.09338402385854827, 0.9018124550879882, 0.6745214961811166, 0.6153682702244555, 0.9930472816475767, 0.2597094174324486, 0.043980810692061056, 0.7594223483709589, 0.9537230286816513, 0.6764317130062456, 0.373027342255264, 0.34118880804010876, 0.029073714837167364, 0.16988001424152166, 0.452900025970404, 0.38225398331317306, 0.7932002549532475, 0.74961508395446, 0.5128590408149285, 0.684439604222369, 0.5400832318278619, 0.6299987599918792, 0.533658608578536, 0.3937555178178702
0.1024728720799366, 0.29184651057476796, 0.5310033988382756, 0.8530242822328757, 0.9174546126538758, 0.25230423955591497, 0.7131371757465226, 0.21326124382970602, 0.1437052604542599, 0.7573312024439189, 0.790710981187072, 0.4256742972438621, 0.4536835495653624, 0.02152422182216973, 0.8035849715249896, 0.7337418419057007, 0.26236385328744194, 0.366854151916003, 0.2114698013851568, 0.09261509231688936, 0.040204806363452805, 0.01768762574241145, 0.8357382128739224, 0.8453589235167923
0.033931407056277396, 0.6503049824643963, 0.3213202066591181, 0.19333854515015259, 0.7173785901181994, 0.15325797525529772, 0.042429989717025274, 0.7076908342673178, 0.6825139558168525, 0.2800347119946601, 0.5982328434911348, 0.19297209186355635, 0.1264731040600534, 0.11605492365672077, 0.8711068833953806, 0.5673539566288073, 0.20725017159987913, 0.16644770500566008, 0.4453787214009285, 0.7698381130543632, 0.39111493145507803, 0.7175599299437052, 0.43948741842118144, 0.5494896463763516
0.4040640919199111, 0.9481336687853205, 0.42067157887458995, 0.2739177431840244, 0.34639050869407295, 0.46483261840214607, 0.3216199821217184, 0.9663865735080601, 0.17808799288756416, 0.8556534899760541, 0.4958104593318423, 0.6537883518102778, 0.3165004039273792, 0.005936962931338385, 0.13705762176099112, 0.5293739653376857, 0.31118581474248674, 0.05902472695519578, 0.2574793757774072, 0.17593081407235822, 0.6956177257110953, 0.14198392540881, 0.46590635170793093, 0.24516118089960526
0.7861523551418151, 0.7938291230101947, 0.8417632670404582, 0.20331082631238717, 0.4422237429096715, 0.5955222398570763, 0.43455822221055207, 0.4327691338426811, 0.35775389657798184, 0.4106601859911434, 0.32975463257615734, 0.8197950081525665, 0.27830719421887773, 0.9063151844281961, 0.10035980937893874, 0.6469375522313638, 0.6337109318097912, 0.1915424161634286, 0.44267103761268034, 0.14150824073451895, 0.3733544164267377, 0.43562555463365293, 0.9666178700147467, 0.6407005816120657
0.31569777625501494, 0.2936086885885003, 0.5900151119696769, 0.3565872654481774, 0.9634574822106198, 0.9689374247132607, 0.9820908662734743, 0.37679585995083864, 0.6821088024198104, 0.007279853701750216, 0.6342958558814589, 0.8174902510811122, 0.06599832316232979, 0.9810574655273043, 0.46670765960317995, 0.8987437407659477, 0.17134236410982973, 0.29214765868958426, 0.8227043603137748, 0.9555585182099838, 0.1535435316083429, 0.32836182963477856, 0.2164541596961126, 0.9882547589117409
0.4626798598048445, 0.7876953614499504, 0.24239100738042696, 0.05615797107470133, 0.7863585434749588, 0.45271978003446056, 0.7713621555468058, 0.14354520830678807, 0.7459623317185753, 0.050113440345136206, 0.8799637500907977, 0.28852095146355416, 0.03018672770021613, 0.9293612335046629, 0.8831239417628244, 0.34476031292220977, 0.7706729127445575, 0.013590554250507592, 0.7355191261013396, 0.4062400185681091, 0.3677938831822145, 0.13744952888066886, 0.004886002251155874, 0.5482284673633526
0.44306861214072624, 0.05778474115475862, 0.354893450136032, 0.4732017973701894, 0.33496124722640896, 0.17169155638304512, 0.48992114319011293, 0.9994418568448377, 0.08030006027015568, 0.5228819754262198, 0.762041170713432, 0.7780431549037543, 0.8118561828406801, 0.29103939750508934, 0.6385117020619868, 0.5587435361636424, 0.5259531965256483, 0.2156417776564189, 0.1015084385815419, 0.6484338057397049, 0.979564923751497, 0.04261834527471209, 0.5610230530677971, 0.27221610271356245
0.81247275467249, 0.645824469294937, 0.8914252718517374, 0.5019079270519904, 0.9395427470836291, 0.4633616653062774, 0.8162932071473327, 0.06469608345052669, 0.8145442172235995, 0.7799557510814202, 0.9996609587291779, 0.7508104261912866, 0.3480442962454535, 0.9188285511820904, 0.07394065454687948, 0.457622108877204, 0.036711498726414105, 0.6951316666057324, 0.4231641535363819, 0.8131256688710405, 0.3480272239994422, 0.6464102437410381, 0.10458723101902045, 0.8065377784530112
0.921790235297613, 0.01579874518602442, 0.9618795263277689, 0.8745821501340155, 0.968878860743786, 0.34223924002779293, 0.39921595269277643, 0.6933197758496344, 0.08617376166657564, 0.5577358364335002, 0.41366214719328676, 0.4298148396067697, 0.1531255305660122, 0.45444249104839973, 0.34133460180999264, 0.8416277677086285, 0.5218554997194468, 0.23041444543953415, 0.8655033810319115, 0.04749575246981408, 0.8930558644170602, 0.585721075831025, 0.06901060863415209, 0.7756256331494926
0.5160067044619577, 0.507968376187626, 0.2086003610782573, 0.3166454436439866, 0.6496554845917082, 0.8777983320457522, 0.13934496807941232, 0.6435211067292861, 0.9988697735756276, 0.7030295707944862, 0.2606698572456271, 0.20404640870746693, 0.8665892001690215, 0.6303460398177085, 0.36527183333443713, 0.05544402630809275, 0.4672899319634939, 0.733630798314725, 0.6288078597157988, 0.8216466709730792, 0.6234307769623973, 0.28976663280366877, 0.9477309943566348, 0.8338820462461763
0.45961332043715664, 0.4634325664448713, 0.15788219272351034, 0.32932360242398884, 0.5211382766015128, 0.1478642499733427, 0.33544996687058093, 0.5308991720104622, 0.008355340564104807, 0.16487561158594377, 0.9101803918628287, 0.41891628079528553, 0.8068894317539679, 0.5626384502679487, 0.937864089506313, 0.07427836783218644, 0.9075276087795243, 0.3815309922624214, 0.08266318653431814, 0.6581531699489035, 0.9636353551968604, 0.43885074078213393, 0.790122299857482, 0.9552713978992585
0.5872240360888787, 0.7205588456803973, 0.543283660055814, 0.6648328323991968, 0.3197616957662409, 0.23784847173743873, 0.8791887268010043, 0.5145099798648066, 0.07190872195681908, 0.39506627421590235, 0.5074540373522455, 0.23319119425094703, 0.5306542190822071, 0.543464040047899, 0.44392054021871086, 0.9025231380516672, 0.2770371063840027, 0.3675222305474354, 0.706244953690924, 0.789754881745625, 0.46983250490690465, 0.9146576693047827, 0.832473477117017, 0.6589405569711092
0.3245683763399363, 0.1924309836749687, 0.2052984252539014, 0.09030264264257981, 0.01951066083084707, 0.48484167416439894, 0.5231518550420337, 0.35668962545383753, 0.46841644178967656, 0.05014860671758459, 0.5425060079037045, 0.7022867978588316, 0.9465800313784912, 0.7668678179093535, 0.3066436489359766, 0.4158178370908434, 0.5864056450322663, 0.5721936523906618, 0.9959593478744072, 0.8173450419732983, 0.7919867016228446, 0.6978724387462493, 0.45751933422088786, 0.7433549185768389
0.22572927815700838, 0.4912577535603918, 0.7290931592831316, 0.5062865076587242, 0.7070621803700474, 0.47589090467447515, 0.35312554027942866, 0.5309308609695434, 0.380289326429463, 0.978331208473094, 0.291675485002871, 0.11303775865979482, 0.07746166775875996, 0.18588742045856088, 0.9592241822566564, 0.30624160089941, 0.502521796513705, 0.6004491906394628, 0.5861262335465733, 0.8016403189747446, 0.8605810303517795, 0.3744055520505981, 0.49271886135983145, 0.28957037819532216
0.026829392640279726, 0.8552995303713272, 0.31484787786190116, 0.30218354326296515, 0.14839780888656795, 0.9376221315377228, 0.09740165876838391, 0.3833922429022767, 0.09478614568466348, 0.3060078557745376, 0.7007229455568182, 0.06594317057386978, 0.004233466820780851, 0.22272488386361444, 0.990128303057377, 0.43914847964866166, 0.37352939968284826, 0.4426275766105904, 0.7061451504486936, 0.08248492099950933, 0.07001658144307088, 0.5023596930309254, 0.5304535335172512, 0.511884214950006
0.49577652726272714, 0.40585761976777646, 0.6895812246764468, 0.47232882261675924, 0.2614934777513156, 0.1765398935851945, 0.31933550714953085, 0.5929426992655549, 0.562417035972732, 0.6884081777548349, 0.5465384827422046, 0.044873696143120534, 0.6638317417838057, 0.0469737641190332, 0.7554688355782031, 0.9944403473992206, 0.1982260035607376, 0.8511039949641891, 0.11725827868957905, 0.5950984344818372, 0.4724987154230189, 0.43675854144360526, 0.7164479986264142, 0.9024664069837961
0.45962630595626663, 0.7951196827281325, 0.051171145249877203, 0.12204137905213697, 0.7652454156445943, 0.17665956429114082, 0.6077348169875744, 0.0995057027451065, 0.49573986632872347, 0.757623965991484, 0.27491226904538224, 0.3131286661473762, 0.9536987332630774, 0.3992257996946532, 0.591912402249483, 0.6092832842337191, 0.7609484990607777, 0.7806646778384724, 0.5294102696771575, 0.14160665979756593, 0.24629139411101442, 0.9229706718500639, 0.3016674043824834, 0.6451246698956326
0.1516069357701263, 0.5823558894318006, 0.7381252288959733, 0.2658929791009951, 0.341806606210309, 0.420527000363337, 0.5060322442774158, 0.33614458123828383, 0.7714583536769656, 0.1342494071268372, 0.7628651036787758, 0.6943587098663334, 0.8302272826109279, 0.2055597226972915, 0.6470932735023793, 0.02111071591880309, 0.0905295751903511, 0.96587038604619, 0.7551418058926115, 0.8732656459076387, 0.4641019599220969, 0.4435719959189435, 0.26783209028019994, 0.5027467473936816
0.1265873191484116, 0.2917375185857811, 0.30490417418985905, 0.5505603343256033, 0.8073626457065955, 0.31100034013338895, 0.4581006849662559, 0.9617804958924208, 0.9397393946492821, 0.45624210469809623, 0.050332983414293375, 0.2567340457212923, 0.03794054152834925, 0.497483618883205, 0.8202649287322665, 0.1308391298672753, 0.8978861105262661, 0.6451323429740814, 0.8030376957260641, 0.3401616742956822, 0.9337360127394543, 0.409230949208788, 0.4698712373315701, 0.8525476930383845
1.25014588833e-12,0.00014256579234,0.0887015076142
3.91406780596e-15,0.00012637184754,0.214827730181
8.88027973239e-12,0.000256471604163,0.118535676826
6.4629498155e-12,0.000665554320442,0.308281837972
3.46908592875e-10,0.00132664746065,0.387448312244
2.3419890148e-10,0.00197763527802,0.589250204686
7.38651710301e-10,0.0049916668234,0.895919024896
6.49433931222e-09,0.00987548754204,0.839029017209
8.60415523431e-09,0.0205817971083,0.992929668849
5.30416473398e-08,0.0419710523061,1.1750875038
3.4455548239e-08,0.0767970112536,1.80880645019
2.37016409995e-07,0.145055041263,2.08506471563
8.54905119997e-08,0.341789445404,2.20007948785
3.82677921861e-05,0.676964555993,2.33304381708
0.00302453900674,1.27702467251,2.54113707462
