$x1,$x2,$x3,$x4,$x5,$x6,$x7,$x8,$x9,$x10,$x11,$x12,$x13,$x14,$x15,$x16,$x17,$x18,$x19,>>f1,>>f2,>>f3,>>f4,>>f5,>>f6,>>f7,>>f8,>>f9,>>f10
0.8944515808990247, 0.8263424098613473, 0.173169706628714, 0.15699512959951667, 0.5475208710225994, 0.11994017924793188, 0.6236272328160727, 0.8412304632012426, 0.2876815813214194, 0.575935820539381, 0.287997660904894, 0.24358421623598991, 0.4128521055326294, 0.1085013324646843, 0.04633409359426044, 0.6788398340989136, 0.16292730505230524, 0.8759126179113291, 0.12348158274681609
0.1545811822185248, 0.8080492193404288, 0.021979831191607624, 0.20079033600629514, 0.3097523736345329, 0.37785246040789133, 0.05218200734320755, 0.2548981665392074, 0.26924164960282604, 0.7355494045378727, 0.8638874828399977, 0.9713086613053509, 0.9355379231255815, 0.43246582544669754, 0.08850552482465734, 0.32123167312573264, 0.04731677944909385, 0.00856205536930188, 0.9110012026822494
0.998213177571254, 0.7033004226273792, 0.8726643749116112, 0.23552886212708957, 0.13730632653074926, 0.6365258328867546, 0.48811219207264234, 0.4617861212510006, 0.7441366293783201, 0.6864302802344162, 0.222385088722046, 0.11188184668804146, 0.5286264662987669, 0.24070781460405455, 0.20668307286291232, 0.3535907457482227, 0.8749895555338706, 0.8590442677404905, 0.2262174593768843
0.06907383362666031, 0.4950603747693795, 0.6364448583631719, 0.3998726569154618, 0.7422533452144863, 0.7359525138953856, 0.01641458512522609, 0.907680824128552, 0.0910016009345741, 0.3166927566319556, 0.16500507922708452, 0.027015392474627697, 0.3904437089626668, 0.6946972330997118, 0.06915755483637165, 0.8869762053619225, 0.5422218089256455, 0.3691757303103046, 0.9083917045567308
0.5624215534298471, 0.5261357868839706, 0.7265886082033312, 0.8341808203304955, 0.40295166298496476, 0.40206884891785943, 0.4474460501700328, 0.5686687597734215, 0.6525162663970455, 0.21163982013912164, 0.8278942047613934, 0.21756990293657374, 0.4381468831259565, 0.572230839536458, 0.037724343119880266, 0.3101533673025726, 0.9558337945465324, 0.9749838288348391, 0.4460412917001989
0.9562823995882337, 0.3181825412667736, 0.4455249280415652, 0.35904903849395287, 0.29839444350574185, 0.27435170696448363, 0.40676412066578727, 0.24244219556880853, 0.21500399420043292, 0.48213345840644783, 0.534660693674446, 0.4873887762711221, 0.301690218566136, 0.01941344324873917, 0.43621579402763355, 0.1356508559863695, 0.8057187128298164, 0.003367805813545899, 0.5162389864291629
0.8511999278682685, 0.4875300147570628, 0.25578052731101386, 0.22135560340196325, 0.012628601094858305, 0.6663682503420082, 0.3496121629239052, 0.8962087587612394, 0.41060453490989823, 0.708228017445895, 0.30218403441421793, 0.28932940156805265, 0.3917360073663748, 0.5851311454739542, 0.6736322894304585, 0.8896002917752615, 0.5560721215455017, 0.2908755641657811, 0.29436048709583207
0.9062161627730255, 0.0133563477013795, 0.08498496211119067, 0.7666128059031042, 0.2606299072068031, 0.7326320054638142, 0.3285744362827807, 0.801465749578433, 0.6292573377661504, 0.7889296604349632, 0.6973569526309563, 0.5594505559455044, 0.021704422823882186, 0.46813289309672734, 0.8445996831764817, 0.9915292978078506, 0.7575801300204189, 0.07347215407501073, 0.36523053726033794
0.5449828061341153, 0.8263938466602675, 0.03603888195280858, 0.6583167956224621, 0.4158564309449613, 0.1804400397424185, 0.5971885234796902, 0.6286052229831405, 0.9687262975989392, 0.6641692140648702, 0.32976711132772896, 0.6351271617209402, 0.7457972625796159, 0.01605424675752576, 0.924337881511573, 0.56179957583369, 0.3920271930876317, 0.29884125256766614, 0.4342583510921939
0.28014328819470224, 0.516981379197422, 0.36351109120183445, 0.04415503033541279, 0.9569855765646686, 0.41113799199671486, 0.34844454011114867, 0.48251431571234016, 0.7599227240452829, 0.9803918804599535, 0.010283886925872565, 0.7799881318682942, 0.386549664336713, 0.2989851634056767, 0.21176513934745944, 0.30588488196572217, 0.7959616501020135, 0.025153109353491576, 0.33997887321711906
0.7416692109903966, 0.04322203138099745, 0.591882489986665, 0.5914435424531795, 0.7086332073408407, 0.7282692967718608, 0.2928050465902716, 0.9046874052246253, 0.04937999266341164, 0.2745185999140851, 0.24687072236186713, 0.9671843170546901, 0.9092575255925714, 0.8344144153371242, 0.7976306585804351, 0.4068009278676059, 0.24344701563518423, 0.37942207647968007, 0.563241285444679
0.3833313570826544, 0.7976480653023543, 0.08765408734367564, 0.08040538552554233, 0.760044169111431, 0.7173177261214908, 0.3940751574321021, 0.8073248488266683, 0.31795234085596324, 0.012674371160113385, 0.6226831569566174, 0.3732752055203086, 0.11677349248344449, 0.8665437743672493, 0.9528876568360921, 0.286874471968141, 0.26112060367915846, 0.9195305543301168, 0.5770553103633426
0.7521655288476796, 0.21787735785655749, 0.5682866515270794, 0.5034282417818221, 0.4015525766586968, 0.3615535992046791, 0.881670131075733, 0.7605915175571825, 0.9961252908326316, 0.22599686265386543, 0.36470766987155545, 0.901165815438583, 0.748832358432735, 0.8034137815120667, 0.8246592856381748, 0.8604597369838768, 0.17692944695269985, 0.7007996822284766, 0.7381986856527992
0.516015725863557, 0.9371040696055303, 0.4793957698609943, 0.2970900048127336, 0.594500412030432, 0.40544476269854457, 0.6228294362022282, 0.5758782118626673, 0.5847143456316621, 0.000305583696786349, 0.8678462313035294, 0.36310329477486913, 0.6652186278798379, 0.9993399260097332, 0.06384063548656937, 0.1980767566938335, 0.8718908470237688, 0.35191049555434595, 0.40618414079533816
0.45521181140136424, 0.45633283688905957, 0.7880455083550054, 0.19711584481325284, 0.1248212719053764, 0.11315397520663084, 0.522756097724644, 0.9930847261048859, 0.29876618555152556, 0.4723350876403085, 0.9550874182729285, 0.9407440129753473, 0.5948127961994362, 0.1501175838212364, 0.6790681342836351, 0.8709374203902525, 0.7253928650651987, 0.377546493054538, 0.3456699429697522
0.5405290892936736, 0.34725339833958224, 0.6794658852257198, 0.2391954490892192, 0.8518660974787325, 0.29256765442290833, 0.7066064098170576, 0.33264118596408554, 0.038710279754240684, 0.6840812153233261, 0.7161106281929017, 0.6768931991228598, 0.8751096586784182, 0.4950152766712522, 0.4923652108757176, 0.6444209974256253, 0.3332944324685424, 0.03476144175040119, 0.5739070285228798
0.25935730633979903, 0.5304081049518576, 0.5321097660361632, 0.07911018961536531, 0.6662709007573463, 0.8155304825668692, 0.04353829764344841, 0.3451170662488726, 0.9220394294094579, 0.5047632029411829, 0.9892086716838215, 0.7802285333713106, 0.20557983237637512, 0.16981802012595082, 0.42772794060314734, 0.891364834602839, 0.483778826176969, 0.4004221452204846, 0.7245106643045012
0.634371674792418, 0.1377121371801685, 0.4413472357402274, 0.2799819845102719, 0.9443318304759173, 0.19775765511528065, 0.5581355131228094, 0.62631465644845, 0.4909995801124195, 0.6741803465992358, 0.882219011272546, 0.20205341463094828, 0.13676870597277735, 0.9968793168160518, 0.7310800310775982, 0.010100511840467341, 0.4744883853338667, 0.3504436868597084, 0.01877205743058108
0.19371120245246298, 0.3033643180605544, 0.9629868503492235, 0.42038926692198886, 0.027897371970930007, 0.7994534549615061, 0.8896468943961678, 0.6326195797379419, 0.016035855188505033, 0.3649421434766159, 0.13097816626447856, 0.11431919001514557, 0.39049381261413585, 0.32645177626359445, 0.4329214776500889, 0.48160247914411825, 0.35785152701252376, 0.7846789335669266, 0.7566687892520424
0.8115989940479564, 0.766830753042057, 0.6851275859307606, 0.37537678489630677, 0.3526573003171264, 0.8691735284198946, 0.46459085369972164, 0.8605970317409626, 0.738181108398257, 0.4441678032534211, 0.9929458085478492, 0.11905211913943492, 0.6997915894597252, 0.9487144563160045, 0.6376582061022559, 0.5326138282532639, 0.24521040763664415, 0.4024615794117027, 0.7761543889940608
0.7845175901417324, 0.7649904823500494, 0.501336514838128, 0.519051019171606, 0.6459367471890048, 0.47524598113069694, 0.11671864558610645, 0.13759935084799235, 0.903880492727284, 0.2922317611319992, 0.43243130343284697, 0.5674326334223657, 0.7474469536302989, 0.5576970927679527, 0.24915010800807635, 0.9964492490910929, 0.6425819943655798, 0.3199152359073836, 0.3625197594223589
0.7532094949512487, 0.38586182956515125, 0.6646869818770856, 0.9366927993570073, 0.25191853661144525, 0.1640370322276573, 0.42669655786429184, 0.8009485331762012, 0.09742287625582413, 0.1030355898741736, 0.24916815510879653, 0.5674390212961636, 0.09611886205022702, 0.36068752066908694, 0.28439072226004314, 0.7421825508656464, 0.25978380157698455, 0.015272710045455051, 0.8046518614223029
0.4830520057530606, 0.2377569757055027, 0.5610108737454582, 0.39660207842294115, 0.03397365473554237, 0.15571951793230598, 0.3562217270070037, 0.18219937010800635, 0.3854088256319942, 0.23890181673483313, 0.7088498815258241, 0.7803292498674407, 0.3940154622136597, 0.396865055962198, 0.3883004858004464, 0.893795672745743, 0.5496824842233238, 0.07788440849412148, 0.22436628330274633
0.4940040278277883, 0.45034538176488925, 0.28082870829576, 0.8150428495718014, 0.05717689854746222, 0.6670778989244649, 0.6185458259142135, 0.5514811610130087, 0.6819993069675176, 0.7031611449650881, 0.8629136082272444, 0.5578768673545711, 0.5076454204527292, 0.48447181568142916, 0.3655740072791236, 0.16242746355945814, 0.23187298955184532, 0.6055330830952289, 0.6242612483258279
0.810029994616761, 0.34001515663374404, 0.8060442029306868, 0.7037990575379451, 0.7024744191510264, 0.35719334021810534, 0.475233219185781, 0.8676362054792229, 0.20499620679622288, 0.9273557234115616, 0.4476376177351781, 0.021527738936924168, 0.31964733013036617, 0.17896283573967053, 0.2097398439731517, 0.9913216295482689, 0.6629326851828853, 0.5494079936731149, 0.46234568044742963
0.6549251530107587, 0.9022835254959859, 0.34189406092112595, 0.565571817558762, 0.8072236973588806, 0.9212570123207229, 0.6295441271144414, 0.8817830025661367, 0.9674290875322015, 0.8438479974718551, 0.5404611999646212, 0.4034178500065959, 0.5482103421529423, 0.8207158736511526, 0.13918528742462266, 0.2991034716552933, 0.3259364834203551, 0.4413199766307738, 0.7135585518957057
0.20029835428115983, 0.42494723382628985, 0.04631168983400791, 0.7179091399490747, 0.06638678908661688, 0.08231218137105967, 0.81488431783039, 0.4841341833143944, 0.793986754633627, 0.7212159699895145, 0.5028626366160548, 0.48377170580391504, 0.6859719837805885, 0.12023156863139406, 0.9558542054174073, 0.8407940765372196, 0.5133785902132397, 0.49998726738822963, 0.8963024137626262
0.32947627980593364, 0.7618529782142137, 0.6836033214085767, 0.7359158446461385, 0.6230709854504284, 0.5130789929555464, 0.10246317354534829, 0.37856615070480526, 0.30091183541432587, 0.1801677047891943, 0.5648505498017337, 0.11335464697694386, 0.03840497296783607, 0.059664459547358106, 0.6544716740009945, 0.041454933574781916, 0.21193907047819494, 0.4602948420726225, 0.28326094014092373
0.05776097348578535, 0.06066144074633917, 0.45261694694698995, 0.7060292630499018, 0.5036479947100797, 0.3331220342012773, 0.8301828437835375, 0.7978812798807469, 0.0972289482829406, 0.5405242900491469, 0.43063457782024006, 0.5733862087316074, 0.7332189258459287, 0.1335738833420188, 0.03929544864386214, 0.04788304406985455, 0.15839483741712157, 0.9352039312507946, 0.4097823579967773
0.5515336840957145, 0.21349420466088465, 0.8952088214428192, 0.674313256589565, 0.8065748327097464, 0.6779955050620172, 0.7565851699638608, 0.21110629168646555, 0.20966328449169214, 0.7332398775600968, 0.8915170461513311, 0.8243468389356531, 0.5431753183688345, 0.4026733411531447, 0.7739594721548533, 0.8917379390000256, 0.8623801227051723, 0.5253115224348773, 0.1735449952432807
0.8075775861685673, 0.29646637006333043, 0.7426354268669444, 0.4393278930733431, 0.09265466093561614, 0.864042709564925, 0.6102306700698008, 0.6663107247061789, 0.6866460553719027, 0.9550173969228912, 0.9496853467001594, 0.015713415766139383, 0.8413157336809777, 0.9839508210053789, 0.3759651299301976, 0.6883844712657992, 0.3085603716112971, 0.05545270183515549, 0.7399531512734222
0.30730095620763187, 0.19450978170955635, 0.13907841554549993, 0.013177767267379514, 0.944829261147358, 0.9418948099947688, 0.7171778931704226, 0.5562766487553094, 0.4616731943047193, 0.17724899248446657, 0.9515745191605056, 0.9785258273667655, 0.509495387548134, 0.17532988449341158, 0.06970101384410388, 0.044430222437288114, 0.19444433046690612, 0.3849536061183928, 0.5941347549599694
0.8912303326038061, 0.8431919472986044, 0.7968730674500697, 0.9669564897764785, 0.2452855798960224, 0.23855519448963236, 0.6217964422415987, 0.5873345912752619, 0.7697392265256364, 0.3709609905468674, 0.9966682555578358, 0.7614738515750642, 0.574930129239616, 0.15165529820218826, 0.9902446447460114, 0.2970397332586532, 0.7120799336840248, 0.7343726593722215, 0.5890155744667187
0.7154380497363027, 0.7189712148739951, 0.07110025780260776, 0.8988760610316285, 0.6475390612559072, 0.7807907929719053, 0.23069474228598186, 0.021279081356789464, 0.04622081856498805, 0.49134240712092636, 0.6058976119976667, 0.84163305650562, 0.010635096072498018, 0.8224382263264273, 0.47937483175880835, 0.17782365464642425, 0.6630332849966476, 0.03694572085422276, 0.45371072445382277
0.45382731169761437, 0.9559487341349373, 0.5161956433049487, 0.9128838443426709, 0.9215101043955236, 0.5479089482220372, 0.5420243641279598, 0.535864082260412, 0.076747654031466, 0.5913841516818857, 0.5618540698909178, 0.793160009511512, 0.36287458323382804, 0.2255625888682966, 0.13072931543046185, 0.42043229353018574, 0.6247877928151127, 0.1010204346664001, 0.08542501954552095
0.37025686389478907, 0.45290747663147324, 0.9662249366786915, 0.5020927039248266, 0.08300797353526101, 0.8517325683584921, 0.5773518747194927, 0.9406336759609619, 0.7769973668189311, 0.47542697209586215, 0.22139308405720104, 0.26693089585127683, 0.6211007816646241, 0.06148667178746936, 0.6856572458414703, 0.8209692771296967, 0.8611676956304516, 0.9435050473812283, 0.7237317335893353
0.7970901888580906, 0.11684553501757533, 0.9885486002149956, 0.028355537312474866, 0.15492964260297415, 0.822515955036747, 0.6789446682184261, 0.5012598726664591, 0.02649820518942836, 0.9070839189418376, 0.8464811843014823, 0.5249160789919558, 0.858206569823218, 0.11084809731665934, 0.3070788126276398, 0.49296490554126005, 0.3309558037951231, 0.24354088109802075, 0.8735281525277672
0.7195571705328101, 0.02612559064306441, 0.9157548883776673, 0.6823613224292386, 0.48362357340391937, 0.6360451951348298, 0.04541055385337911, 0.5789112436996348, 0.9478561945608976, 0.48462534114850253, 0.0020473881119280612, 0.9448967579919488, 0.5147720249568081, 0.2542804060492795, 0.5988242031092986, 0.8413966731000845, 0.47709832825776377, 0.3188066169661551, 0.3320573051510124
0.9289514065874344, 0.7977120253935103, 0.4811812637321147, 0.8705508206296256, 0.29391542364812595, 0.35595149903748446, 0.9581399451930225, 0.6300135436484431, 0.8058504127902918, 0.46334774774482435, 0.331917751695329, 0.10309959646692535, 0.23162521298747585, 0.018386863138956877, 0.8052539308794336, 0.5956307313369515, 0.6518501888355446, 0.002835609215953716, 0.6978152484225979
0.08401963749301966, 0.0060283481856522325, 0.6764144229442619, 0.33810488232849345, 0.5510514754338403, 0.6833096631073247, 0.5453833344621616, 0.5474090381922236, 0.6385454734365867, 0.3930161033838686, 0.94740496394472, 0.853588019600432, 0.059571629691059336, 0.7744578645663001, 0.9590708708961183, 0.6127962690749689, 0.4302581502598991, 0.39634322383251774, 0.7518870771041383
0.5617181976757916, 0.10285731232511452, 0.9628733751650653, 0.9373161107055894, 0.244330812181901, 0.699764972891866, 0.05270266831830217, 0.5770006208386064, 0.6721697151504332, 0.46573254211475146, 0.5965133445552263, 0.6670723393805592, 0.9264093254924275, 0.9829772803435447, 0.049001741049695346, 0.5155462774564978, 0.17731597846296654, 0.34973572196716307, 0.34826477120990806
0.45495082937887954, 0.8279907301426372, 0.39569005461831575, 0.639411153961563, 0.6721054909085177, 0.05345174916701423, 0.9556552855142995, 0.33573989914119506, 0.14980742272251324, 0.9397119121903902, 0.4457830148129428, 0.5983551404567479, 0.601333838825037, 0.12245542047500191, 0.7146660175474119, 0.6492151836635447, 0.3033644982360084, 0.7945982139105721, 0.4721396006522909
0.6229337002356173, 0.39496977089550667, 0.1288671620620513, 0.27508406273598474, 0.9683060136768782, 0.016975812514004596, 0.5801192339251116, 0.2739017299708435, 0.5190688207636661, 0.8397908028601818, 0.8643744173963248, 0.27742566190974227, 0.7093565668950188, 0.2650839388963311, 0.10764668518895582, 0.1389252798998496, 0.7215444570003076, 0.3542067859665372, 0.3081838536128484
0.5677930139393539, 0.9114901611413987, 0.9790110375991208, 0.4078115917452507, 0.5060975819762679, 0.35354138833431736, 0.6432266537231452, 0.3947242088262981, 0.3223708095604598, 0.16170177619550385, 0.9132814364268896, 0.28573438468191736, 0.8351047629704851, 0.9024720385747425, 0.5569895131695904, 0.2005086156277578, 0.5695095016688642, 0.6625472091091237, 0.929942519931812
0.297417408772924, 0.9322483645527981, 0.4741416979404226, 0.7486117574651127, 0.3354744382544004, 0.42943343764505737, 0.5145609496763601, 0.8631336055504946, 0.626111960317221, 0.8266195867061021, 0.07065205216343551, 0.4492967800366884, 0.8638788666795284, 0.8140173295879602, 0.9929097931112403, 0.3926324917879286, 0.7157698201314359, 0.9929414363370179, 0.26711481261813586
0.8519591871294091, 0.23644288410616932, 0.6581259450609543, 0.06905191777140529, 0.42144490068662366, 0.13194641601642976, 0.7620272313388129, 0.9157668119805946, 0.7219715956459555, 0.5646813941193789, 0.832281195129266, 0.7664605103761556, 0.3851796040415236, 0.7697946146391476, 0.3150473308900569, 0.248960278815599, 0.2586518464685025, 0.6022014637098666, 0.36403810092804467
0.41020877106752396, 0.11544486088951023, 0.6948382656563374, 0.5663527944735419, 0.8148186204419293, 0.25668259030295726, 0.874571452491157, 0.7071083029470531, 0.8792469922678249, 0.9795426275199907, 0.3091170506001242, 0.9920644352126646, 0.4925598263299229, 0.5731080410906305, 0.05495132133268865, 0.23347585663524395, 0.011207021735742284, 0.4636343943985153, 0.7666674242592113
0.6522255258249782, 0.15123145461480236, 0.9134782609290728, 0.30292818488917506, 0.5431715224143902, 0.009183731270604567, 0.12026237124566996, 0.28518467549578663, 0.31750359023234165, 0.5394678183121889, 0.4246490360252495, 0.08040994058659112, 0.0062182356194886435, 0.6146867699183649, 0.45961792528973877, 0.919821061882227, 0.9984122739537391, 0.6186286607479038, 0.6014933424153845
0.8417513964687542, 0.2807671561830264, 0.7751640124281677, 0.8839790447457974, 0.9186747602151637, 0.9272111104164571, 0.8035166910589877, 0.45933102937059, 0.7006489219681955, 0.5751830180823913, 0.6075074642078132, 0.28858862694484966, 0.29639340066772113, 0.8312530759255217, 0.6456284088848576, 0.5092729580156653, 0.36994691985554373, 0.7706264955719011, 0.9750033621285579
0.3130888075455951, 0.1516977388448576, 0.4539581353321418, 0.7097606280078544, 0.08358049656116051, 0.2581483053067576, 0.315926246542922, 0.8689307771560165, 0.9451094441159468, 0.0436314807262983, 0.3812387626244863, 0.8246051418280586, 0.9946098365354255, 0.6426242615314302, 0.7658713290115828, 0.39174408453960363, 0.22507912384535145, 0.8178033320626922, 0.23019068767733852
0.976169154337402, 0.7225419311915408, 0.8429996453432661, 0.07788526257315864, 0.09585433895652273, 0.5749617480912275, 0.960229486381441, 0.6820040765997701, 0.9086883978250538, 0.2839929507600609, 0.627666659607957, 0.31065367656097187, 0.692618665483215, 0.29111529288000093, 0.09847539167162267, 0.4216706274769453, 0.10653333183037905, 0.6167606974633263, 0.23503022123433537
0.22198999408805364, 0.978658211831062, 0.005285911391783471, 0.4167187005023236, 0.9713257220325705, 0.2512129824464494, 0.7850780263493319, 0.1030701336655242, 0.25704074475811156, 0.11990778908491995, 0.6519509420707263, 0.5283693019380669, 0.43444395490093446, 0.42654615027790554, 0.1497777756467752, 0.5677706602470962, 0.888627819281705, 0.7509850821617623, 0.5422577397000237
0.49936283756162403, 0.29891086241660214, 0.5115044511534087, 0.3211578449284507, 0.8333403001341539, 0.7202862996678755, 0.7804677902693546, 0.2839584152691179, 0.4372754717304326, 0.7030469869526197, 0.15995159852971874, 0.0853366419395789, 0.33663212878736437, 0.8190903081457493, 0.9834337940801291, 0.44525954962962633, 0.20156592213446078, 0.5556714072475105, 0.9007712647012697
0.24797508390162615, 0.2576693117674391, 0.687835666552347, 0.3686419133358012, 0.19155391443622283, 0.46409767065779906, 0.3578369256246713, 0.9514566034616336, 0.18913125529353159, 0.23639835583558266, 0.3877659037879123, 0.8654339687973046, 0.8758290510184339, 0.48047368039858895, 0.9030790694577143, 0.4747244877677709, 0.9907019129461659, 0.890903435818675, 0.05630377279066767
0.4642839437562869, 0.7209664376969033, 0.8943585521860223, 0.321344991948465, 0.39293542838337914, 0.7589611434512655, 0.45424263812302945, 0.7143981239581619, 0.17987343617799367, 0.2921300981220748, 0.18355149058268472, 0.20281907814599098, 0.5262971553034245, 0.8901175783086135, 0.3339724404973501, 0.5144483080915448, 0.06793590780752834, 0.18465711461980494, 0.6698389792527565
0.8209603718705989, 0.0771912213363396, 0.10011310279852603, 0.9637754093220575, 0.5561262956313202, 0.14401281284914202, 0.8111884763803364, 0.2126442078621873, 0.4075907852544689, 0.3114590222886836, 0.1713310564886067, 0.6020707589810622, 0.45913577818676654, 0.7308889413520631, 0.5675303072087066, 0.09830683320382139, 0.8447855435419539, 0.11714187939493514, 0.11783078625336452
0.16515940490101255, 0.5409709395279537, 0.01360898567732216, 0.13235206300750535, 0.8699957539544174, 0.23285609142373853, 0.7909908581318241, 0.6772087743405898, 0.2673399148196529, 0.13438863840449633, 0.8894037371442735, 0.9861152927844498, 0.1583755542755485, 0.6318186803036715, 0.1910004143084667, 0.4637926665752983, 0.9542535861067843, 0.21354475916927051, 0.693625060075279
0.050252537820827725, 0.8557953558385614, 0.5847197395506983, 0.22368413031890855, 0.6085277844639734, 0.5810927989593263, 0.9745431632258662, 0.42183234873712416, 0.2687426891773519, 0.6086506711180235, 0.952800229234493, 0.6296209584056978, 0.2544220652647998, 0.11862854272213663, 0.6477883541090856, 0.5645047587180233, 0.48810287119128315, 0.08697637567644245, 0.40216645199328904
0.8649133229924448, 0.1420153226268418, 0.44015874871333194, 0.3395979613646418, 0.1529494324239583, 0.4073264446712386, 0.9940669065208956, 0.40673359566730527, 0.023769613198332595, 0.25463904091497525, 0.2688203687605235, 0.09290516519864633, 0.4869793819552699, 0.854589621661742, 0.7168240997946422, 0.039051639359494295, 0.11111765151270447, 0.37148650344346024, 0.33844458302641445
0.2950726332052078, 0.1800516709731116, 0.9209803513924206, 0.23022770950873028, 0.19378538387640665, 0.5626877524496405, 0.38223199285493725, 0.7256519574986341, 0.7514563717681297, 0.7589299330308109, 0.3686232023081366, 0.5529125021572924, 0.7195195596143247, 0.5493954907790423, 0.5267406625777233, 0.15804102043730783, 0.5439153931667758, 0.08768745895302277, 0.4824035509007192
0.29228794291035776, 0.29649843613934745, 0.8874158909898311, 0.982416832737399, 0.9630401286956919, 0.4899744924136811, 0.017470293732206654, 0.8978938374034794, 0.5518737429768268, 0.5628826034700172, 0.49928259859787927, 0.7743374461560407, 0.24225418862762993, 0.7561696885420737, 0.70247283504242, 0.09701717997918968, 0.731445069031071, 0.4737409151320512, 0.43115788577570846
0.5662553675079969, 0.3444258544838784, 0.7644414295944925, 0.238253076413103, 0.8890167095148509, 0.9640663642753461, 0.5828129347953889, 0.4977123445954298, 0.4969434465828305, 0.6650056455427237, 0.7349717514229006, 0.6019794521890759, 0.33543511887596456, 0.4988096262724301, 0.6995067827728183, 0.04573874941431588, 0.5176755939289542, 0.08156660660334492, 0.08453331900927674
0.6786064334155529, 0.08438446929458687, 0.16896004373198936, 0.6674009851119127, 0.14280013785325407, 0.19943671695360843, 0.12169238789856962, 0.7643526718003885, 0.914540804770663, 0.2955628093435403, 0.32547735487189267, 0.5014049529226153, 0.263041941582121, 0.5756899612550784, 0.7462105666378397, 0.23165289502296815, 0.6016898056237301, 0.02021234250429671, 0.2122874709972863
0.9922386415745518, 0.4830297872482697, 0.987342157347099, 0.5226492783956533, 0.12417178711299426, 0.992906524295032, 0.25894148657853155, 0.43592993905326893, 0.7788410326399687, 0.5963637894578363, 0.8846729292973322, 0.6094770655444044, 0.46340343262716177, 0.5096843462608379, 0.5792088727835892, 0.317629224582174, 0.6531526262920615, 0.7280590797449847, 0.03213919785612218
0.7338068654601276, 0.9673904077834856, 0.5070075346158187, 0.038290678305227144, 0.5879696313569276, 0.9855406482624329, 0.6085666614386225, 0.050422168576686355, 0.2866832801147381, 0.6059795954743892, 0.4662702668525629, 0.302081872323414, 0.90682123635002, 0.7250560855690853, 0.8797172797536535, 0.4081070537079071, 0.4240622257934079, 0.20874285279898896, 0.46368897415832355
0.2279755594587446, 0.5240251659992634, 0.058517458417011725, 0.7633853202546493, 0.21848574996774317, 0.9744469693053182, 0.04730519348044904, 0.5463170799921552, 0.3256603035865704, 0.35166314285103506, 0.3036057932967864, 0.1842508833916673, 0.3955864498387279, 0.47114785272161497, 0.06730161466649598, 0.4599221386716875, 0.47734526757769624, 0.039075002432254924, 0.7584850568893166
0.9304093505463333, 0.7251213463012295, 0.3652726511314991, 0.6719578189948153, 0.25753979686479, 0.7060351993562192, 0.5660020036031806, 0.05582739561368877, 0.06590847543047462, 0.6018453110799205, 0.6105539376170843, 0.2657771076046934, 0.09793695050897877, 0.9698571974996227, 0.6330254669001129, 0.81962649044448, 0.06845342681978117, 0.5990464035594767, 0.5224042651339801
0.5300325458289279, 0.3757772740540368, 0.5238973969822144, 0.23515642975550355, 0.5808260983773204, 0.0498775075357063, 0.3247167802824047, 0.807491331288513, 0.6427264071835812, 0.4137155666017045, 0.3530110582103049, 0.09836918208011103, 0.2766057953648039, 0.208024760095878, 0.7872278435381078, 0.12475547666642817, 0.5677073307349524, 0.7474172020303126, 0.5096059049112115
0.39359279040283346, 0.20211388270837705, 0.8779523413448275, 0.5213024447728757, 0.26431600469798333, 0.22131268287289207, 0.9157381259979341, 0.3057710401926528, 0.9793090739158353, 0.05804348601072484, 0.8992622397745038, 0.8841932065996699, 0.6965868937406587, 0.3162505149959183, 0.8361123616552482, 0.19944888211002187, 0.4828299253864856, 0.40147397562906717, 0.5693963717497766
0.8535710861780421, 0.722822376132064, 0.0807269564862505, 0.5853927214472642, 0.6230252939911188, 0.5981611055426502, 0.13638441994626316, 0.10337651647813295, 0.8975350639624903, 0.46918439391202105, 0.20329067209344343, 0.10071389370691919, 0.8041554314566746, 0.5670860019567734, 0.1009249513219087, 0.6318135395080401, 0.6711981710774415, 0.20526886022229662, 0.43731492833329033
0.9358078611976133, 0.48487545255236875, 0.7569582231965141, 0.41045481940541273, 0.7199939048255384, 0.5869135342875094, 0.29972338215598693, 0.23807516869284018, 0.4824721397103038, 0.7970410931301807, 0.7239261947535257, 0.29354203149949487, 0.3292847769718724, 0.12389948608815549, 0.40963706758772755, 0.3808036005411528, 0.7579303826013054, 0.09212309914312933, 0.43383244696431345
0.38052407821929046, 0.5329306355901693, 0.6159470781393159, 0.9305404297821435, 0.8037042428412476, 0.413366066683841, 0.5687780827175233, 0.7166800692132475, 0.02524078038114408, 0.1401766215910759, 0.7882800582500125, 0.6257048192272419, 0.6359384087032143, 0.7412467957285472, 0.5735440876430083, 0.46702411884671124, 0.289224931454127, 0.4665611091957359, 0.11801010030018855
0.2819363888943176, 0.8358677131305932, 0.511465662440926, 0.5909990227659633, 0.44894896733617773, 0.9566830990191179, 0.22547815243184754, 0.6084884814666559, 0.6550881611715179, 0.9865824928813712, 0.1295157970168569, 0.6254600704725415, 0.24993449467028184, 0.49158634707043025, 0.3298172519102123, 0.9179130937549282, 0.8444639276072925, 0.6504402427024617, 0.3109557826851491
0.3244484980025102, 0.7972757402670344, 0.45329787807303024, 0.3638179232638471, 0.1700537259523276, 0.15153931453159375, 0.8580578332076614, 0.21564402034302765, 0.5571372767588774, 0.25052633379663347, 0.5463297056097708, 0.029727643918330382, 0.2767220155791553, 0.42627492314984505, 0.7617423300681238, 0.6618353010559082, 0.5104932912305955, 0.6140057566158788, 0.057724140375969846
0.38792291997868467, 0.3182899021234332, 0.674358355929871, 0.44586731253915324, 0.5503475966572654, 0.23572695324960125, 0.8467279965192358, 0.9489274506413996, 0.1937905931056687, 0.03241248323729784, 0.046194799401995446, 0.42122439562054803, 0.34960630520165636, 0.9786190924513573, 0.7524832217604462, 0.18032149323486701, 0.33345128823110626, 0.9774527740437026, 0.09523125512209751
0.8887179203804008, 0.7694214043371277, 0.8434896471934652, 0.3313396933295535, 0.37310860528427003, 0.09653123160351296, 0.8339931282653417, 0.31404133760492836, 0.32373708459313877, 0.34440589606032335, 0.31616792861671694, 0.8521385650057847, 0.8199342096059798, 0.5254174677722957, 0.09271051332781943, 0.6507338245014879, 0.880508454729091, 0.5322909745639347, 0.6545847415003082
0.9611406505685345, 0.24833642856273874, 0.11460916595109116, 0.8943110530227774, 0.2851667275340217, 0.5225954764187933, 0.7759623755015546, 0.3783595489417634, 0.9412800499728121, 0.4655520706170485, 0.27166143481850036, 0.5719195284421418, 0.5294548439441727, 0.05599906929182852, 0.6699631146095651, 0.6061604817349707, 0.3228883839349649, 0.7799450111379347, 0.4097003300154285
0.5190959120006103, 0.47904371593003214, 0.7588266420186386, 0.511844637464791, 0.5823057667786207, 0.03165269812785321, 0.07295742321809895, 0.4483024759664479, 0.0972264764889944, 0.4710544088466484, 0.9251348687274806, 0.534839588523363, 0.7813015906497339, 0.4861356132054031, 0.0017169429190821983, 0.38393593046926044, 0.25210015830781063, 0.013028576425502925, 0.5513969481712397
0.2406550931061977, 0.16501652837210123, 0.761145522549557, 0.8033364019441367, 0.670706900388358, 0.3272139331681615, 0.3618459225870302, 0.47770721309236874, 0.7999121442130427, 0.6773852313742749, 0.5225447293047044, 0.9225758233214287, 0.9928600003043715, 0.10151920301808082, 0.2655351024024343, 0.5067001914058348, 0.2560201099257884, 0.34460143046142655, 0.5877906910013301
0.334869526259184, 0.7315919267904724, 0.7464275767738625, 0.12763426888313167, 0.7307386632620423, 0.7602245966321026, 0.15435603305606893, 0.4351690757274014, 0.7551034210322133, 0.5820657947713407, 0.12472513984049471, 0.3173176073068087, 0.7031774014559604, 0.1889930205428727, 0.2675091962265842, 0.9115233176599105, 0.1916545782001754, 0.7159803991266671, 0.9812995007708929
0.7699128840660336, 0.13721659146151477, 0.06632254670838011, 0.9241931907545777, 0.19069761941131003, 0.03674431523862032, 0.044288606620390136, 0.7711833775734884, 0.8709206908671894, 0.17200319500499173, 0.9983842463423096, 0.5249843200119423, 0.8306658031492893, 0.056919883863526755, 0.1566053519767664, 0.08561234360895664, 0.5981006299449332, 0.21295314138933374, 0.9071526726841914
0.1369187243938087, 0.5858897904984608, 0.459876207357664, 0.6577479462683848, 0.7735581075051983, 0.4187903218046062, 0.19748420670117595, 0.9877426202611702, 0.6279385664232108, 0.5536914836976216, 0.28461627641039, 0.4955016968783721, 0.5345684433328866, 0.45665844280281886, 0.8853143225535901, 0.09611122155815266, 0.6622024895471763, 0.4614251250671514, 0.7714566977448951
0.5449808880069097, 0.27404238085003174, 0.27941045827097777, 0.09280735138826779, 0.9208619811480978, 0.7041527462523266, 0.8019293068292367, 0.0891842320403734, 0.4285991639725243, 0.5396486131839588, 0.018445755382928808, 0.24659900786521327, 0.8850167473695699, 0.6781988327905838, 0.24115235718957795, 0.3005005494464196, 0.42947774404787686, 0.5038215343020815, 0.9444501616515643
0.3605293839063687, 0.16322947974421542, 0.9145753164313748, 0.14482980595727357, 0.29985741328462645, 0.03977521084518332, 0.8316295788627284, 0.959841732226362, 0.6797434698359744, 0.5356537133374768, 0.595459759254267, 0.29600937152104556, 0.2247736896198398, 0.7988975889971468, 0.08325725864561817, 0.5205506927907576, 0.7095092380833358, 0.889371533680759, 0.7111796500975656
0.12657140929544752, 0.0025844206362852784, 0.41250467157008397, 0.2265345483318304, 0.8630940874141061, 0.5127696258484125, 0.1810879761251224, 0.5577214918852359, 0.5314805800725106, 0.3586305140977495, 0.33021128228211005, 0.2268853883789712, 0.6913294422971549, 0.9595396362081875, 0.790405479064804, 0.6475186012287178, 0.33224843152329575, 0.8567280771287772, 0.8728544878306395
0.5900675259411361, 0.5405703816829247, 0.32935060081048084, 0.04903371367300635, 0.6893192143382983, 0.14068951906035387, 0.24309234569315408, 0.979182744639897, 0.7716862618585475, 0.8118858021694597, 0.655800121059334, 0.6741197918835218, 0.22736946288801685, 0.1427710351507232, 0.1948782952795255, 0.6376524394793043, 0.7496043357501603, 0.9454820722582965, 0.9091728691000762
0.48561923083107383, 0.3661896387965159, 0.07912598361228673, 0.44636619931814114, 0.9175758456516222, 0.10985048823004251, 0.1478231879684354, 0.6855768055168803, 0.987264403102328, 0.8172617217732465, 0.24819596393674237, 0.6603394412498919, 0.32976318517049397, 0.6231833744421859, 0.8955004621369618, 0.7963027620323807, 0.9767954158687787, 0.6638726915558951, 0.7598758704076596
0.2868994551945656, 0.9119333090991321, 0.1401704054023296, 0.8567281306010129, 0.9786404433270545, 0.6938529181121504, 0.7132297376483699, 0.0824865427165079, 0.611378700221011, 0.027970209314970074, 0.6583456876004575, 0.10541807121981928, 0.6018688309465251, 0.23663881889232874, 0.18444366944459323, 0.5772032812623578, 0.19478836851201764, 0.49388873472532635, 0.044556260237048395
0.5304121614257273, 0.9981230967326218, 0.9937187962857977, 0.27937452772622096, 0.4220009271961426, 0.5055776129531847, 0.15498311945478682, 0.93608308134261, 0.5077765448079372, 0.3024239918049564, 0.38678435357977037, 0.2774824020451526, 0.6000275797450421, 0.666613748289347, 0.6625982425941294, 0.7399608804730283, 0.8631361437944773, 0.949090515127563, 0.9186074482710495
0.8061749763073226, 0.6448325876988638, 0.9483267575202359, 0.03844701614758583, 0.034533498552772435, 0.419446640438046, 0.319183742924088, 0.9625886570245397, 0.5465080162538746, 0.02571090030583245, 0.7983125225694133, 0.9049866048828354, 0.6075919610873513, 0.7235010925204349, 0.28618432726167775, 0.31200622389354793, 0.6342377799795553, 0.2542797293718313, 0.5475310072170125
0.36374355325463514, 0.6288713557831064, 0.8986257238212486, 0.7228880030886676, 0.434456813508046, 0.11933299134437125, 0.6776635972672588, 0.648574504885961, 0.08092143386551542, 0.2399947654001835, 0.8974640517478465, 0.5567479031412521, 0.6143665025363739, 0.600809568697549, 0.9434938350554435, 0.850384808905911, 0.5735201937195612, 0.14769746697608022, 0.8328746438966177
0.3868842802737491, 0.8702670475530029, 0.8662620049377296, 0.9707048683923539, 0.5425435060373045, 0.5433442255404726, 0.6240511644297817, 0.18601901681056832, 0.37474868541425654, 0.5612450375440902, 0.15913802037417446, 0.5851506786027533, 0.1451306814927611, 0.5747023625997947, 0.7022261969139899, 0.4922783107339198, 0.6922625675069564, 0.7054386584971829, 0.15004562217636208
5.29559526989e-05,2.47271518794,457.380672295
9.98856275995e-05,2.40475903496,520.553313383
4.09579344608e-05,4.45626728111,404.096644952
0.000453159529214,10.6188275696,518.622713448
0.0023701610283,25.1192491704,688.144431073
0.00438216426892,44.4593853215,1057.57156541
0.0700050101326,99.1432523628,1153.59908422
0.260760944682,187.659528943,1354.06328454
0.637401768403,388.520799929,1513.49492803
13.0394424893,730.937610357,1586.51050941
