$x1,$x2,$x3,$x4,$x5,$x6,$x7,$x8,$x9,$x10,$x11,$x12,$x13,$x14,$x15,$x16,$x17,>>f1,>>f2,>>f3,>>f4,>>f5,>>f6,>>f7,>>f8
0.6754376193943694, 0.18672704842526522, 0.21525018597357648, 0.056865465533264214, 0.0933085212040119, 0.017852396308025154, 0.7614065891595451, 0.07778057396613247, 0.014136595097909543, 0.1617961153243953, 0.25269036563055214, 0.46945531791961703, 0.11780148269860602, 0.6060068371201528, 0.36821875366169055, 0.09494156451504532, 0.6762176961252047
0.23191536103689192, 0.7447423288519236, 0.5549543417387447, 0.6439248049450655, 0.9061418334828516, 0.32293284245495, 0.2262045366759584, 0.2671064144818299, 0.3947184514768134, 0.5145779981256476, 0.2584534977254449, 0.8946567361858472, 0.5232251955846711, 0.585680141110867, 0.19441997526768773, 0.02984650812929679, 0.025742880592675488
0.11368113441999028, 0.7934154410037132, 0.3677063512648395, 0.6306418454808795, 0.7830857696774407, 0.0641048804654265, 0.04816178629740275, 0.3996922891071377, 0.3722786805684576, 0.34365091189358477, 0.5089809752192106, 0.6120808790750856, 0.912751176752502, 0.2695444109783487, 0.7687395577792052, 0.7116389614834207, 0.7213784546929582
0.8870629436661192, 0.9049100631251094, 0.514328022269316, 0.03231558013090685, 0.13455515362816728, 0.1228900124974942, 0.8246083647910611, 0.44838402525089316, 0.9679238948680203, 0.426911550466457, 0.21355522692632545, 0.1889976930229853, 0.6433231839271316, 0.26452160412461756, 0.14003082331164673, 0.6398589332226347, 0.7186649635188389
0.0388866340501689, 0.86861187672141, 0.886606335239144, 0.36917670379847045, 0.14439987714882785, 0.2601575874724309, 0.7555664159910426, 0.3250297462139904, 0.06977277414410665, 0.6758218201334446, 0.08050477140052026, 0.7263244472063237, 0.879605079548261, 0.3837190158612962, 0.3795487337297827, 0.13119388421138356, 0.5540751461139245
0.06663690001258438, 0.88789143668178, 0.7678258824317742, 0.10657983919488068, 0.2826182041532108, 0.7567434201166215, 0.8751008177544868, 0.1463986522177596, 0.39086863815857753, 0.6141729168825829, 0.3765960241900399, 0.5662133266889208, 0.263913101677686, 0.16463923393119584, 0.7998773278936945, 0.28082928336391466, 0.7392896598097237
0.5721719062636244, 0.2367840793543835, 0.7053771163332502, 0.6759250727491775, 0.9968482055764792, 0.2285938659979737, 0.7853180829253924, 0.3023986036892262, 0.690709664278818, 0.822471533662546, 0.8582589301083768, 0.5015215353191199, 0.23160847234865678, 0.9130352061552297, 0.05732975139057128, 0.7590137650313555, 0.8978098991716963
0.3759086095710299, 0.19651860734406712, 0.322643749416069, 0.9452591139004833, 0.6802726121873488, 0.4432007723883251, 0.05920870342538209, 0.20758824504168627, 0.5714776338094514, 0.3161685039002837, 0.3282805163371513, 0.014938270447547253, 0.5462575484020625, 0.18948877666998964, 0.8218518220577983, 0.5328970954180717, 0.14785426223080556
0.6324316434431604, 0.006939851380726503, 0.9676081093918267, 0.30843597205668927, 0.2365685907669386, 0.32507464648358864, 0.9228545609260923, 0.21448313885603476, 0.6760110690153508, 0.41590415462293806, 0.679992547743718, 0.2281631730522311, 0.31160010118556825, 0.03757044748271854, 0.6384567643626795, 0.6258801634494345, 0.4347290901391281
0.16992392784316512, 0.6427410639470762, 0.33606703984435704, 0.906491655914461, 0.6226362883816604, 0.5879986974977669, 0.3873795879288562, 0.6059771244756346, 0.24495841306107236, 0.2845547838247182, 0.13266537797245914, 0.3255716904677851, 0.6409349196619615, 0.0029253089029058765, 0.962943778661586, 0.3110571583817323, 0.7340455896323106
0.7287457351841717, 0.7435760337127209, 0.22405063204702735, 0.31194625094383077, 0.46026374559348004, 0.6528523615255768, 0.007127257865954584, 0.22595717987558206, 0.9487896674657776, 0.07423704683918764, 0.17185010835320624, 0.9058799985138162, 0.5959942297268541, 0.7301580762791027, 0.9684982662247574, 0.6647194043861201, 0.020662607523818766
0.42459639695502127, 0.891359205104151, 0.6485012614920199, 0.7972648322105368, 0.6953677042071759, 0.49514502926622217, 0.5934377379092616, 0.48059398666798514, 0.0036838379970344226, 0.19563671723041742, 0.9265015233255731, 0.49021895325304443, 0.332163988084725, 0.7506366298099639, 0.1877813517843231, 0.7569211529132562, 0.9777540022504069
0.03353185635283662, 0.6459072759336716, 0.20943355940863062, 0.3377930034246778, 0.12001425233855512, 0.5875039912885914, 0.26077110321799124, 0.2031557937682611, 0.31695193938092625, 0.5617314020124554, 0.885845666785739, 0.9890620749584897, 0.9428714679032324, 0.16382718285380005, 0.4810494655849722, 0.8254489101663237, 0.7280862464722974
0.8428421820814699, 0.570694885991268, 0.41636984192605053, 0.48602657229305113, 0.3415102785757639, 0.6849262421739138, 0.5498955078395711, 0.35857904133184837, 0.31364368087587424, 0.036719777984970725, 0.43709157770800566, 0.4529753386645631, 0.5757829375135276, 0.4292476769762902, 0.0963736017544008, 0.1535189724400544, 0.10985439857687562
0.7619664644440369, 0.4327631742951633, 0.8223363536492051, 0.16776012327368817, 0.1521399997101579, 0.9314747116017381, 0.4406409063002761, 0.44979748454919954, 0.6946908408294129, 0.24700339315447772, 0.46653625944135957, 0.3860047875532333, 0.318102197489485, 0.5899917711164394, 0.7182451468431043, 0.6638907628093387, 0.8735792607273573
0.24101475334595457, 0.010515287288651698, 0.16617268828490583, 0.38194454449336157, 0.8807607460007659, 0.4939023370371859, 0.8583590645343039, 0.2076246243063694, 0.8962111276755776, 0.14983732275553108, 0.2856565193369397, 0.2991480261303586, 0.7343153512922496, 0.8835061841507399, 0.10615618849876762, 0.6286891689544822, 0.46977620008756316
0.05911503175412691, 0.7924149517595975, 0.7191798641337787, 0.6070875497366469, 0.40431847408973653, 0.5094204255919903, 0.0778205356737941, 0.2593578126612135, 0.01385587196467597, 0.31831550252516594, 0.4217026766376958, 0.5224254616996971, 0.21340372013547182, 0.9705895228042672, 0.2522106337476929, 0.5962030840270516, 0.6561803389440016
0.8040805298982486, 0.010252470873608144, 0.27787165442077677, 0.6468046710336949, 0.7853039069912673, 0.5829665650234156, 0.359539774347027, 0.9028538625406543, 0.947042613679967, 0.9258342578632223, 0.032384995547302564, 0.7899437640419704, 0.1453734476418711, 0.13647855544152, 0.4517018682508054, 0.8161609876410962, 0.9120537932671522
0.14608187319046895, 0.7509168456140131, 0.28256398470925825, 0.5743591192578966, 0.17594694800383126, 0.004144181923711909, 0.8021810835206693, 0.7868444319209981, 0.4369584765519834, 0.11590451173957439, 0.7179158035299955, 0.9627650863924744, 0.3313025857079174, 0.2206699541350683, 0.7802508488111836, 0.8724746643803709, 0.11847310115242093
0.7101816056612341, 0.37042186817459233, 0.3897065508201587, 0.6338059395337627, 0.19474892052428383, 0.7010215856888153, 0.25881280623889125, 0.864726353951868, 0.36775396428811225, 0.5293576142696622, 0.26726597764765325, 0.12307206623573441, 0.7518058811035486, 0.9260085706253433, 0.36186716100355676, 0.0999405540372702, 0.4329341844958612
0.5045187994815645, 0.01683552509724129, 0.44320359213854976, 0.84288969713367, 0.9166654281331456, 0.23197786877614968, 0.00699759603061223, 0.40311631609683696, 0.5603773713059126, 0.2174600115221622, 0.5565830236997283, 0.3476208246375636, 0.6222031391729913, 0.7725054037035066, 0.3149747039697488, 0.8149740858102041, 0.32549378821494224
0.23030185667286562, 0.6025498283247324, 0.1704550620144727, 0.22028679708817245, 0.7214526457026808, 0.7154407550543437, 0.3296813821432151, 0.23764324220849786, 0.2291036315245517, 0.5176068493894318, 0.03563486413948147, 0.7791961352274973, 0.6979563728260475, 0.9650406646291887, 0.47751751736872083, 0.1565281204283252, 0.22880884551759273
0.6092708357393433, 0.4624034333601058, 0.6373639677249368, 0.39816333218380473, 0.04119990939934459, 0.9138826997649754, 0.7331603601233766, 0.7155157986472417, 0.06574124479149979, 0.6734455236786229, 0.3513384721818994, 0.08306058652025428, 0.5459811126685288, 0.5562108809439616, 0.8576336077428334, 0.18457422336685236, 0.7267680628079394
0.09415611263149948, 0.7839454180686721, 0.228918350508999, 0.9652357392775616, 0.6128010209120935, 0.007982819887873416, 0.8269302106940548, 0.7563559444477944, 0.9459311195777711, 0.6351138469259338, 0.9517237015362512, 0.3479403750168475, 0.6989868734260463, 0.49259971247776446, 0.959251905650624, 0.7851161934706595, 0.37907649381198194
0.8867696920149624, 0.1891318536582045, 0.577003541820245, 0.8019655509966257, 0.9517189519006183, 0.8347394590154443, 0.3299699552657964, 0.3476542518497898, 0.7308863382441577, 0.5871168416042091, 0.5461012201752891, 0.8325001512599148, 0.9035349549835404, 0.7248975169341705, 0.16090750636165474, 0.14686205558505716, 0.38032189717376397
0.09665366090386196, 0.10387311749117023, 0.33839703433066237, 0.5077252367233526, 0.6107572741073402, 0.08582197133735003, 0.9050450206867507, 0.9727751625183507, 0.6626539034673449, 0.32247840835303143, 0.6312348108132293, 0.0638641306134764, 0.6289636488982062, 0.3820182791525092, 0.6683732413851471, 0.6258630107065616, 0.19205656988577324
0.5589979656373898, 0.006371073943404859, 0.09164803801035393, 0.06757994338002804, 0.8164244286764415, 0.4857153618044152, 0.9265597231910138, 0.8187170000590859, 0.4097436289954435, 0.030494125697121732, 0.19242885272314825, 0.3568305841767214, 0.6536895825551495, 0.8479626537184252, 0.8211030723346794, 0.9580161191718644, 0.44639702049297547
0.5155514576213657, 0.4821229620739421, 0.23016671756639695, 0.9324600787293489, 0.7910142675319661, 0.25448535822257323, 0.48381460386088937, 0.6040028619794523, 0.040988638626772156, 0.01146486079022735, 0.8360125406162751, 0.31921540685571326, 0.10118292426084952, 0.5621887445217616, 0.26011768044502326, 0.36211208190452826, 0.4727833553599158
0.3930532723484411, 0.24723393208214106, 0.999340321133426, 0.7315876979592175, 0.739250705570375, 0.6960255180136111, 0.8165684579627323, 0.5906718200378647, 0.514447119535735, 0.6933543211874386, 0.09691691636264099, 0.930936676993137, 0.8454415382546154, 0.14080245727483975, 0.5841831929410236, 0.9178230348430755, 0.3652459950280219
0.1305032279958266, 0.39189609825467087, 0.05287939404048103, 0.9848384616441457, 0.3436357786206996, 0.061545368409108514, 0.34310150022730723, 0.10626253593068369, 0.27676938185258815, 0.4977494324121642, 0.6037881443032174, 0.5002580570618866, 0.520767673755611, 0.14135991489070265, 0.09462396690588348, 0.8937781935718124, 0.5656175069184801
0.8759886882029909, 0.7564829958985784, 0.51782494578715, 0.3967812836458797, 0.09672960829267074, 0.5397171916890953, 0.250098458714315, 0.3589725451997978, 0.7881093790102647, 0.12209932675912405, 0.3668830179446535, 0.48082283900748923, 0.4184365263169679, 0.19724305555691357, 0.4549136909185263, 0.6138080552050926, 0.6841728108236586
0.9851319077878288, 0.06482414286147054, 0.8249749725668584, 0.5527311911148505, 0.2195844740771542, 0.8686015218375166, 0.3292379446710362, 0.6445460621920779, 0.4102717717089097, 0.4196421568993107, 0.02181730394389536, 0.9397673814912306, 0.613654134263881, 0.6067302019440458, 0.5003983170581887, 0.3060321475045217, 0.8945731506575026
0.32188661045773914, 0.7141484495816631, 0.36224823869050216, 0.1481012064947662, 0.26766454269014606, 0.17402788873087538, 0.42728751070342186, 0.582125021549085, 0.9059407109874761, 0.7851751888491443, 0.6405944649730387, 0.23249822472701942, 0.8107852486366399, 0.38183341721109787, 0.8554591583623484, 0.1599512913707546, 0.8174291398454617
0.2146710177069212, 0.11016119043248052, 0.6097607311866773, 0.9445171588569177, 0.47637943140269545, 0.4095574938393328, 0.4161294207117563, 0.8098235235338868, 0.2934511510114256, 0.14907432524398734, 0.36561791759702833, 0.23346251835163956, 0.19884169132544582, 0.03031592409341166, 0.3929703791014153, 0.20064685749148947, 0.6224016470686881
0.21029348509355772, 0.850757427045146, 0.032370220574620134, 0.7033726245066598, 0.40838076883884966, 0.012030936201076314, 0.819851224520654, 0.46921924376626134, 0.23387924885001266, 0.22800266180371076, 0.5756658146047897, 0.8813220457935084, 0.7343067783107036, 0.7214838713847687, 0.004349495941445403, 0.7883227324899685, 0.9794400521694927
0.26945253820453274, 0.25369254720066914, 0.6232668891403008, 0.34420972428021734, 0.2888661336066861, 0.2781326685241603, 0.41954313916545005, 0.5833708427651906, 0.38937378278497947, 0.5584048567112532, 0.5176736946086408, 0.9846179842208417, 0.8601249180930337, 0.40035855089874606, 0.9770312839909566, 0.026936148484691724, 0.8199087547852897
0.46994925422668565, 0.44066343569987454, 0.9745184896645972, 0.08442108563426842, 0.49971723746088115, 0.08560441216444403, 0.5445440555420259, 0.09506810312071023, 0.34703995538751276, 0.6288976684036193, 0.6315007963285196, 0.7141741919259463, 0.9004782523133513, 0.7044283006198483, 0.3214990961101505, 0.42440283746685104, 0.7395456615970721
0.4819172381798721, 0.07467257554209583, 0.534158911435371, 0.9134425077923246, 0.026603486397289267, 0.43787635144364323, 0.4415801767572054, 0.6500709204917203, 0.8463694878122455, 0.42449796716936017, 0.6052049217939952, 0.3418788959049427, 0.8675857139644909, 0.7017196471406602, 0.8939786441260162, 0.21134714083478257, 0.8244776517003721
0.7831770705684695, 0.835140889009298, 0.15504101268525117, 0.5497944553951917, 0.98978299243425, 0.4730950919586411, 0.9285955252039355, 0.32182677905242785, 0.03913148205396777, 0.865391905628801, 0.2947844661473574, 0.28378579357144507, 0.23253898325449018, 0.6054771308192257, 0.6318567016846008, 0.6063823599897001, 0.7611979277205164
0.6084536185325771, 0.8212059912431358, 0.20767763209180878, 0.29469785327307607, 0.4293715187157434, 0.3971188150138677, 0.9894740754639126, 0.8666772014229422, 0.33780648938200963, 0.970413005737765, 0.20603596559962667, 0.46472749083017584, 0.8984237239728997, 0.5755865010876788, 0.008121656154588486, 0.14150492396074943, 0.5456778130724446
0.3646207869489, 0.4498569177513765, 0.33493887305635783, 0.6423121727022705, 0.36733327849380737, 0.3881267584022884, 0.8878102255175649, 0.14776321649754365, 0.6900834510373576, 0.25525578774488955, 0.4452980838734487, 0.6781930302319422, 0.5797683087870344, 0.2616836229852839, 0.755436156739223, 0.9883824484490256, 0.6639103164339939
0.444319657435267, 0.9046200367049837, 0.4268995218884175, 0.7658467993002498, 0.09140869543757968, 0.7130772507707327, 0.5908496839296762, 0.27311299004894884, 0.7123611043789918, 0.4419597714736654, 0.39211798122498487, 0.41774816182510366, 0.6487857906430459, 0.4500069921334573, 0.48834405294695604, 0.20887362348789607, 0.7887665016726292
0.6772797082291956, 0.6959777929008231, 0.6188641975677829, 0.4715113144760935, 0.7636009489292516, 0.21864746428941362, 0.9261463382097005, 0.41681905353242377, 0.41527399434816414, 0.18752916193299174, 0.9964323380612894, 0.7471413791580644, 0.1964471475815288, 0.7326025802299186, 0.8307526848949839, 0.8834064962851499, 0.14641401214465244
0.03521625889402391, 0.44666297099226937, 0.47491344021254944, 0.0133098120458639, 0.8420260626101417, 0.7802873549971598, 0.07840473517896074, 0.9322509383893779, 0.7866588042339349, 0.6370493904492733, 0.03249258314791581, 0.11078258794672469, 0.09584260057978122, 0.6513177893556491, 0.6427489838213352, 0.49748876907133643, 0.8080991078958099
0.816071757552172, 0.9370369132288195, 0.3121127012780287, 0.7915883180818792, 0.6598360046406418, 0.3517746102380275, 0.9385478240320603, 0.9683137891646176, 0.5415797009641247, 0.04384421597062149, 0.7767753173870658, 0.67993163665443, 0.17918578811465324, 0.8000399262521036, 0.23065417504617658, 0.9208521130574071, 0.026189000031759946
0.5370875096337748, 0.198219560582384, 0.26007225066749007, 0.8335365152339569, 0.9272703802414493, 0.5744719763813753, 0.11745691531030378, 0.0042854073325805375, 0.8435420367329692, 0.8009488045884628, 0.8259360161136426, 0.13044407575501737, 0.4458406877948353, 0.42759107164488164, 0.9525041946469873, 0.0436326286082539, 0.894427731518574
0.14476435577900204, 0.8187296614492403, 0.6815575383792534, 0.92421715871117, 0.718844241447865, 0.12157178751803932, 0.08418885453301517, 0.4228231771379859, 0.9597676577797167, 0.24345463871223427, 0.03731548368933668, 0.03181228541427883, 0.3713538904453697, 0.9136432920547543, 0.9066587315292057, 0.7334060333815219, 0.4736356168753453
0.614892862207243, 0.9688412771988405, 0.8100861156790209, 0.141562065476611, 0.06270246588723294, 0.4486566927578707, 0.3598651332441497, 0.04637826192114425, 0.9281486158092058, 0.22495309048829537, 0.11965557851461361, 0.0851620523842187, 0.02771588777360212, 0.3298692924283554, 0.5413551955671149, 0.9550463935062626, 0.08743354653060598
0.23064194558840656, 0.025339927352464264, 0.31849312949597797, 0.9134244245377395, 0.14908814619749078, 0.6059944965088869, 0.48501457445698815, 0.28824786989642126, 0.5443442133262946, 0.9863186221916032, 0.05236333382489655, 0.03329593254118257, 0.007396064050005258, 0.26684451273157317, 0.061927217014890235, 0.2149539504726723, 0.6648352310696853
0.5091363717483632, 0.6572986237750226, 0.46278883122865844, 0.26276226401364033, 0.9805112339390837, 0.6164134923401566, 0.5512682145328675, 0.33152240267513877, 0.4025907749466653, 0.8673251087909012, 0.37297827554913654, 0.25441410543135445, 0.18170650085261186, 0.4317989870074559, 0.7142136668635655, 0.27962614293459176, 0.481643184900311
0.9533801794152053, 0.4212719247118427, 0.10551765435415184, 0.6023936832820879, 0.045400811064124524, 0.725807397830424, 0.2370811891928134, 0.45030829972580966, 0.1495884383010666, 0.738480219857993, 0.4945332469799466, 0.5544282163278995, 0.04070678970734576, 0.28541977291408216, 0.27645247923244565, 0.5781615630474278, 0.6968495434593618
0.4992027915090623, 0.13470479409350544, 0.6046939054993833, 0.43758885274708137, 0.7863778835812242, 0.6209980164750132, 0.9993594866871996, 0.44730066201325713, 0.12339287444363412, 0.10548805341862932, 0.044612483289966254, 0.2592322346934288, 0.029987677476213004, 0.7906588544943451, 0.41490585546010583, 0.04327071661960025, 0.6163789095624261
0.460410397005693, 0.34452456874853543, 0.9851505339722891, 0.7705000644287637, 0.2168821903512521, 0.42926172011048236, 0.42813845624228, 0.47304346504174777, 0.94213073133389, 0.5662731490334033, 0.5724316208342398, 0.14957950328439928, 0.016017002326075724, 0.03334244214655846, 0.14983182089566238, 0.7163657608618008, 0.1153505187426842
0.3688187943327116, 0.31218977780446655, 0.6555702839010801, 0.6017219038965055, 0.7914418431106091, 0.2071231204882482, 0.5906605190607287, 0.9682049439582483, 0.151198790059079, 0.245480844708453, 0.23221264091101745, 0.6744496741604892, 0.5467252953661303, 0.5441709261662211, 0.9235822963065631, 0.40633455093684534, 0.3708424301673312
0.48191210518680916, 0.5607173741547512, 0.49009615823768526, 0.3919399978542305, 0.3378034202023341, 0.3088730648624608, 0.034980011647161025, 0.9738903764770153, 0.35288204032422466, 0.9085071403208161, 0.5871804512627302, 0.8614699623526029, 0.6445680744101688, 0.8393871326852386, 0.93614223583274, 0.7252669266948673, 0.4241013078518653
0.3466555886530658, 0.26794903688401206, 0.2890523749330898, 0.3535298344000669, 0.43999737589683285, 0.7060764966972649, 0.3658454296778363, 0.6616514933686972, 0.018988363887626036, 0.14648692139904995, 0.9829195766310712, 0.07289649299039713, 0.18301305989114425, 0.2678464601990538, 0.9664319124120498, 0.16474062596603212, 0.10025897317969468
0.2532234024772111, 0.47156865165759665, 0.9253578996560444, 0.22389419226827156, 0.1838946496007634, 0.3245251937952909, 0.940313199458305, 0.9374979435514985, 0.4487518854763686, 0.6151634955001215, 0.996725298174451, 0.809504661992105, 0.09732820015808308, 0.7870727673438254, 0.6027691356077742, 0.8210307428623996, 0.9966346034671187
0.2895470516994665, 0.5502276701799782, 0.6356835961391895, 0.7353844943058594, 0.468283888066762, 0.04683737828982848, 0.6770398594064222, 0.8886003653848601, 0.4858409746736234, 0.43943297939672643, 0.6599035678962016, 0.2479169775530944, 0.04634021644140762, 0.14483988856344043, 0.07285227153529483, 0.6202800450125204, 0.03466182545510876
0.1945904560149032, 0.9617373371792091, 0.10778412981126362, 0.5519474257041288, 0.574419488782444, 0.8881670549563855, 0.9584892291266803, 0.8533751353945781, 0.309511354357079, 0.8905517371281302, 0.28799688279342295, 0.6537260355205424, 0.16026941272752926, 0.03802650314834799, 0.7651651821172455, 0.1645906152664095, 0.25852488730780765
0.5509782595869659, 0.6582897397334406, 0.2347504955173496, 0.0006678758119031958, 0.678900660600465, 0.07665649662676599, 0.4870770384040002, 0.8401562420886646, 0.07910238544377068, 0.7949507645712125, 0.5715128699783164, 0.24548151858294487, 0.9730869165245001, 0.31109226486595154, 0.5961514686271573, 0.16844820706381858, 0.5421407285794412
0.1227721478351429, 0.6270338374203784, 0.12906269710415197, 0.294542081136861, 0.5180799013774833, 0.7107681520929271, 0.6849204546530805, 0.856746202363722, 0.39704612132711226, 0.6700863044900573, 0.07318670513043313, 0.3301384815325388, 0.8055082115972897, 0.541472216355855, 0.8493778850220621, 0.8397718834713521, 0.15740798263547462
0.0063836425464098845, 0.8822859271094176, 0.3257004075577754, 0.020605885016044545, 0.8457827040866995, 0.4095451967667264, 0.34955630454029474, 0.20476718753619738, 0.6448586267396592, 0.5532461552941729, 0.2886626396699855, 0.4932940843837802, 0.4850602393435418, 0.794649327419804, 0.8390692288749849, 0.47099202042858834, 0.8753716913965468
0.350965240035353, 0.8807471632450817, 0.550429000429322, 0.16436181601991873, 0.6892618881350258, 0.2274487866094953, 0.28203383181419306, 0.324332440727801, 0.2764384725204593, 0.43509747294123513, 0.0806823515622821, 0.5117050810780401, 0.8801050636612004, 0.796559269547935, 0.3167121208625736, 0.09432032137545676, 0.9245121117023769
0.77291085617328, 0.8132930678227477, 0.8370228064812444, 0.9839498175946388, 0.21972075696681248, 0.46264865444325864, 0.8728130861601496, 0.21146387643368347, 0.03529828996466744, 0.22960517948992643, 0.7262306785843367, 0.06337577668621719, 0.7829393784262888, 0.3948166547887043, 0.2616780565858424, 0.15741888440825558, 0.8471449680982976
0.22730900569612178, 0.26501041955121807, 0.6146644728169847, 0.08850176127924936, 0.8967031933895884, 0.9070080906636011, 0.8891209270225209, 0.5493662572552925, 0.9694667891193053, 0.7821600111579872, 0.7122727011411882, 0.7262267277006496, 0.12588920693377026, 0.646279180635222, 0.5139290088079809, 0.8563920174493966, 0.6289669758345103
0.9219022026640739, 0.934484974641538, 0.37634744271960974, 0.4254629838459626, 0.4955846370510629, 0.014657177723295, 0.8172027834941532, 0.6021627293510957, 0.13249097228053452, 0.00837390545711425, 0.9038405794850571, 0.3131292320469031, 0.47766037678966744, 0.002534034834508758, 0.8943771533651377, 0.44228497931230304, 0.08696440372229541
0.5369185288371628, 0.694679667545161, 0.4845982455068043, 0.3529672075162853, 0.7721639431435481, 0.24230937951619513, 0.2792765459200084, 0.5502287336739793, 0.7059816580885387, 0.8617788797015764, 0.34602765819063774, 0.7532633585289509, 0.17153234988464006, 0.26454392541464755, 0.8413699158599872, 0.8503950840775677, 0.4876124332287508
0.6222644237011615, 0.9954733916098325, 0.7709873717004199, 0.5292091416284755, 0.556857042842486, 0.3843591094717197, 0.4757493236700858, 0.8908548338097342, 0.05534727296438513, 0.5085524174515909, 0.627660318929769, 0.006345961269709655, 0.07682771545415346, 0.13588304706709675, 0.2570087815343417, 0.30831379645384493, 0.44615087010692744
0.8547246962353551, 0.8948186856762201, 0.1148620379336146, 0.5580443614205893, 0.5741334674378117, 0.17936373880740353, 0.9399653382977233, 0.21867216280403623, 0.5112672059064134, 0.9418804507345075, 0.6226538197111555, 0.43440412180960575, 0.877040442305273, 0.4451693207970985, 0.3404319646530677, 0.9847633787852105, 0.5034794785444221
0.5725711122181255, 0.9557195085397543, 0.6466420635369081, 0.38790127653741946, 0.34455493913348134, 0.6145666493840547, 0.1484108746112831, 0.6419282057216823, 0.4040674206437269, 0.047402470195618385, 0.866116000193652, 0.16156960536224196, 0.5838263942619342, 0.042293319136566865, 0.26160599499302517, 0.18071221315128938, 0.6000610276444408
0.3497894277374186, 0.7131360887466478, 0.43818422705128346, 0.4968394732866661, 0.4409328347426913, 0.8291042640535844, 0.20206960732406742, 0.9149224792316784, 0.14129978868387605, 0.5026023974085884, 0.3744129707726107, 0.2131688439020608, 0.0890587020654805, 0.19915298817021931, 0.6150342768585936, 0.41674841150121955, 0.3575335832987293
0.21162946969228702, 0.5449850832778225, 0.13235866622912829, 0.633091311016131, 0.8062105383813969, 0.9056569541043872, 0.46698148876196954, 0.6122077701409734, 0.9916934239417105, 0.7699245672442212, 0.6728566678165162, 0.7596745041539699, 0.2649476513810607, 0.13154595716727535, 0.5380370404489979, 0.09110272154509358, 0.29143528422208664
0.5063712229669084, 0.559259594005843, 0.6597470341878071, 0.10915554206096167, 0.518465156736756, 0.5691975836387866, 0.31966019916157895, 0.31661044076207656, 0.541126470345233, 0.23574846021333729, 0.31534028159920846, 0.31039002630256485, 0.7427480100387249, 0.5772627700167079, 0.6643108544024208, 0.6881124756150878, 0.6111100064849446
0.6723558367529775, 0.8316489407320918, 0.19853735703053121, 0.16409839883233923, 0.024737058504034737, 0.5920087659433837, 0.5045427147712263, 0.08245438275612371, 0.9876937976344383, 0.9789014734778932, 0.9175121262548604, 0.50357518611149, 0.16206582175841866, 0.9424137219047388, 0.601726104704318, 0.3083363615245929, 0.8616082002660324
0.03489286937434588, 0.07808251785276055, 0.2666835986410374, 0.4287424831206009, 0.46173588998735704, 0.543476309978938, 0.10788736294719026, 0.6436441769439024, 0.615308213401087, 0.8332769059392, 0.08299845326364574, 0.7239168505586475, 0.6320246908996121, 0.8057103393637709, 0.021312936983133635, 0.10350012567971323, 0.1992558472295094
0.7514749555382157, 0.8619352653044264, 0.006834612994865319, 0.09137106147416896, 0.3125057199379263, 0.39545787956379563, 0.42309046438585607, 0.8265625660217298, 0.4741068290895646, 0.8059632681612509, 0.27624044821152216, 0.9975374725786278, 0.4754434870969094, 0.5424814432371814, 0.9320306816523762, 0.2924425609226644, 0.010630625363633128
0.7483638081827586, 0.8980620776730847, 0.15635564113835543, 0.502114787022116, 0.3974623945565593, 0.3489373521669089, 0.7470308381472723, 0.30052446839237557, 0.5820562339010426, 0.7204758935706408, 0.2589019938268372, 0.9642897152660619, 0.5736589108012732, 0.4645008836084187, 0.9255462709271077, 0.2610445967229339, 0.528328005028819
0.11900115497716257, 0.8312310615531932, 0.5339596802917382, 0.58725626811019, 0.7037880786213553, 0.9737089975226849, 0.30201494235905924, 0.26267791004511554, 0.4763185052535972, 0.9160515104625937, 0.11440246216768568, 0.49425450353059897, 0.7865314772075671, 5.995117301038633e-06, 0.7208231360399061, 0.49196890444540897, 0.2598020802437806
0.31330433605208463, 0.31437940498253425, 0.27163139992322305, 0.788517571492115, 0.8188093670885921, 0.19758926408217947, 0.39797361157286193, 0.7543573249213346, 0.3238006020152925, 0.7869599094761128, 0.26047199113787334, 0.33682711523141773, 0.510746341738412, 0.23654682605363297, 0.05101419891740633, 0.039436761938487885, 0.6952494134216821
0.6129017270957866, 0.11764551617106944, 0.7241586398336959, 0.15760732140452516, 0.3632473924960363, 0.8881433409043307, 0.5207587390957009, 0.21051865589355223, 0.7791688433609822, 0.40469258442860756, 0.6871577863110644, 0.12168657360422386, 0.00837436008147463, 0.8537167640129713, 0.09121472176493317, 0.43999050001248075, 0.4074729189355304
0.2771597061091272, 0.36273189133780825, 0.3137422891518049, 0.06686861816843659, 0.728861933424745, 0.6910446763962123, 0.5480760919578994, 0.8512598504399999, 0.7500107171271122, 0.2405813812845029, 0.7267651799916265, 0.9154540293779982, 0.7565333384485456, 0.48969457645672954, 0.29604038245155995, 0.7559263947425352, 0.2229588391151971
0.40537753038917657, 0.40974650001343704, 0.3150259382299915, 0.7934409563192539, 0.366910499993771, 0.3209878223113215, 0.17672449396878886, 0.4279086996782697, 0.036389981339541966, 0.2856928271397471, 0.5790099097238184, 0.48012915650055055, 0.5917578696406729, 0.3846511096051918, 0.10868328177706144, 0.44747548855338815, 0.6236843462088019
0.3450232389878488, 0.8491066940959576, 0.057229629682988836, 0.6821067507895433, 0.4619941667560369, 0.41897986170354096, 0.29127572103870447, 0.23838437599942153, 0.15566153034736907, 0.7259512529816804, 0.1415258879321184, 0.16175606093772965, 0.5129960732275943, 0.4454113416508312, 0.6594429962275352, 0.4280757013189639, 0.24408718120468498
0.125150888886582, 0.7431634181893269, 0.7310642550343666, 0.9585912824551152, 0.7054057954180047, 0.675104936909283, 0.5681860333481735, 0.20264900704257516, 0.5916537021988981, 0.18119861559022743, 0.6777660872568059, 0.7455231394285722, 0.7153673344702295, 0.6067911697539019, 0.7083330772914042, 0.3374427478781894, 0.04073048029047999
0.7457783295294177, 0.024948883878770256, 0.9503993802671179, 0.4051391412301226, 0.8810740824039032, 0.4223976299664216, 0.6545319660214818, 0.6066474746530913, 0.4077005736697388, 0.30263589565150173, 0.4341618183518813, 0.11406045549339239, 0.7299053877698419, 0.45178065732481765, 0.8330049981196648, 0.4814351427603537, 0.17011087315166185
0.11520848673537998, 0.7897842742833089, 0.9832132215019743, 0.35597989510650774, 0.19433558817759355, 0.7027428530342065, 0.38980215800435547, 0.8217021729529067, 0.21765908793496336, 0.9027247270068081, 0.42069904814084425, 0.563745117444932, 0.04330368154458841, 0.1182537849534856, 0.44072993776506275, 0.30232891636478487, 0.6297004537714446
0.7178682753004043, 0.5993251199900788, 0.5828623746344573, 0.7996830961700565, 0.16681189333329438, 0.40901990353623896, 0.14338885838548643, 0.6813957508303375, 0.9926316272110706, 0.3542357313100739, 0.43817211075097817, 0.7209439407888018, 0.03128525020256179, 0.4987667125853429, 0.7609604218937921, 0.5900393440072695, 0.5259813687138077
0.9263856027549228, 0.8255010562727206, 0.5425847229313994, 0.6301269118039009, 0.14316210043832578, 0.3302177257645089, 0.5362622216439682, 0.2886219180351721, 0.824820588564926, 0.40973053361140344, 0.14321411114315774, 0.43055873760399765, 0.12722154408479747, 0.7855811033312633, 0.4705371315986091, 0.5571811414561249, 0.9031628793577233
0.9845863798857498, 0.4870590296017451, 0.23068421220310198, 0.2887357246370885, 0.35000408281560513, 0.6649437180284828, 0.9545931029428169, 0.2694369750033362, 0.6019758799046616, 0.06793827690362775, 0.14800445298247789, 0.3771050062205631, 0.36193945932554905, 0.1091656902425826, 0.851828314221846, 0.795469629621742, 0.6161503549532685
0.5737193859093543, 0.644035396889335, 0.49793853881106953, 0.5981420437512975, 0.335543012421626, 0.1738220585918565, 0.1683861860579473, 0.7376659909869057, 0.14321104988970723, 0.11629504519520584, 0.8757254263679523, 0.7382225789456198, 0.712952158025679, 0.5083058352927814, 0.3805928026918499, 0.2840395346367578, 0.9407062165510104
0.17925164641085978, 0.3863255207668973, 0.21617732224436947, 0.6277045696581128, 0.3385126853954522, 0.39692732263937736, 0.1840338675535208, 0.8263692115788493, 0.11303379427788218, 0.8321458303641394, 0.9570892155164563, 0.12443401554774292, 0.20432715671895008, 0.8655938343025156, 0.001232425396711534, 0.24960597046710753, 0.5566790623332615
0.6578228395002428, 0.13572276040491837, 0.04188064785797141, 0.7018912816374747, 0.8548403082757294, 0.44990136301371686, 0.17089731589425317, 0.06330349273437785, 0.2887302075411289, 0.5421112157525106, 0.8036555343047684, 0.05573490884246923, 0.7668062542214987, 0.3236606938512817, 0.715931514462406, 0.23298892501459567, 0.7576931942422416
0.7655470126464959, 0.3347172334206312, 0.3290063643080282, 0.5753172160474734, 0.6158490711852355, 0.049896188728248525, 0.8671731582245403, 0.852460606981468, 0.7196373425174049, 0.12585053992916706, 0.48321443569409517, 0.04663038391708785, 0.4119641075997814, 0.5717465017489163, 0.909935745892469, 0.1373448870822389, 0.1297746111648943
0.7854107550439051, 0.12983264520655857, 0.5088615203751987, 0.5987083636475616, 0.5639428485472913, 0.5093909148118779, 0.32162484602302477, 0.6614711271461838, 0.957387524747813, 0.6774431927671389, 0.15019284267617683, 0.8203342064216493, 0.41963563499667145, 0.2550583781317767, 0.2476242719867413, 0.7635969188728202, 0.2024428007809569
0.09526198134690267, 0.477257019256188, 0.8028410886609897, 0.5335475843339482, 0.48254564242815023, 0.5324042569474661, 0.3685781019220108, 0.07100184118152031, 0.6615970045396287, 0.7773745577016926, 0.7811172578214115, 0.330928076059256, 0.5062580247825121, 0.7364910169829887, 0.7376051640073418, 0.9859469387071924, 0.7165489898391587
0.2724612352755159, 0.25713674304803114, 0.7596855360456416, 0.48488868910215654, 0.1819472938690223, 0.5235745338546648, 0.8532491909546789, 0.1427983012952877, 0.7236495746993066, 0.9017895780515311, 0.01387922151442067, 0.5276620600102206, 0.18923889146424078, 0.8219691149079116, 0.6357100484643957, 0.44329480354635664, 0.615940322632399
0.9851907632156253, 0.5163711807879978, 0.17914551159253622, 0.37154077925983886, 0.08215923409385517, 0.3512964830709314, 0.2020521823425503, 0.5807237135644615, 0.9063237734580777, 0.15969563435156775, 0.44577689623204486, 0.75838586331232, 0.03559902850141916, 0.3027809911815149, 0.13211368344785102, 0.6419652445981755, 0.7820922826406413
0.4127967654707466, 0.037056972288389445, 0.12964212632472205, 0.12098329030463184, 0.7249767528627833, 0.09914977077508014, 0.7177267188941038, 0.457190349279458, 0.10729246498572731, 0.5819974675139067, 0.5617668574750272, 0.6066573242036506, 0.7737340732890611, 0.5848834388420467, 0.5206556821467069, 4.2827932535183244e-05, 0.7278432591300769
0.4105325348862584, 0.20702392986082263, 0.1621894565497286, 0.9052303342661132, 0.08320955554709353, 0.8769869554438345, 0.34678580363329403, 0.5765996589803737, 0.339903740570102, 0.3291181329395497, 0.21703549900513808, 0.40853110767217027, 0.580556055044349, 0.46708850040088634, 0.503568579843809, 0.7638013997810614, 0.3731825446132222
0.798349244991578, 0.025580142959453545, 0.2349634193868737, 0.8312520509756783, 0.6608534878973968, 0.499705655874087, 0.873659063557213, 0.4665791670331718, 0.355996744398133, 0.33268316875981685, 0.9365873340310354, 0.05206442985623416, 0.4220817129392487, 0.1797072952243539, 0.5977572945210264, 0.3288208403077706, 0.9790570148231101
3.51973856554e-07,0.0197677238407,1.14879571963
3.9354536489e-07,0.0206528726301,1.75861088016
1.0239055512e-06,0.0363739194673,1.35970540676
7.74757512564e-06,0.0815684377353,1.5382016153
3.0700405279e-05,0.17138626787,1.65235286365
0.000102787780175,0.330280072217,1.93109131996
0.00117596170566,0.682472327967,2.26651996824
0.0034634256633,1.24528326884,2.3028467629
