$x1,$x2,$x3,$x4,$x5,$x6,$x7,$x8,$x9,$x10,$x11,$x12,>>f1,>>f2,>>f3,>>f4,>>f5,>>f6,>>f7,>>f8
0.07707711352907021, 0.9918216318974179, 0.5403509212256579, 0.02421892398632408, 0.7547923836733447, 0.453855054335523, 0.19422057686200855, 0.9235234448923919, 0.7123513850141835, 0.41033309225302617, 0.5526679528935664, 0.8382061434215117
0.14925544789517464, 0.6679719036982095, 0.26463646889684467, 0.8690539433913698, 0.1593828353854334, 0.30467618619917314, 0.5770434071326339, 0.0935688089692509, 0.031029231239476318, 0.7765894603242613, 0.6213975736616544, 0.17365622144171589
0.7931729709323355, 0.8066600233553067, 0.08504452513706451, 0.6932349694613563, 0.8629812471521727, 0.9696841827119623, 0.05924279381955733, 0.5100985502105037, 0.4834695476094717, 0.670343910078293, 0.8506055262344164, 0.5156734966769894
0.7295203942670447, 0.9989905144255099, 0.706853364045933, 0.37117685774043296, 0.645889559927662, 0.9859346627603913, 0.9810961093039414, 0.2851585437598313, 0.5404811657856227, 0.7136492420535387, 0.24797093167474293, 0.16913176876513492
0.9275324061455873, 0.6677150417434722, 0.6477472497845594, 0.993014427145916, 0.8353432451359483, 0.4768627297556636, 0.6161953632607488, 0.04382050884402866, 0.9585235925671949, 0.28884264360673484, 0.015008578042964404, 0.5079982763944528
0.6380726131352096, 0.12526383062268076, 0.4477335681682746, 0.42164368968917043, 0.5724257225683919, 0.8456368021819415, 0.6342420954658011, 0.6737086375773201, 0.6690841427669992, 0.060819976583943114, 0.7106359617560603, 0.6938845408793051
0.8580785707952097, 0.5610390972047815, 0.44692263988696934, 0.28494636859785394, 0.6856370757345435, 0.38655419935247826, 0.15529360868796416, 0.568519356447547, 0.8502344384620526, 0.21670041853821764, 0.10635603709043628, 0.05677243595851511
0.39212614142997415, 0.3976741099182288, 0.5555797428706395, 0.5070822352666652, 0.2184481586030711, 0.8844727167483454, 0.6661266416934353, 0.8951371473682384, 0.6796330750830517, 0.4188774973727749, 0.6996304458585517, 0.9964810879044791
0.630171047981944, 0.03950475885151383, 0.6881577200444413, 0.8496360608365694, 0.017470988572210966, 0.46768003864097707, 0.4855569620534085, 0.9338665604424331, 0.409809279830495, 0.487315019941462, 0.30536413107928684, 0.48204953745352963
0.72623071198828, 0.05780392233188847, 0.684260320468043, 0.33183857048953214, 0.11585902411801507, 0.10609514637299844, 0.12395220707869337, 0.0995807875641086, 0.5101722010292108, 0.5186797629482625, 0.5915746538177313, 0.9294676291027996
0.23113856277237432, 0.6669647063243829, 0.3736559621970106, 0.3176583198183811, 0.8450461934796846, 0.5407109237055037, 0.32786373407194247, 0.7690735677632731, 0.9916092338340626, 0.8687852432667018, 0.26985547241930385, 0.42287612419779796
0.9347088827591268, 0.8118895802004322, 0.2968663339419141, 0.3916769587281709, 0.43661125843454895, 0.1493387736149805, 0.8760134627618963, 0.5212517345762077, 0.5731889418572842, 0.6457418606685709, 0.14173208108129076, 0.9065098616691118
0.02171453699596193, 0.3677346746144756, 0.30285714592683255, 0.07810119639763946, 0.9757753882616897, 0.5320918545121587, 0.8803355186503413, 0.12889158601862938, 0.6592680531700346, 0.8279040062536852, 0.04652447491493328, 0.27530303434886094
0.8955648687988512, 0.25585316658956425, 0.331146560398201, 0.17646212301156528, 0.7068027117412896, 0.3123691689891446, 0.3026973749966948, 0.23811532429155768, 0.2865402153639842, 0.16556598620464003, 0.5514764972527265, 0.8838108866024565
0.8767681286772512, 0.32884066271720247, 0.9162393617990447, 0.9079007534109685, 0.8648580961168576, 0.9276972392836261, 0.694220407542968, 0.665300225790101, 0.8994699506465854, 0.27806643480423743, 0.5414542366545918, 0.17039141152228654
0.3185834545979962, 0.00379055008464535, 0.8103798127610147, 0.3095487712080228, 0.4884732822586815, 0.21064248676542552, 0.1923058007223215, 0.4620813921232908, 0.7840743314725388, 0.26422376963206007, 0.7254375801407986, 0.41219983749277656
0.3494640441928871, 0.0838448130496372, 0.7330900545912112, 0.8415678963252926, 0.6529247130018215, 0.9009060543067201, 0.17507657739263394, 0.8005446329718701, 0.33125327520846704, 0.47916598862184445, 0.17868693184319162, 0.11497109138578587
0.814013345584025, 0.6484915545862273, 0.8105960881160067, 0.7698322211756708, 0.6074658768377014, 0.8020522393450518, 0.4473394324945965, 0.7482307134306735, 0.9266063523777165, 0.4011377666647826, 0.14988527348266478, 0.7794987468910787
0.13512022960221026, 0.8474377665274737, 0.3237105299934554, 0.7537411290117056, 0.8480879010421635, 0.3976268640059175, 0.8874657661958797, 0.7607625404414909, 0.8480095212429043, 0.24626760847762186, 0.962151779438668, 0.32075194852716826
0.9368434828321552, 0.15728369654942898, 0.510187506345185, 0.3494079729310873, 0.500541258646878, 0.8289707224896062, 0.14695089828326569, 0.4988569295019444, 0.37143585575071836, 0.5962617696296164, 0.6273142635705288, 0.07366445195415094
0.8837327232954537, 0.7050000676022099, 0.7223871256761735, 0.16782518372616972, 0.38730192073270875, 0.804257790912349, 0.9885318289319672, 0.4661940294808399, 0.2310186167403815, 0.2265421687256095, 0.6087854638396513, 0.5115339506224036
0.51878904279207, 0.7528312073343074, 0.032653296093949735, 0.42726106956739074, 0.3626451547827234, 0.5790695715905981, 0.08547303581139043, 0.9635876983514965, 0.7442910479452277, 0.3106588083658931, 0.9971255286857211, 0.12177527794764187
0.45722249139318827, 0.6496600666415263, 0.987344151702705, 0.9738075501698114, 0.8241571107474441, 0.159573875140696, 0.3688717560578355, 0.31941412124487867, 0.6023595521013496, 0.35485590565369407, 0.8000384701381318, 0.24086252406764308
0.27438958978992056, 0.5847181578733756, 0.8211867773063162, 0.3362163907595034, 0.1564884712200596, 0.31707321112321873, 0.6673611709298715, 0.4689011236154955, 0.17276346122086406, 0.2049361776878562, 0.842315855415473, 0.4633050330678481
0.9276809661891657, 0.17861088805926095, 0.6212140604719847, 0.8948206199705021, 0.916606051718263, 0.3181774089917364, 0.9527851119065476, 0.9161775720041749, 0.16566915124927517, 0.24787792151817467, 0.1321805264926379, 0.3658087574188168
0.08162844156586468, 0.5948983407686878, 0.47070933605549414, 0.07871400313894039, 0.9976357735765656, 0.5297386580987914, 0.8508641554171611, 0.5196519268521752, 0.6334475524164682, 0.3512496717256427, 0.9887182735707112, 0.018377933577525485
0.9387516210970793, 0.19660612740128225, 0.06606755587843549, 0.3647749231686942, 0.008617025837659331, 0.3690282457717742, 0.5424943052246637, 0.07398563191219554, 0.7006121639499999, 0.4557288507464803, 0.19922217081819782, 0.7557163048251935
0.5886646347313162, 0.7565614598868117, 0.46315757184620987, 0.21657267409827063, 0.20632512904499134, 0.6269271539238386, 0.6581533919520332, 0.47427265179964817, 0.5663136063818348, 0.8601762359721462, 0.6342427372188332, 0.6736505181045659
0.09425877706894059, 0.8922854270766479, 0.339261716150943, 0.09149157373314176, 0.133812689757554, 0.06934684550927883, 0.7123644319791683, 0.05215752042334232, 0.11356594398430231, 0.5651375634900222, 0.9215974172492559, 0.21639512663261895
0.464967902161578, 0.8184872651284298, 0.8987281331967218, 0.34673656582405143, 0.5340060776080777, 0.04161523756346719, 0.704101623224702, 0.7944335194136221, 0.4587064415892994, 0.37789186951996, 0.6802696240845111, 0.9276877837107933
0.9174195702233582, 0.035414093875531294, 0.19043525864223743, 0.23082507416924347, 0.09209514797686136, 0.1956021160322846, 0.3828846889577202, 0.6679059845629272, 0.4616468324348363, 0.8228031290844625, 0.0988204786018454, 0.3257476392933474
0.6344559322079745, 0.8733015487056727, 0.8317252624962544, 0.5401102020481424, 0.9484192967187148, 0.04805622768623019, 0.4211427339828603, 0.7063812275469726, 0.6274165689158795, 0.49962310434412205, 0.4134106528134831, 0.32747718930983216
0.15012821515590036, 0.9595377477503965, 0.32627106626759605, 0.8496734008030423, 0.39531441281713375, 0.4180140522116157, 0.10462351875286302, 0.5855997540115555, 0.39948560035741176, 0.6369831528269809, 0.7480745799521222, 0.5215049950002947
0.5800547402552119, 0.5455460444867399, 0.0713124746409246, 0.2419508422133555, 0.9921301258454882, 0.7735216851503788, 0.7988868086570682, 0.03945237032375404, 0.21004536173154476, 0.725605401086301, 0.3347822630054339, 0.774992459726078
0.6395221772010542, 0.5044123294750387, 0.8656052849163969, 0.9400204336342798, 0.801744162110742, 0.730531454002022, 0.39040536884212673, 0.139883340061576, 0.37961665922161636, 0.6039860398780144, 0.3832425226133519, 0.7698116486299658
0.8237344973067237, 0.07680171856786788, 0.0609104742772838, 0.8554517496746864, 0.2661161557144094, 0.02174586826945757, 0.5753878029775987, 0.46711820478023636, 0.8396699792166021, 0.5550666211600183, 0.1718101409906806, 0.2661356060946585
0.700910012847477, 0.43207183925292547, 0.29396298355386674, 0.9342105590299844, 0.24093684398644788, 0.15538627263979343, 0.11075131382747794, 0.5652081850253151, 0.8943126328217599, 0.0032759531440937906, 0.7006956312816253, 0.9762801892887266
0.4301262124636629, 0.6194919773721793, 0.5707022220891239, 0.2886709068154024, 0.06605794704861057, 0.6612883615398395, 0.10987413388157174, 0.2734128429704856, 0.5266335330007875, 0.7878485019461803, 0.8011303257723776, 0.5736749093359883
0.03325853137409662, 0.2991669806543289, 0.03874181676188038, 0.9434042449370188, 0.529046479985081, 0.7512645589470727, 0.961243292913468, 0.9120869642558885, 0.22468481952539654, 0.8553828419533843, 0.12723178292789694, 0.8159005873118116
0.994742877373328, 0.03991384971062917, 0.20877542351811862, 0.9061981312333257, 0.817199458199444, 0.5704142885909914, 0.5324441486777756, 0.09326426386037834, 0.10938425246262118, 0.1630196517125957, 0.2188969211889119, 0.31151038135448217
0.37998316533650156, 0.24473932296818168, 0.9610498813795243, 0.47118039271857126, 0.6380835514821228, 0.8260922276328019, 0.1367479324438533, 0.15382619600006175, 0.17710925321767435, 0.971937075612942, 0.4704526505702572, 0.39980015463245633
0.8962929983119532, 0.12979651421585903, 0.8085265974692076, 0.08004501068397063, 0.3391941194013688, 0.4399691787904162, 0.050824574140186374, 0.8630719671859749, 0.6251398176573797, 0.4007763251007185, 0.7360956650257479, 0.7420300856837314
0.5585686926285713, 0.7911552768422943, 0.055844943912154776, 0.4968721159321676, 0.6830386803218789, 0.3487166606867588, 0.9543616246675621, 0.9280950314817162, 0.5544792450493153, 0.4075729583485266, 0.17406342073711745, 0.2983891312342447
0.13354960817300943, 0.7077015351411305, 0.8168542281777758, 0.5163656515834476, 0.785879871217015, 0.3233947431272187, 0.8558267700075808, 0.23957209607623686, 0.3732431676939071, 0.8005942503490684, 0.1588431282251701, 0.47910892959323037
0.21409816787745672, 0.9442040020828183, 0.027901955918055776, 0.2776835589826856, 0.2526311568284604, 0.2961511000936484, 0.5980401335234876, 0.4085639507313059, 0.5869086571174005, 0.5557881879140667, 0.3393744137560629, 0.07620324159276559
0.43799249950562835, 0.3724371157110371, 0.17623342173705892, 0.7269107635439843, 0.13439052382006356, 0.22102770833577146, 0.769704061558897, 0.9232161582405319, 0.9997426438027514, 0.4619992093176817, 0.17001785461396268, 0.8752744460243554
0.6195243306567109, 0.9626098821941519, 0.009178364725841992, 0.12347003692074965, 0.37363537640603095, 0.5938505562895355, 0.5582942043681768, 0.15641799048627147, 0.5629096579947538, 0.3815330477006007, 0.7834706104652589, 0.6348253745367163
0.5351847609707683, 0.9334510479695932, 0.43876996292769577, 0.2667078040088253, 0.13262597493980532, 0.7395777593915623, 0.8891145725979809, 0.5718219947404797, 0.13123554716260533, 0.2411058987073358, 0.8737562337878517, 0.42093567225650685
0.9817623050454825, 0.7924482336760514, 0.007925595227157967, 0.8229578371774384, 0.4455553075830132, 0.19882367527902667, 0.11085540767644819, 0.4987836303874177, 0.03599637097347752, 0.5139278031952128, 0.033291554179129546, 0.337610992171409
0.2007863101847076, 0.8801315462288462, 0.5457799324739911, 0.8966866880537588, 0.47105837352642976, 0.5198486920471942, 0.2639664278187558, 0.08253826910315176, 0.827060805936789, 0.3106868815207555, 0.18413766848812163, 0.1360481791452679
0.21562235184543832, 0.9308275225197715, 0.5053571867414335, 0.4402203603896728, 0.5696780573991823, 0.5667297423273016, 0.8008665883016239, 0.19474216615772, 0.08096227302423764, 0.27303048388653317, 0.08898098718628522, 0.8313013821459935
0.5347959538327643, 0.26488628974390627, 0.48288474747335297, 0.8218003047547668, 0.7978095927181628, 0.2555482941819238, 0.9101551052306585, 0.8763915359179664, 0.1504596535226258, 0.59119469505473, 0.9413014188161181, 0.7683217432880919
0.5029856863524896, 0.658164888267138, 0.9877555710529914, 0.7618314381445044, 0.481182321059902, 0.8518273100302375, 0.46628682937345145, 0.057300527132762014, 0.7530548814056317, 0.01853409083626567, 0.9444244043759037, 0.41353161392861904
0.04402300325577779, 0.487155444056837, 0.1963088082633615, 0.6016122336423069, 0.5242577050988797, 0.22803573287635703, 0.3927839219194901, 0.05065119641334148, 0.06565573191070462, 0.5222692842029206, 0.26377454604257966, 0.826305420900209
0.023949368670733384, 0.1354828276828971, 0.8536841716792449, 0.827709954488562, 0.4430235965653515, 0.42477189769651813, 0.62162191553248, 0.35964263189468293, 0.2635470370520796, 0.9522530913585933, 0.34053021301411124, 0.9667886948318571
0.8251122259572702, 0.6874480615738313, 0.25424982950797603, 0.8671825207544236, 0.571541232260956, 0.4971295400307518, 0.7413626940686611, 0.2669364665353767, 0.3986098945407506, 0.2999210820715865, 0.4284937042186209, 0.8859957716386363
0.03956476982728829, 0.386464807204136, 0.28943019404146975, 0.7904943861650301, 0.349985201544478, 0.019781047406140728, 0.09982683463673958, 0.7259718705061737, 0.7494941240382744, 0.93683712023997, 0.21325212706735852, 0.32042047986456423
0.28003152342158966, 0.07582910079646377, 0.8899852190206826, 0.48577029985064535, 0.9860027660061094, 0.49306649665927005, 0.9472405110185214, 0.47640048230356447, 0.38049874449148957, 0.7963247544849943, 0.996479543897591, 0.4269114205472523
0.2535364427293363, 0.7298205121911008, 0.7738052394146271, 0.44825329951201187, 0.5529020046805181, 0.9798130704369162, 0.7799540346522411, 0.9055756976922406, 0.6070208993565284, 0.43709484030741363, 0.6325481947494979, 0.30002774752307426
0.26711774730223325, 0.002669926563987568, 0.4043251311481768, 0.5728332661834296, 0.724432758538538, 0.5988481751030051, 0.189442404611041, 0.9936885894278853, 0.10075913572451511, 0.1205364376745851, 0.09750812125353758, 0.9159068990468077
0.8706983433289929, 0.33583817004152416, 0.979634085592514, 0.18792060808204258, 0.5146381304894705, 0.4567240724583027, 0.7497017205856461, 0.5410683410600504, 0.4423937490351033, 0.16876543528553078, 0.6371240920047828, 0.9830252701954555
0.891042744601709, 0.9059728108352525, 0.2036782859727554, 0.7279042581114276, 0.014468386614995832, 0.8133901219825461, 0.37433359814437794, 0.4508059608358984, 0.8907484076450294, 0.9062086840756017, 0.8867945497247832, 0.968503436644388
0.30030906613357866, 0.21228060919479474, 0.5164123052412429, 0.5332808407647704, 0.8021017400466853, 0.6335119591708046, 0.6891627115480674, 0.43767612573820713, 0.6514376575162973, 0.050315640536356954, 0.3413370977427166, 0.3088208904449169
0.98646041326682, 0.5678936825021369, 0.47927005148828195, 0.12062534206691211, 0.9338030771700402, 0.9863967419026121, 0.19499777508687421, 0.960297955350284, 0.17373816187855995, 0.33396586022569097, 0.19718670480603107, 0.004480336687374575
0.020728027800176685, 0.5309074951103645, 0.5055009185104619, 0.8515714225662974, 0.6417027588844987, 0.1593873269987648, 0.2806942876694606, 0.6934938523881535, 0.373369490949066, 0.8373525026786353, 0.526152801288702, 0.2518751815348307
0.5167005858312849, 0.7063811079117334, 0.26637365367959087, 0.018758087335481788, 0.028583170435406147, 0.23850679253608031, 0.3365440601664871, 0.035187542531208815, 0.14087820167689769, 0.4585423829428722, 0.5043864694459086, 0.5812932084410821
0.1760976692366596, 0.4817065838833843, 0.9694485857861155, 0.6464186456550501, 0.7514039494232966, 0.2730619450597176, 0.8448409422697042, 0.5205412956904449, 0.8902119435026391, 0.8788315921661688, 0.8020705415724751, 0.25018406815367233
0.86071615633369, 0.15867828017115548, 0.7755428670879531, 0.17154037801093913, 0.7414414936520982, 0.8518988722780753, 0.5935751899778363, 0.6614488107368486, 0.6438191962967862, 0.1525395437901672, 0.05535952941365008, 0.8218995982175316
0.34878703057203875, 0.9516191686850639, 0.05450235087876987, 0.7566934623629945, 0.33258990782836684, 0.944074169880021, 0.3001961485117982, 0.554249149045803, 0.15758653215062446, 0.4620157898475735, 0.002413793455249502, 0.788592007438718
0.47392548178819327, 0.1522047661029855, 0.911355560199854, 0.9937250153270754, 0.8822543401189139, 0.39951332605252, 0.5541830020681987, 0.31692804506063266, 0.5839354343896718, 0.10856396816972858, 0.8763846678510804, 0.6901577071236982
0.7487844650969248, 0.7765505765878559, 0.5171438547409903, 0.7464510646914043, 0.5130545818002393, 0.15468924797618488, 0.05868710076034589, 0.37302585968308055, 0.3026809480662971, 0.9468058051208226, 0.6527833265940448, 0.9702152679569057
0.42589499399820685, 0.31713205438253467, 0.8771525758152117, 0.41232326098414385, 0.5851839962784642, 0.5059439301106087, 0.016161920289242904, 0.9202530858568053, 0.8353716582207321, 0.5479338476910041, 0.1664093113748607, 0.1689309142284744
0.4772386987752165, 0.2814760640309508, 0.7234289302852435, 0.8317462230826804, 0.6139644258998999, 0.4529110189266944, 0.4956167747204797, 0.862532509147857, 0.6974488578751495, 0.028563303560557585, 0.8268035138422328, 0.19733445853508436
0.5389804419327692, 0.5522526296569202, 0.6917070722108808, 0.4291640835687235, 0.0050339273532128415, 0.8561313597083764, 0.9384083021592945, 0.3012117057543594, 0.5593735546263015, 0.5921122541463424, 0.3993066223033097, 0.7095487385996859
0.01793522684311355, 0.4730409605396916, 0.44773573510250375, 0.3992861862295449, 0.829291535041387, 0.1812526314144024, 0.8095949499574931, 0.7031695345754934, 0.3905500007379793, 0.07133519179834935, 0.12815072896984236, 0.9604350094675922
0.4104355246202418, 0.44992874915182224, 0.8312648661639012, 0.9412989572958727, 0.27623229177049324, 0.9670099299935023, 0.4055482773424133, 0.4933760841866448, 0.7466374640401441, 0.4947574364514151, 0.9461804338525217, 0.10524196850071565
0.186090215179181, 0.8032599882346442, 0.8328359633303779, 0.8409099320929221, 0.058460849672862136, 0.913363183415639, 0.7486071919568003, 0.6458692812243605, 0.5382317952338869, 0.5509635986029142, 0.3847655103633427, 0.628473203361632
0.4460241238237308, 0.3254117320779858, 0.8310872660631191, 0.8113743294242438, 0.40187474314368143, 0.5888689480051693, 0.18512473119925066, 0.06463060030740497, 0.23802040748316666, 0.23891775203338272, 0.9868874062503274, 0.36872650190274103
0.20728015947883627, 0.9128474946605849, 0.4561685190596978, 0.744065860335263, 0.8517673075013324, 0.048891411834489196, 0.5682076267568622, 0.6938762714259278, 0.9889408507323183, 0.658801273299174, 0.27952623810876254, 0.8846121827527659
0.3816297204677408, 0.25699058149530396, 0.11469068251554437, 0.6190211786305153, 0.6564329266447363, 0.21446894185788656, 0.10922207631404002, 0.7385518343988968, 0.44889198924528206, 0.9280648129755393, 0.9157911550108954, 0.6045671983266372
0.5085787712953123, 0.2627098575504112, 0.23974214404396055, 0.6455755161779445, 0.20146652134678622, 0.6985444962997489, 0.5761934921568779, 0.7298682140207832, 0.08095205754216961, 0.9350894095399155, 0.11687534599873739, 0.6205960643387242
0.9321516754889285, 0.3991497796231739, 0.6773602466292771, 0.890154030182593, 0.9804324587496334, 0.32940092356726114, 0.27951023273347664, 0.9717056407397915, 0.45958393120585705, 0.2670684175344754, 0.37706899280609085, 0.6805480427893869
0.027495557209352706, 0.7451752171495176, 0.6295924216296483, 0.8284456482377431, 0.598401327302659, 0.24366351526651586, 0.5608854252621074, 0.23098824713444377, 0.6245644749365369, 0.9366145449454575, 0.40349216515270203, 0.23544484605494398
0.012448268575593002, 0.7120996988435346, 0.06622349371650227, 0.8216453305065498, 0.5793476486566155, 0.6554442927780121, 0.5382768772855183, 0.6657606774761364, 0.3743515512207536, 0.7313567299095712, 0.1918187513805677, 0.21924934808910024
0.08643890226460327, 0.9846130791173506, 0.7759460149526863, 0.26436893691169017, 0.007392754333390372, 0.25002637386739723, 0.3206091864053031, 0.383971052210071, 0.33521007262183433, 0.0030047130448800363, 0.19932574901825473, 0.6848951924347081
0.8203250886454975, 0.2437719282308788, 0.6121632572207479, 0.021052583868242714, 0.36027193526737367, 0.9665536765261322, 0.6940898502338021, 0.7886625819427666, 0.9808824815475299, 0.5010098415288741, 0.1638488751569721, 0.2228006909037047
0.6073586241360645, 0.8749806785758787, 0.6248646619592136, 0.9356663620087682, 0.37822636171666824, 0.3499389448848488, 0.727628982842509, 0.9998498844006741, 0.19448282903133063, 0.4153148441202965, 0.18600066808217897, 0.49853530889351405
0.35368252259020194, 0.06099699072621645, 0.903127235081423, 0.05511989668807182, 0.48755634154966543, 0.19600308262222832, 0.06515045273565045, 0.2623328631266022, 0.6755860270439137, 0.6916300306889205, 0.6449386098516803, 0.1744288245115283
0.978496993084394, 0.2305142772290263, 0.7229846835772342, 0.6417727352320465, 0.9824941892529523, 0.1494601336261655, 0.12255800775995052, 0.960975131620413, 0.6080604084073957, 0.5163211617524868, 0.6916873244004283, 0.9312237495852985
0.6529820513771744, 0.4964196860037505, 0.5622846427021563, 0.39596821998630494, 0.862248238593592, 0.9250117701067051, 0.35391321192291236, 0.009298432330663964, 0.6969759970453541, 0.3914469814512386, 0.33690943414949526, 0.7152321198409336
0.5630636780920893, 0.54774831798478, 0.027869804435100343, 0.24586179672802588, 0.8224944093569614, 0.8895281549105001, 0.6650931288473703, 0.3490545330113791, 0.7661087686974913, 0.8783901035926345, 0.08303427173224609, 0.07090127306422456
0.4806400104851605, 0.681288693172557, 0.8443750465803194, 0.5130296015719735, 0.2856689193199482, 0.6666834857472217, 0.4342196328976461, 0.1279871234303398, 0.4243322890208776, 0.12127166735021122, 0.6000161938825055, 0.5583031042278893
0.21008068411141734, 0.1083422933445064, 0.05578914367252896, 0.6962246348483243, 0.978223239303051, 0.220010059397462, 0.39543099738009957, 0.129705892948631, 0.7619609175658811, 0.6484705324038877, 0.7217368670036668, 0.409620328949693
0.5314831936076774, 0.15603877117587273, 0.05275969506405165, 0.7169946313264332, 0.8079047677772679, 0.12418476563750502, 0.748354157204674, 0.32531744579955724, 0.5529582604142048, 0.7586699283106088, 0.06593043552240607, 0.18101967283278875
0.2055788735646592, 0.3771330264422026, 0.8843976510034699, 0.06952457034787562, 0.015808722244193718, 0.8131390995463343, 0.8701005268296288, 0.8271048326335066, 0.7220175229804942, 0.22894699301357657, 0.386396480775438, 0.12605774874300069
0.13674060515884034, 0.8920004946939752, 0.5650847861445021, 0.23532543257716376, 0.09087583610837635, 0.07839323370129458, 0.32582082223672226, 0.1758324572904274, 0.07554197600191181, 0.4691471151865968, 0.44409956315707155, 0.43126180887537324
0.5130819766060855, 0.42475052580608574, 0.6906152065356794, 0.42282171997306706, 0.8356054499051223, 0.8106755622784929, 0.5824998531138553, 0.23682459203662165, 0.9165322158603555, 0.6807817263228857, 0.9002747688389126, 0.3780642014224438
0.5636501105682236, 0.4707812486935319, 0.7393632400874958, 0.3694503516988712, 0.4483702910352434, 0.3747126845812394, 0.5504966150385646, 0.511823746191272, 0.524102031712811, 0.1652343816385372, 0.461454878356948, 0.9539543171268922
0.37169424699336684, 0.9926074434843134, 0.5860955675850118, 0.45061799298414884, 0.9158282391423544, 0.1108053403201592, 0.6572410617672629, 0.17366006194143124, 0.8967811894330757, 0.845951004720256, 0.003164838882729115, 0.682778756294862
0.4636859289646028, 0.6879516168687548, 0.1339413117492101, 0.8441432247049198, 0.7894728651240112, 0.7572045400354468, 0.02265117660398186, 0.185893586514144, 0.24682948233911794, 0.4657874804783413, 0.5982739481363586, 0.22193867199075112
2.35434812768e-06,0.342792409368,164.433759404
1.87774060105e-06,0.299838092894,50.9837465909
6.18935992104e-05,0.705518459636,68.6891666553
0.000183526162478,2.29106455238,150.71246987
0.0142434834405,5.69674862929,216.847699748
0.00925378864559,18.9258990438,232.21535714
0.0226512256058,48.7266030807,326.680941095
0.0718117604114,123.614205587,430.472395739
