$x0,$x1,$x2,$x3,$x4,$x5,$x6,$x7,$x8,$x9,$x10,$x11,$x12,$x13,$x14,$x15,$x16,$x17,$x18,$x19,$x20,$x21,$x22,$x23,$x24,$x25,$x26,$x27,>>fea,>>conVio,>>Cost
0.17307917277726148, 0.48419658348217964, 0.34738795771432995, 0.8780955002480043, 0.8966740518102906, 0.9029670327129737, 0.16771966084492285, 0.42123090283509257, 0.6028514743378696, 0.5498657655400075, 0.41675925314887663, 0.34135511991028544, 0.4054778331542481, 0.11804961781333145, 0.8912302386200095, 0.22297494189474343, 0.052902130827544136, 0.7553772128407008, 0.9196597067240162, 0.4855682509731516, 0.13765733764078136, 0.569656183392984, 0.9979251827671942, 0.3695048732037891, 0.39567497797175133, 0.71189395507841, 0.8275982921133003, 0.38442858249647227
0.4255758507902979, 0.6719162314602412, 0.5314055733581864, 0.7789730538837314, 0.8813154550811171, 0.25895282297107625, 0.8631586599792512, 0.11481673264957892, 0.7638772525503793, 0.642776119977894, 0.032115655202216487, 0.48457686182729764, 0.6995437495849816, 0.9384631274348554, 0.5881960019636018, 0.28765356387496577, 0.05418980295535858, 0.8581390851352282, 0.35769912066802156, 0.7278773301496346, 0.5266150955421814, 0.014676370660857141, 0.8532840765361556, 0.4298813560043945, 0.7514634948765828, 0.5033064943961542, 0.17610400621565758, 0.44116839606087865
0.512314594982795, 0.54236876703534, 0.8259520166260564, 0.7781006107564441, 0.9083184235516384, 0.7096901653424615, 0.2921804650288857, 0.9214051497706766, 0.41765557653844276, 0.07532400437910358, 0.8203549618678538, 0.09578154607210498, 0.5914915772389446, 0.7471144021036663, 0.8579676586332126, 0.8280239056796999, 0.5195284624433397, 0.8995100330329652, 0.4421658746360344, 0.2687628271403403, 0.40883839978215175, 0.5050196898030224, 0.746944051229033, 0.5739474624794112, 0.1754209678991968, 0.8682377900031778, 0.10776277923953781, 0.7700685980811638
0.11829040886389075, 0.5890463475982902, 0.5095728804141544, 0.07711752043868281, 0.2745543620662939, 0.369281061896926, 0.9709571660459527, 0.025083579174114523, 0.19880567085861545, 0.5249884967383877, 0.0549920216963764, 0.1827658985462033, 0.8068160989259218, 0.9633456234305489, 0.07969659986463662, 0.45529177531701215, 0.5228902250083985, 0.30705359765954776, 0.7151725639824241, 0.5302341229483026, 0.48574930026424235, 0.048187686131578644, 0.5924559887832537, 0.8729696704247484, 0.4203665194540076, 0.24030235408183698, 0.4939574936695872, 0.048974544611398385
0.00031752985154187563, 0.7482487929653041, 0.13231151997127344, 0.43987664574773944, 0.7591421656477441, 0.8128071795066378, 0.6416336300918632, 0.8819071875326786, 0.7014845428545798, 0.040438608362162176, 0.3751195298146235, 0.4138787465396747, 0.02655168998767299, 0.5081786799456695, 0.9413670284761002, 0.17820905733613313, 0.17184821004440265, 0.2905960384805254, 0.11044977246067067, 0.577884559711485, 0.06173793024425134, 0.6006097856564175, 0.32550121652929553, 0.2604258317060124, 0.9011690189522668, 0.29876091017828343, 0.10598889511022991, 0.7241047822598512
0.8736304942581413, 0.15763530734546527, 0.16919402581231413, 0.4264596843703725, 0.17459616727360838, 0.8390519217219813, 0.6315132266853447, 0.2338229188269595, 0.8229595028224925, 0.9481282052881753, 0.2908762044528642, 0.664235037060091, 0.8184855905100626, 0.20347639362817171, 0.20769620224850038, 0.864174915009995, 0.6744414517674392, 0.003535494443181686, 0.5963711010702565, 0.2427648855119613, 0.2912965797474236, 0.6871797910614496, 0.17257369767517494, 0.21471981772612891, 0.2948614463722208, 0.23113121506171486, 0.9546164608497051, 0.43307424937124905
0.3350663455145987, 0.7552320941161944, 0.7657026750831607, 0.22204524227389777, 0.1100892517483395, 0.10333966885713364, 0.6297661322622858, 0.8277403643863419, 0.2182516867736849, 0.28694252848728563, 0.08339138742816798, 0.3415178588507968, 0.06535056499453884, 0.15596585057581558, 0.9640166666804653, 0.543664408467134, 0.8167115676006288, 0.18859678216178155, 0.844384196219782, 0.2780366774695734, 0.12270402634557254, 0.01017073620184572, 0.4311369606653286, 0.4077114750823426, 0.5789132162693036, 0.11206977639599525, 0.3357894111653258, 0.0807690733007127
0.7106294329943961, 0.5011177566940531, 0.3716758820346354, 0.42621818551629154, 0.49854393417590825, 0.08375163301684108, 0.5306018216752392, 0.4375839687653733, 0.04993815483325159, 0.3198158989563694, 0.5976121771291956, 0.6802924204513802, 0.630222349586822, 0.5810061802098058, 0.2582132391735362, 0.1541415022333973, 0.13711241263234664, 0.10019323113868328, 0.4492617634410485, 0.41065045016449353, 0.5776366689211813, 0.5041078598074908, 0.28745619371048625, 0.7870139786577774, 0.2000075821013162, 0.699451093049021, 0.6705903569923457, 0.7216084112775835
0.7482105981979243, 0.31528489083078337, 0.5440850979937405, 0.5807388835420101, 0.6979927569720218, 0.6605762707510351, 0.2539287695658651, 0.7906565342652154, 0.49701170718383936, 0.9746003745367023, 0.7861312752293461, 0.02974077809473974, 0.9971739498342699, 0.6647297308834367, 0.15612762077400955, 0.3708514120327583, 0.09549632810609954, 0.7301739203941353, 0.5220153807338985, 0.9380287821584451, 0.15035757691564522, 0.7993692738172473, 0.662426443909442, 0.01253804595780228, 0.5728154753248541, 0.3996687216804339, 0.3288154922633141, 0.04317154494801101
0.579607787856008, 0.2840563633077082, 0.385334564480881, 0.7450815759596152, 0.40494876938428637, 0.28406922736268714, 0.764844440946533, 0.06675522490774033, 0.9045279653325574, 0.5615286580594864, 0.38044247733039016, 0.9223172119501888, 0.26936101537367085, 0.41830122621393906, 0.18695656847035969, 0.7891255966508055, 0.8124217320183396, 0.32790753971666886, 0.7119510895516181, 0.17648291524659443, 0.08968534692051644, 0.024226784869528895, 0.9377813132048226, 0.28370765475475934, 0.6435778884237117, 0.12527256707441148, 0.5488947409823676, 0.19841232585133595
0.34004135048098383, 0.6148107701346015, 0.75133543090062, 0.5506777620926716, 0.7152539095160922, 0.051644870951921495, 0.7527322866769867, 0.28521727753298776, 0.8154536125168605, 0.2442091444127057, 0.10722713800118255, 0.3872430253757613, 0.16245731068785696, 0.7828350365317173, 0.44875287140998, 0.2645219245569963, 0.5099317597679194, 0.8018139370531734, 0.209887577522203, 0.162757518242706, 0.3944039923674112, 0.26675684482132345, 0.5579500291414196, 0.4975293435681133, 0.9942387314233111, 0.670582169972825, 0.3054832648650996, 0.46059025207994087
0.45278897421301634, 0.2633835804767042, 0.8998526737698826, 0.3989861324594276, 0.2795797854744836, 0.0660621839319121, 0.2652481594947942, 0.1354374937291153, 0.8804553246411917, 0.5829777192208866, 0.3526473101903588, 0.27220095555634716, 0.6514752282440902, 0.40805355300131196, 0.12234980618156499, 0.3745584089351518, 0.1637635938571702, 0.06410940221822292, 0.18999449311762817, 0.3003777597236005, 0.540773756292611, 0.5607289654325074, 0.004297946955855059, 0.30865283757002404, 0.34505150146399055, 0.7565323907663007, 0.2954424459757006, 0.10177989552393452
0.4883976913274183, 0.4949332501812024, 0.05732248854586608, 0.22227306439633288, 0.3849510916838629, 0.40709382144009987, 0.9373878937166151, 0.06653018914322073, 0.3059391821736316, 0.20653840605334473, 0.9532023453939198, 0.9122013835129618, 0.927342359778124, 0.9505432613261819, 0.030773161641552638, 0.6301798267131207, 0.1266050393541851, 0.30217617748936887, 0.1920153787848482, 0.8700305439269982, 0.44295569631367027, 0.023054220088094213, 0.6380488570777144, 0.866844980550485, 0.7352589223589128, 0.5370427449185143, 0.0934229501447692, 0.6236057868575392
0.8839948409876736, 0.7948107606664406, 0.8685123591435032, 0.6621194585438765, 0.5955278836467752, 0.2650456808189502, 0.42112175674920005, 0.22000573610066965, 0.7283118635253891, 0.13230335367974544, 0.6970378415382223, 0.9107238999813851, 0.8769726275572232, 0.8253535337199128, 0.2561042019071921, 0.36043998520002474, 0.350518782604727, 0.20225281117948035, 0.32960875214069296, 0.579406365689084, 0.5922313734380041, 0.746568046710142, 0.4885355655260145, 0.12805256100507578, 0.4574426390159638, 0.47563657135461634, 0.1621515769551497, 0.8518530383641647
0.6811319961503949, 0.29095948309899267, 0.28286282134564966, 0.9562830687057788, 0.322885683627529, 0.46883063858893115, 0.1698181932850923, 0.16376521278337597, 0.5627448810021384, 0.8624712457881504, 0.7797178061622397, 0.4498223425371084, 0.8394507964055251, 0.6016517531462422, 0.054743732004294166, 0.7347126096029816, 0.7752338732993219, 0.1554827058369712, 0.3361436490630282, 0.9281350769239646, 0.5176126858985497, 0.16452108980092706, 0.023014648875660182, 0.07553265531501618, 0.19324656884160096, 0.38552961899297866, 0.9526583396863442, 0.031958368246810975
0.9574638404921434, 0.7172705642577585, 0.5544985816732634, 0.7190810134404331, 0.4772718602221545, 0.06709975081414121, 0.1959438926436302, 0.3223193239813418, 0.931015245435271, 0.8696657776483735, 0.2999944953085316, 0.6908972339691113, 0.09666451174833557, 0.43867317704003395, 0.3590538594637017, 0.09345695243352581, 0.9645204968163232, 0.38669318271316167, 0.19763276400850038, 0.8073427437714795, 0.9496122115925949, 0.8894570275860855, 0.11041640093244587, 0.4948729762393357, 0.1575116707498475, 0.502550980035424, 0.5465116414064065, 0.8618507231299849
0.09969481818182024, 0.40696986948372116, 0.3587419289315794, 0.8943076270632366, 0.4686550675191946, 0.32403421607554683, 0.9363737653012532, 0.9707165287041372, 0.9487236475774854, 0.7027814653081311, 0.1128575204132608, 0.08369578269039302, 0.32880540579615347, 0.2643935958381949, 0.5408939477638955, 0.6339287307890881, 0.9571626834740296, 0.5082477225021904, 0.5138119449222746, 0.03160175675303567, 0.8859225529915641, 0.1850201730384926, 0.8233931129973693, 0.10064333870329067, 0.8613050276209049, 0.17023102470903795, 0.17421064378708273, 0.10881589150752291
0.688683420726784, 0.3985582850115158, 0.481190383434434, 0.9933624557321619, 0.2723842000895722, 0.7976032695795624, 0.3738272324094142, 0.009040427903055925, 0.09447747971385856, 0.5040141973799608, 0.5613504909147136, 0.2049257466948733, 0.15311087708490334, 0.6005146561944982, 0.47752054029969027, 0.6805416285528172, 0.38194015340331644, 0.4037823313044251, 0.37557852475814557, 0.7206409514963297, 0.2442117137510582, 0.2930061944254746, 0.2122825341399739, 0.0010841294589745143, 0.15547694911056464, 0.5841564442479793, 0.8925149747769927, 0.5686196908330489
0.27042610885293805, 0.519831318341888, 0.6836579158313678, 0.410529953412188, 0.5994172218932365, 0.2894561914135836, 0.6637608578129884, 0.0822346566404093, 0.28265550210746526, 0.2177304075415757, 0.3312652278797006, 0.6145510554218937, 0.8156844085102665, 0.969342065465327, 0.3722556818738133, 0.249817103655412, 0.5140140042186685, 0.7570216081369243, 0.7745095704421584, 0.9153696641729168, 0.37643637456856494, 0.9601721688275929, 0.008493953429516199, 0.5276470392161853, 0.2635085222527084, 0.9793553426246986, 0.17900243151242323, 0.4959189745245953
0.0871793798079239, 0.7543236013614307, 0.6597545386467475, 0.8461290892041147, 0.11208525847997175, 0.7165047941935657, 0.32764727866287424, 0.6544676919051041, 0.015270999540611507, 0.6675337339312227, 0.2854722291734799, 0.904061210177488, 0.9594324072913626, 0.866733399171055, 0.8640938446958052, 0.25231747526833714, 0.10383564863834027, 0.6023966467974373, 0.685305881035212, 0.9967477813641826, 0.6820422475402503, 0.22856555768645004, 0.48268716556337155, 0.7355199570958982, 0.5785366050348835, 0.2559811890408299, 0.5080893777299872, 0.7059280688308764
0.45323097849302163, 0.814455073840615, 0.245698128370053, 0.6302653625357212, 0.579969847513705, 0.6941905067380839, 0.004134813847893826, 0.9880114752670606, 0.33052632164053586, 0.219203574973445, 0.19477874238907422, 0.30336110996924137, 0.8687230007576539, 0.6245931237659083, 0.9552229465729075, 0.03911008908478142, 0.2578558279511892, 0.037481743644794285, 0.21910868848775766, 0.7852380969213932, 0.5194204593734966, 0.683809825664401, 0.0031921736391934408, 0.9952108446956718, 0.9636287455727762, 0.7164271324291892, 0.9650583222217115, 0.4560233382244595
0.9254580995257417, 0.1825617010227445, 0.8502389865250861, 0.935936161731633, 0.6288900195281655, 0.6748609196383634, 0.1517997550224386, 0.9923122098841073, 0.38387625825964067, 0.34925174001384673, 0.2878399383421907, 0.4058435434972384, 0.5139859053930573, 0.7139246535676779, 0.748740476373112, 0.9091612688360146, 0.34786898195340665, 0.36612780010650914, 0.7212890070380845, 0.23569517368731274, 0.15202766901632414, 0.7759980719573624, 0.11273895234015241, 0.2417297857163785, 0.8524651415986902, 0.07095650880867, 0.3347387114201328, 0.9056763348746779
0.2816431020983259, 0.5903805416791308, 0.6218040310698696, 0.4425254739542286, 0.31775624231619626, 0.2434687660767464, 0.8778774235947078, 0.4006501378810544, 0.10132257187394966, 0.7839475703510461, 0.9987924661343172, 0.21738033693913672, 0.6319478538579142, 0.9979054983437162, 0.6748406768320812, 0.02505525911349904, 0.11193721924506705, 0.631366450917366, 0.6712641573717997, 0.6910695299444831, 0.5960322786267416, 0.16477409588609093, 0.11195171408965832, 0.672645097391446, 0.3729876872523047, 0.8236926611680442, 0.5216325568019127, 0.16830052665410633
0.5033893116689989, 0.24219272013860826, 0.0446059556322731, 0.3272479696673415, 0.40441235746555526, 0.478350375897454, 0.8707214108269665, 0.3480609194295873, 0.48656480689287307, 0.807107370538833, 0.1760818345202393, 0.8259456249907727, 0.4371484995568141, 0.9594067384653044, 0.06726702391670003, 0.7174256729050213, 0.33474915191958043, 0.8725988697860394, 0.0687117863135096, 0.2192975774756103, 0.9533233147449143, 0.05178547873865824, 0.618204837982478, 0.2340069112637917, 0.6254683801804898, 0.1452658313955869, 0.7599116392393748, 0.007071446004956794
0.298727529683279, 0.7462289088416248, 0.7055931610664374, 0.2398516287839073, 0.2561730125113635, 0.06285178906016742, 0.8414961493507847, 0.41226379338752184, 0.681346237485709, 0.15238044821533436, 0.11388772644922673, 0.6638630366907136, 0.04112298016982063, 0.2880998736065953, 0.6695806184730574, 0.1508304496312005, 0.6993547984960503, 0.7803221412017911, 0.17661378785981785, 0.41187376500478123, 0.3174859913835082, 0.7096979694917935, 0.30270109660170774, 0.341019989387385, 0.38372360558395113, 0.5268522259343208, 0.4151495724465173, 0.7595685608266106
0.951719010744105, 0.5662131318315744, 0.971934014363803, 0.3615704254390978, 0.21965826199613692, 0.07358354109065701, 0.06522637978785017, 0.8300299976584704, 0.10699062266061199, 0.22603817019149253, 0.6331426379317406, 0.37456854244260285, 0.6480257894502811, 0.32205402533465055, 0.3869840351748045, 0.6741916732044497, 0.0521670597433439, 0.2215602140224957, 0.884686055656847, 0.3882997184587095, 0.6340003174587894, 0.4716311520761446, 0.6297520263476941, 0.4427944841640429, 0.877819674181899, 0.7584990410675727, 0.31790725967591305, 0.4584016578663367
0.13977409371214555, 0.21118894406114153, 0.6754179522598643, 0.9759943756673307, 0.07926969042124787, 0.33502945361544945, 0.8001746327973631, 0.623517721573977, 0.3167619565965716, 0.8227757953804553, 0.1424633221268118, 0.4838456167738654, 0.9027983093175507, 0.7438686702348581, 0.9728437789302596, 0.6461786706077697, 0.5745284530965311, 0.6010428957405979, 0.24523509288079692, 0.5523564609203385, 0.807000883350537, 0.7654838591363265, 0.7335126343590761, 0.31957964782469817, 0.9939714893305404, 0.6416664547204928, 0.9367094889150783, 0.8019209737351202
0.5623158654667799, 0.8907466116481171, 0.6595940460363651, 0.5656441629288311, 0.9041212313491618, 0.4549223846440936, 0.6779521173235548, 0.39813699601015073, 0.6207540011011256, 0.9455654161007759, 0.04703668297200181, 0.3023113211612728, 0.9348015382602968, 0.9732435270982961, 0.700721034960277, 0.32070408428420827, 0.7856003784212761, 0.04334709758608646, 0.06258203894363634, 0.25841400895289124, 0.6818419948548387, 0.38467227727587006, 0.9990491706812391, 0.9042370074004533, 0.06434957153198861, 0.08067481849041236, 0.5732645355524905, 0.6060243919897471
0.1783392573858822, 0.5521177447530798, 0.6159981590602798, 0.39762797869015476, 0.34065021702523457, 0.8504047361779231, 0.03792965183857466, 0.09872643141663995, 0.8439675431344221, 0.3316673806642362, 0.6824064041029378, 0.8643509373366638, 0.6039734423466107, 0.6279818730620427, 0.4379558661128071, 0.21544033023577547, 0.3353035373603769, 0.4808167931637616, 0.08869424128816061, 0.5908942957583838, 0.6748245076344449, 0.5751663540621399, 0.3604699636872385, 0.03878436816240394, 0.05358790208824615, 0.0242134915783232, 0.736479010311263, 0.6975284798717158
0.33059720595396147, 0.29846692252107165, 0.018787417136604034, 0.8177558731309493, 0.9140529559071677, 0.802473014326865, 0.669677881703365, 0.3765776245377226, 0.4685225344509698, 0.8688848856926629, 0.9155023685562594, 0.29651712711229106, 0.029703860785649572, 0.04250480121792988, 0.6503344337875638, 0.7853233752362453, 0.5294803487623584, 0.5805053394179588, 0.4728088920677297, 0.9994280139288368, 0.08175605349243409, 0.5313821896715698, 0.529671066561816, 0.7786420678560658, 0.49845885362119247, 0.49826913589850896, 0.701312852003835, 0.9276737032613032
0.17665776303856273, 0.842581301949036, 0.42404083789360913, 0.6293006163883356, 0.7004909667443614, 0.07194662743197044, 0.19961566402782172, 0.045166544909233663, 0.9826909528130436, 0.5485743593159782, 0.26786452707813424, 0.44912243555781395, 0.2768109641236013, 0.9635509761124177, 0.188551803491241, 0.5484439795027725, 0.09723846895465338, 0.548969214245962, 0.7744521198700393, 0.8154823697487282, 0.29902572951851514, 0.23699473893532264, 0.5021282619659552, 0.9890831002085327, 0.726035913402599, 0.2567054115933466, 0.56291687204646, 0.08829401507690582
0.7866908912045577, 0.43469825937286943, 0.8399348439578722, 0.4311673597679835, 0.005907767878644665, 0.7655210323881497, 0.23484181585335895, 0.546332580294586, 0.2618026837571378, 0.43349800909822067, 0.7698455832597282, 0.08322053785398764, 0.07246091724333903, 0.11610822727018022, 0.4524000962371111, 0.20657267546082814, 0.4426744925265105, 0.4507723509713414, 0.49528020371163217, 0.27635493366551533, 0.27017960703880584, 0.8141085874120091, 0.5430231544667955, 0.09799946413338034, 0.4728610186964358, 0.42704902182342785, 0.7840114524635974, 0.40869812332843347
0.1897851330543301, 0.9981235109498183, 0.9605693329619684, 0.9653072415453884, 0.34289313822659484, 0.915287720409333, 0.6271837185818094, 0.28667721398370893, 0.37879718212402125, 0.563200805918457, 0.6139409835175942, 0.904983638144924, 0.1736992789869909, 0.49221741738640445, 0.46640206908233406, 0.6374555283321781, 0.5340967340191964, 0.7189216461572991, 0.31135717435581944, 0.9370816167008984, 0.24251111264042347, 0.48556913284403447, 0.8476222592968184, 0.4099830679285298, 0.08710541519215509, 0.6773825163456842, 0.9462235589421032, 0.4096579608334211
0.497648249846531, 0.8576159103283378, 0.0020394592936260336, 0.8473719316017467, 0.13055992425052432, 0.11172511625401649, 0.8208749990087898, 0.7335367678463536, 0.3029725997185071, 0.8655421131870753, 0.677627365234192, 0.17053606196131066, 0.11023644902859031, 0.9792387315810923, 0.19108844369441824, 0.5390767193942437, 0.5440570553954825, 0.1646254138978671, 0.07724100616530494, 0.4520085272632427, 0.24243049110471337, 0.3619101820363215, 0.12505830238520343, 0.9972916633833628, 0.8794352719691763, 0.6896733568251978, 0.5377762660582166, 0.505222848201651
0.31361262887018393, 0.9818386713253857, 0.7722782447511277, 0.6373264498084505, 0.2364983266121553, 0.8920200248969266, 0.850907243438535, 0.15930430458125233, 0.31017434811597977, 0.6644072466342887, 0.5513913831825572, 0.7826979981045256, 0.27716865957660186, 0.13433944867624603, 0.16678040347288425, 0.769841243856259, 0.24211711891283327, 0.16150944371384812, 0.801505453700029, 0.27022889528293426, 0.19417484592248868, 0.6794416960865967, 0.6318843279145346, 0.2892405906155814, 0.25916140650131736, 0.33986234723799225, 0.6609652322029712, 0.7916376350239215
0.1275955856493537, 0.7910036687976735, 0.28231304485182906, 0.7527389817671424, 0.613729350998993, 0.6968585306478355, 0.648458494427003, 0.14326974501621081, 0.07074205216586216, 0.197194479032331, 0.35890014085798283, 0.8782401835127633, 0.5140613825936715, 0.36852615211134077, 0.8199067603581577, 0.8596386777552947, 0.11613815409825223, 0.760607261306522, 0.82826294488514, 0.6936532369421509, 0.7839917218265904, 0.9401751872337716, 0.21651151673408353, 0.3102328178581931, 0.23130431630644732, 0.4688954836807713, 0.5616594483151449, 0.236841510002191
0.9303153315194528, 0.15573020234440815, 0.23074499197207798, 0.16835435565424728, 0.2491980254484557, 0.4530239001757508, 0.13402385743089862, 0.07484352391906868, 0.4295484884665347, 0.20952101789830624, 0.020997360218439787, 0.781333001715872, 0.6125462376046085, 0.20944318965490816, 0.3804971415509075, 0.34762022471827425, 0.459110131664916, 0.0018350272289603398, 0.7546852509522067, 0.5434618399000389, 0.5699207600434677, 0.08721298754640117, 0.9204258304136576, 0.8692732967343736, 0.1539498694961109, 0.19767631890584347, 0.012845510581702801, 0.06234314052803713
0.47896981754556855, 0.9094199945940539, 0.32164833689972017, 0.19619561105576722, 0.5325114726353133, 0.6296868036075451, 0.4229822320781359, 0.1267300733955854, 0.3591833822462389, 0.1640359773971557, 0.08831900078353039, 0.4144610267203427, 0.3177230886960205, 0.27180827699733334, 0.7319729221395568, 0.7972734821944855, 0.010709407944441862, 0.22380779386986716, 0.0457401483041473, 0.7760823767894927, 0.4690663143474283, 0.5582585145670834, 0.2470513643638209, 0.0672958382961859, 0.3425116032292421, 0.6993119913548209, 0.4942661395751493, 0.34355188020955796
0.04081828639826235, 0.29274373950581356, 0.4860014055969343, 0.3007965156210419, 0.3638742449070733, 0.14868362619132702, 0.08295256840128051, 0.49579450513702095, 0.23978209629661762, 0.06683553042677748, 0.5116943456868215, 0.8964352934198047, 0.2272270362014741, 0.8671222605752946, 0.7444592111231049, 0.8981487128832305, 0.6684841850279286, 0.8026783353411997, 0.683239464317212, 0.13709617936427065, 0.24776526152739198, 0.3346574413570581, 0.9264662690168504, 0.7667538167294206, 0.10218565422883785, 0.9832334901599902, 0.9610940511912602, 0.49421890389845846
0.9497116282813031, 0.7709190554530178, 0.6637336858477797, 0.9767242243877939, 0.07429834571042926, 0.8634973910033238, 0.4913023754117629, 0.10009797543438714, 0.2841704453320505, 0.14093886468828476, 0.7528680823284524, 0.283465963412564, 0.2789958052659658, 0.013174681611595074, 0.8830457755158441, 0.5669839820950059, 0.9067029731325287, 0.5460758992732332, 0.8522649613495449, 0.884986118559388, 0.40585766447640614, 0.18111936781409466, 0.3569107963510315, 0.17110826530207823, 0.679751954464401, 0.11558565299315626, 0.24610200713346586, 0.13636097313656903
0.783660115858161, 0.05486447295094954, 0.4126000509736313, 0.47149687704013077, 0.7980783631029607, 0.9216291806813404, 0.31334693499815824, 0.05705971334308502, 0.21538662571836686, 0.35222863928138193, 0.701234802240532, 0.21284201988890894, 0.827649883361673, 0.24928715197540308, 0.7677927604318207, 0.685535148440799, 0.5134138585871565, 0.8766325895495674, 0.8492257708605062, 0.6930184387413868, 0.8901647692476463, 0.31243142473447627, 0.8544885013724571, 0.23959568022331934, 0.6207190051305127, 0.905349961105328, 0.9284130190357013, 0.5158748824453042
0.9586504871419433, 0.5977484874597161, 0.49212846788396536, 0.3991723012515095, 0.39168950809527914, 0.37065778797408333, 0.9453184703893471, 0.6398674911282662, 0.05363975527564846, 0.9204734414670576, 0.7920261430082798, 0.1651868635027739, 0.9476362348742757, 0.21501921193496365, 0.7022740080260744, 0.9301518456772904, 0.9882306492734212, 0.368912869205518, 0.2968506436109368, 0.3598083802078118, 0.1277236265955295, 0.7420836269674014, 0.1608733580546693, 0.5154595353687331, 0.8003790016046488, 0.5553231930871636, 0.12914778061076548, 0.3530701658651232
0.6453237037702965, 0.02201900743273022, 0.6505670721656207, 0.19497734438944392, 0.04860818469597816, 0.26996921255776496, 0.6197270216144182, 0.7468401087914194, 0.40791765709112504, 0.6268898361147419, 0.9354681242604809, 0.21076935549244835, 0.9559643489483032, 0.54072698613013, 0.38462582110001475, 0.22680315366069914, 0.8628668093528088, 0.6980623638713733, 0.35557059972646143, 0.5215972697111554, 0.03604441209505893, 0.7855756762929431, 0.29669414662519666, 0.6643053141762164, 0.5931662498780707, 0.8953057441181298, 0.4107534426798094, 0.7127329498931091
0.08475803958612194, 0.9183516526999844, 0.37798196619826174, 0.3143931396425198, 0.056814659441350446, 0.7919011891681191, 0.20376635940629717, 0.12740883837097872, 0.8476719877955184, 0.3346368427395644, 0.06120508083792753, 0.7888295349821111, 0.0571016586550952, 0.5000460123232644, 0.780354296631229, 0.5280101581534997, 0.911051945732111, 0.7967349755359425, 0.5862318666240653, 0.8520033406699258, 0.12856125869842927, 0.5193156513233165, 0.7673015774782659, 0.7499776170700487, 0.8730156362713212, 0.5991433283399394, 0.6131735050807263, 0.2776121840617737
0.3783447369211671, 0.12084300063960218, 0.21689211745718873, 0.1928153233691, 0.3900558436934173, 0.5609167966894159, 0.11741752331388255, 0.9452473724182274, 0.5711705839091579, 0.12558426006540413, 0.5897752614708905, 0.5100060323554468, 0.600752320722948, 0.28974426364894124, 0.23473912234151106, 0.4611884683526225, 0.6130351320135828, 0.713173037418497, 0.5805591359682621, 0.9698693240864704, 0.4881576734682218, 0.14574420802687893, 0.8142558398550374, 0.30989625675435273, 0.11767245389759984, 0.746070756766966, 0.34147988420619446, 0.3896698232415161
0.0866396918325254, 0.706112708262358, 0.42391395586618175, 0.5532030536642901, 0.5957872427613312, 0.6113292836582027, 0.9851981531501068, 0.7249717130834945, 0.0822383269340522, 0.9279091500064772, 0.6738967507625274, 0.9443158376138028, 0.3023848134974235, 0.005260264418112892, 0.5050744825061548, 0.04979573000059734, 0.26952814500442424, 0.39181184310036965, 0.9989865733747979, 0.3970523780392162, 0.7841030563339298, 0.14017085560752407, 0.07065948349172335, 0.02358089244013173, 0.7331196368467434, 0.5351550486884343, 0.7799393307742476, 0.8522723818578015
0.8854589685324703, 0.4713455198067028, 0.2653264895128702, 0.806241200152303, 0.5671866962263512, 0.97575173581204, 0.3910185293979954, 0.20536045469725883, 0.8902378510170277, 0.25016874190627925, 0.7908397528128353, 0.7877132338966416, 0.6723724338648185, 0.060249560236324884, 0.6559907133210486, 0.388346676972927, 0.8337766520142457, 0.9363798659224233, 0.5081589475538929, 0.37671169516153236, 0.08463754680724245, 0.11601043322035864, 0.1023722609190656, 0.7759060069906615, 0.16984307055364822, 0.9881363379835604, 0.7964293783026205, 0.5144099913220067
0.777601193162322, 0.5714292551321891, 0.39723848739779566, 0.41368871515159655, 0.9321648261637597, 0.4265293470612841, 0.3093140070158238, 0.09213008161767378, 0.7360746206295604, 0.7568920817887008, 0.057768157581580604, 0.5449924626229445, 0.022747079853955077, 0.5754863103569534, 0.8704488694769825, 0.00785711379783316, 0.5729087797038264, 0.9893335142319998, 0.1528526391884506, 0.39820519692803924, 0.007119562855790074, 0.8743858796263525, 0.1879223932621723, 0.45721329182419634, 0.5686783284197975, 0.2563230162694775, 0.15002632532649052, 0.17903387944374904
0.8594096887610331, 0.8012299164420692, 0.42784095597937255, 0.9219976778411848, 0.8629390906985461, 0.27669900278468107, 0.4288464346763896, 0.1800749379963209, 0.18308032014742148, 0.7425026700063763, 0.3787921946902304, 0.09613161677095972, 0.35471718202967106, 0.8514906166165731, 0.746239482026277, 0.6515327094384974, 0.8479029383026631, 0.9166009763274835, 0.3472025865713213, 0.4604271414803319, 0.6926635590162389, 0.40152669030508603, 0.23308489755472417, 0.44001695499859717, 0.23915467660724832, 0.25283164223947663, 0.7690587804978988, 0.21375536502822234
0.7952266007234463, 0.08176972952434547, 0.5852563489037323, 0.9505766558000172, 0.25061270323648643, 0.037779843287976234, 0.5469764533641932, 0.9048769842304343, 0.6529485525940948, 0.8957699067906764, 0.640855728717919, 0.5706936632264197, 0.59140406171315, 0.8161148152888809, 0.7535637879818271, 0.7378945114714877, 0.1217009669756306, 0.9736145724123207, 0.27107726244502506, 0.8845551244742395, 0.5864065875205169, 0.38467366525631086, 0.08353169707398023, 0.48156242402804994, 0.8666969685585687, 0.6787761571896075, 0.3994065820993151, 0.19492094728929432
0.2381932654732557, 0.6995596641803703, 0.5728817353394126, 0.48937617721944204, 0.07278097378065651, 0.5230828944210397, 0.8942446842416003, 0.7886734033738876, 0.016930518337953893, 0.12074318175095344, 0.26880463266043453, 0.9617655346760169, 0.3448404988074346, 0.4222879750747549, 0.15978450756293938, 0.3929134484663511, 0.1114260663874872, 0.5226513640995429, 0.6889033010864197, 0.034892233127723715, 0.7440793533461978, 0.9164648685123538, 0.22239808931267024, 0.06553640305412156, 0.11146009735179419, 0.30514543295178187, 0.019911303972481864, 0.4899996572939054
0.05492296663473861, 0.8425480651561723, 0.3978488821524916, 0.48980057086102036, 0.15998637873992605, 0.43975904116717623, 0.23219423221112456, 0.08983983757109593, 0.877049453602975, 0.6948643852109899, 0.4529993027377779, 0.02172461848895313, 0.5185852254426034, 0.3670640605952854, 0.1365977008996343, 0.09062955703393172, 0.5351460606837245, 0.8027841428059445, 0.09151431304854152, 0.9626292569199121, 0.554518029919741, 0.23560697715117374, 0.4989267874364256, 0.8369502981685915, 0.6345769663359729, 0.8396474287241295, 0.8153753418434817, 0.6694154776873636
0.6637205648287713, 0.8573351768544125, 0.11872891934898344, 0.6491649537036432, 0.9536673020726774, 0.20053299258785973, 0.6673468018448554, 0.8054890563321419, 0.23870267705808657, 0.3470861106033776, 0.4197154781305703, 0.09400635127713042, 0.25254897210363314, 0.38004296675772, 0.451804920642188, 0.5739257395288189, 0.8468484384171324, 0.8099220368357001, 0.7163757882185835, 0.3693421890457297, 0.8166394540017579, 0.14328834175969352, 0.9746886597922721, 0.11851269447669655, 0.42658070678152527, 0.6865660223367933, 0.7700383255970226, 0.6750682795504795
0.6123355264702779, 0.778996197701663, 0.5925934976263056, 0.19716268331074305, 0.9653606334598307, 0.7180372208517332, 0.5075489277528176, 0.3473252932607245, 0.8542919000872903, 0.6481565979297602, 0.3535270090125433, 0.02750502529905796, 0.19917721627460727, 0.9763883299134781, 0.012051314441870797, 0.2704034774115195, 0.43650437034788747, 0.9330978037255288, 0.5723951361271359, 0.1956167343474321, 0.8244547522878849, 0.04660777048776199, 0.8052616222604396, 0.8894073315044956, 0.7423736648176024, 0.7963401786676576, 0.9763614240858686, 0.1351984828105406
0.913524603760971, 0.20419745954770196, 0.5228768892140836, 0.9489897116795661, 0.751197288951598, 0.5098680645613641, 0.5520416923733777, 0.9958619452442586, 0.07535050360527651, 0.8350467440408259, 0.15811197019396783, 0.6151544948023618, 0.5194989651128631, 0.8940269626072636, 0.0037856603012332846, 0.8771543127334268, 0.6552597668764791, 0.5583854384596266, 0.4361113977941824, 0.5787899371337194, 0.49823562340247407, 0.6844054147938126, 0.4669524913194645, 0.5419356069116485, 0.5857991044516233, 0.18906926610658925, 0.5174522308152407, 0.19264284024493017
0.5003948144590541, 0.8329580122112096, 0.08608001111350072, 0.9898627540240458, 0.975673969421841, 0.6964859776549149, 0.9099265405805148, 0.8129983426208587, 0.9011043505681805, 0.5446115004422013, 0.3746001012021021, 0.973998217620548, 0.0015986892921531215, 0.701544478311773, 0.2624178176827968, 0.8120472352456811, 0.7956291245121867, 0.17289325019064372, 0.04643887252449541, 0.5580863697471222, 0.24167423439780733, 0.04738694676299793, 0.28176740061366523, 0.43972924532329527, 0.7167232528135477, 0.9599037928371419, 0.059735914908263466, 0.8946125805595385
0.15474202283160243, 0.11885079666739151, 0.3319754161133408, 0.41044376412063277, 0.8483649978708818, 0.6007452600773855, 0.9356624970308398, 0.48549824764566885, 0.8765356859135732, 0.2157116473065429, 0.5130035026581871, 0.13708913547064738, 0.2910666881173526, 0.10696040793799289, 0.7403370182470349, 0.5780774002865678, 0.920538342892704, 0.7801921161925774, 0.25507130646023257, 0.017786765072663746, 0.7559742551736601, 0.5060723168176368, 0.12307480353287814, 0.0186243838971617, 0.37972749879418743, 0.5111504340428119, 0.41050765887822804, 0.9072495617530292
0.9081461721215307, 0.03386136238290138, 0.5227997039347225, 0.5855127914482366, 0.22192423427712105, 0.760819304800322, 0.95443364649102, 0.9569333795913846, 0.7166258103614339, 0.5450069433800947, 0.5675305124005164, 0.4390108620170765, 0.4624443762827889, 0.30617097697461326, 0.19014420172675883, 0.04131137180314648, 0.3772359664724567, 0.5970559743593252, 0.05505439905903997, 0.26067947008765335, 0.7302380845975027, 0.35426082487630195, 0.2722633496821203, 0.48162556413668245, 0.21268077693147802, 0.919795240526268, 0.12140239342984005, 0.9454022481214661
0.6204647496161239, 0.7555111950523893, 0.632514702021009, 0.031312705079032055, 0.060940839413843095, 0.4711444099122113, 0.5476776755083077, 0.3972399680152453, 0.043668431959670184, 0.2004856618536064, 0.6379054059755086, 0.12339541348045935, 0.5502464201509256, 0.13930398119413867, 0.5908200643632066, 0.39476580165833186, 0.19325396661160188, 0.7538050449729394, 0.3672751918843472, 0.20792823838119456, 0.9531079771532505, 0.6584724650099351, 0.41270997476694116, 0.11782120632012583, 0.5918260026720732, 0.9937731655661488, 0.4235983097773135, 0.24129781718641086
0.3872943160792899, 0.044290872087872746, 0.7065773268563447, 0.3365164027040366, 0.7042213451189798, 0.8222538939657809, 0.5760313353825309, 0.11475991121745654, 0.0035575198685242615, 0.3785614922452849, 0.8695355762106701, 0.977031251471697, 0.6560539910252973, 0.7275370987549099, 0.35849304612831223, 0.5443433412050769, 0.02476329993506421, 0.3768199848135475, 0.989628353157203, 0.007071422583831755, 0.6278271104919504, 0.7954815983034059, 0.2594906276240062, 0.5985834047699975, 0.5136274937697889, 0.16053550421737395, 0.9508719110758291, 0.9755178968536607
0.5873668836428825, 0.08256029758632799, 0.6048064884762943, 0.9367008838657538, 0.14499940871929162, 0.41972141855849754, 0.692484622778638, 0.6208763313861986, 0.9825558585589927, 0.4151898397327971, 0.03506001922397384, 0.6401448302551201, 0.6303292887944278, 0.822338271249984, 0.36721185438530834, 0.46815619034732536, 0.2367395958807117, 0.6722770323389828, 0.07554276366906998, 0.35644273874113874, 0.5719739137859277, 0.41414995162175405, 0.11063583205625793, 0.3753514857145911, 0.1844256486497421, 0.7760637891640371, 0.5897004444350219, 0.8280860121888847
0.7476705861260832, 0.08642151320109148, 0.062481988334880834, 0.20601415374743826, 0.6842853911552526, 0.049268328689342944, 0.5590541729394438, 0.33787066295465595, 0.44177696655281573, 0.1375545315488772, 0.4409771094947219, 0.4851369019056886, 0.7190553215677709, 0.23966262739881528, 0.2730956964473701, 0.8934666766849143, 0.68838053915241, 0.444799879974889, 0.8662378978998164, 0.3464748963915496, 0.9684174633697181, 0.2732255381093531, 0.16764123318266322, 0.8871477929149731, 0.25912620994927615, 0.6022066037015367, 0.8005559805721006, 0.7309417091519176
0.04558078212010708, 0.7530552285227444, 0.6761253679114764, 0.45794031940151736, 0.4924896193706204, 0.056027945366307286, 0.22493937075014225, 0.12911444819942663, 0.7416729356045357, 0.7616428584404196, 0.8585283168616289, 0.1553007555137187, 0.6772711118517307, 0.8760621822860585, 0.8751731688954376, 0.8864414070139468, 0.21561336668086883, 0.7851356901637094, 0.030589644889027934, 0.3565692675755672, 0.011999815869876529, 0.410312200990511, 0.14989353126424632, 0.8342922061454652, 0.6675531112112184, 0.7202029643919386, 0.7660702145401656, 0.7676789209982541
0.7676518951347673, 0.8600972768452456, 0.018716215698080796, 0.06823319676040629, 0.9359276162203138, 0.6867010949695421, 0.6715847301758999, 0.34852451985450617, 0.9822183109261317, 0.501425070462455, 0.9189520775718111, 0.9007713096422609, 0.13208813695122712, 0.5685980308958871, 0.7106993460615106, 0.36023742579394724, 0.46828563588733874, 0.7623162220213129, 0.4489709564694573, 0.29331834661540734, 0.25408390068043407, 0.8583109111201941, 0.2906471429935237, 0.9293717679179754, 0.10744119082739478, 0.9860168654087826, 0.46933018761463385, 0.6073870555373989
0.1251055882492641, 0.8907741310864443, 0.20901756060853982, 0.14882834460622074, 0.7679266606806384, 0.5521481665966441, 0.33406798924621184, 0.6540264529734614, 0.12730959245032736, 0.7322756378402006, 0.7407063835092598, 0.03807417204547903, 0.10072094280469812, 0.9226057494650122, 0.8780338267580037, 0.19498922457720236, 0.9653594428359517, 0.2174218034398917, 0.1644654225658312, 0.6924839332861161, 0.08103284757777018, 0.5558067092398522, 0.26166294877514573, 0.5094179536219335, 0.400254271093901, 0.15032171080032164, 0.6320104640301306, 0.08872732272861494
0.49865244352569593, 0.7057632791479745, 0.34707697837842166, 0.6210005780306114, 0.33469189831350754, 0.43631545909392944, 0.5925412758557445, 0.21781452031339965, 0.32177309250596586, 0.39664272722411054, 0.9243906139494119, 0.1326134592826872, 0.8230257810014153, 0.44664537672441074, 0.9007810348456218, 0.107666174603532, 0.40361969261396735, 0.05018009267729284, 0.9690157459802348, 0.7558206109851184, 0.6462052127748563, 0.17425655958917052, 0.21077013846431336, 0.5291150702671683, 0.8887369081275359, 0.9675823127490347, 0.3378594571765753, 0.9881670295580857
0.2788415094836213, 0.34804592113820976, 0.805257655094404, 0.5316045286913498, 0.8932936379370021, 0.7613031103986809, 0.9602441482727734, 0.47626155138019066, 0.7309531487652858, 0.5601860821216149, 0.15395356309287922, 0.26631359540197275, 0.3550493490132848, 0.20188830154485615, 0.49180119969589386, 0.7790486844894, 0.8106707738718854, 0.5883678266894041, 0.7221190900892646, 0.8097497050846565, 0.8358861887496027, 0.999468005843718, 0.8543692360853238, 0.8915596664105665, 0.3697802100861203, 0.007787777000534901, 0.0950512221592259, 0.8521540525541969
0.06954583639511513, 0.3025549746662556, 0.8439881351087504, 0.5832019174898374, 0.5124555372675327, 0.3228910214356526, 0.796928759992429, 0.47925926172456856, 0.2119961866770671, 0.02656679615102231, 0.23685947005096708, 0.949858321981515, 0.5521929784117814, 0.3662971163910942, 0.23440361626599482, 0.11288790578648977, 0.6263814254825589, 0.022665627133998445, 0.6384763140912285, 0.2790931489505345, 0.048038468483746155, 0.028057676521292096, 0.3601186183237898, 0.8236040324923517, 0.15448951991077053, 0.22960406791959143, 0.7762533229454439, 0.17826857717866462
0.6557041285304179, 0.15598306931441452, 0.5269241422395791, 0.6003503930380926, 0.48335352545169963, 0.43818896051539513, 0.48936371371452847, 0.22838909000054852, 0.5150973538921442, 0.8229430122163018, 0.6175684686282862, 0.8559801119678201, 0.9768243525743778, 0.5737299952636812, 0.06883789582566446, 0.05648948208207294, 0.4067153199158626, 0.1060004294454937, 0.061049914176253606, 0.5673711396589859, 0.07444131533867193, 0.7225747245734628, 0.5346734756569559, 0.815120602430196, 0.25065313745047824, 0.5999138042231551, 0.02465091852372625, 0.5034528204790116
0.5481676479629758, 0.8438072391830873, 0.17444225571776695, 0.7501474435990049, 0.9789533387050137, 0.5001196708032241, 0.3412825552999693, 0.1452909692390152, 0.9483632604489585, 0.9501400303597133, 0.4463283431261742, 0.2909167888679085, 0.6489772916461449, 0.8862508762222296, 0.2612694642854255, 0.6379523251261809, 0.7392197189203992, 0.8765719196348216, 0.789086361613275, 0.7606522518775085, 0.5736317677615455, 0.9157599893432697, 0.5046364919216855, 0.2100497323718128, 0.7986035046307062, 0.3510411231847086, 0.2864876635432497, 0.5900959401878295
0.8231469573667725, 0.38164047943793056, 0.26015456562840045, 0.1105500022817667, 0.1876310129162977, 0.5416161202957397, 0.3340921964234528, 0.8950757461637531, 0.23190459007225905, 0.4525533420078427, 0.9563113011119165, 0.17030010795147799, 0.5905984604364675, 0.9523272521323912, 0.3225258582282775, 0.755030994902542, 0.8609149210647172, 0.07790763651026078, 0.017680864225216086, 0.41087849702221013, 0.7220328359727046, 0.7856235792421447, 0.7957589693119895, 0.8935258298932774, 0.6533285822692703, 0.881661080501875, 0.5604913850506401, 0.42558489211129635
0.24564825325040252, 0.16548641705633682, 0.4136400448268215, 0.016074410243884785, 0.10809506474483477, 0.6781493230106876, 0.47889759642724183, 0.4085803029425463, 0.8003124914736182, 0.01693813084000584, 0.9146633929255473, 0.1450595314682782, 0.8354202514444321, 0.6562743903403736, 0.8533159080218639, 0.7159856652746901, 0.8837010364539685, 0.47938622035598, 0.3317244548284032, 0.023006655780898222, 0.19731785010674252, 0.6844039767712483, 0.6425237972085975, 0.25446319942223705, 0.06018177505997224, 0.7486560587880354, 0.9513179504112965, 0.17779807228674305
0.6559747155739517, 0.3166619758708802, 0.3453589329977471, 0.451840491661227, 0.6497774020502635, 0.7383536286627427, 0.6451071083822334, 0.3839414942810344, 0.6985034841739894, 0.2507236419569294, 0.7843309923933807, 0.4680241714562937, 0.9182489904631095, 0.08885669857648548, 0.8233663365411281, 0.6469537936139178, 0.7949472956119684, 0.9373290996971223, 0.9233735102738917, 0.18815424144568138, 0.7979242850467088, 0.15520629716810797, 0.15017155240808522, 0.5954536849201183, 0.16506796356980646, 0.8937273841155222, 0.14796686912289903, 0.3327100997416568
0.15668487303101786, 0.017040772772296098, 0.6177607184637951, 0.2883158834717209, 0.44392080264211753, 0.9985238916847503, 0.6646511174922343, 0.4542847174270872, 0.4005781621068837, 0.5325557861713205, 0.6542492919961049, 0.6605680505303566, 0.680272422601781, 0.42222943034922367, 0.17788017726833172, 0.4944095879351811, 0.5651482695477387, 0.8253689259407488, 0.7797942334200099, 0.2901285815164675, 0.8335768864914415, 0.9476994618158624, 0.2772304563778145, 0.657484582092194, 0.5753703419406724, 0.8057439949912216, 0.9134808092322267, 0.5319884171433357
0.030299309299712807, 0.4262430557694846, 0.35786417096103307, 0.6931486124461961, 0.5645057871265254, 0.5755356270517423, 0.05825320850193105, 0.6608404476174121, 0.35042494559184656, 0.9555451017052494, 0.20473413677104968, 0.13944530223288398, 0.7899407390167741, 0.6879877646389218, 0.8956564199143827, 0.5767911447359427, 0.265351969639951, 0.19108960319222557, 0.743477532480202, 0.09823040486613666, 0.18897977774640728, 0.562069937545537, 0.16762929224429757, 0.4185196206692491, 0.0344585067345371, 0.9233927937470817, 0.637502271119554, 0.3477919079604258
0.2003876161857011, 0.715136289765299, 0.8290581559302778, 0.4563159306586113, 0.16176272150882376, 0.8029635045753191, 0.4398538107519474, 0.11448121478717221, 0.8479126466045823, 0.0711892485200385, 0.25976065341387333, 0.49381305444898604, 0.430774792595198, 0.1602351429540696, 0.17564824801682344, 0.7846668866526643, 0.24108561913034887, 0.806170923792359, 0.09273596371265036, 0.3140175282682157, 0.7878023428733156, 0.5209739594583687, 0.8643348645585578, 0.9294839205436954, 0.06824936647136703, 0.1580529289310897, 0.6461271093547845, 0.6800394436540438
0.5057014471016497, 0.5252940098104929, 0.27405940988179855, 0.8729962925166947, 0.7642294077071398, 0.0033845272117138947, 0.8112264231261723, 0.9525807032825881, 0.4097582872072357, 0.7508594561479871, 0.3142794942481213, 0.046514058624655186, 0.322970979678848, 0.01577668063922677, 0.48133208284174356, 0.7608102010574832, 0.863987801916545, 0.884021075659418, 0.3796185614690025, 0.41054939971837856, 0.45229958898994704, 0.7810295870096317, 0.16298384211148054, 0.2614914737394852, 0.5379964193301385, 0.2502365759976045, 0.6964547673605385, 0.10263930409705913
0.26001832124190616, 0.8707907096084603, 0.5400103160394255, 0.5339819442738052, 0.4538553685086203, 0.12114459996423055, 0.20930265835399942, 0.1704017173129042, 0.3380791330518219, 0.11634224670253646, 0.8460467670546874, 0.5921191460254368, 0.9616590643485636, 0.4865559426286964, 0.2769718668470048, 0.010241342323587865, 0.348023897557198, 0.40753470728037355, 0.9896964367940463, 0.027970463080667862, 0.15164171651066616, 0.6536809094482875, 0.08882478378237524, 0.022230981382590942, 0.9881642877365688, 0.12237156643844271, 0.09659558050980865, 0.9957165987081601
0.8340546799016747, 0.10101171903144945, 0.541978250250078, 0.47886125420298253, 0.29434432362957974, 0.8803173428455237, 0.7381425404454798, 0.8216360236356219, 0.8376772234543529, 0.6035110173092412, 0.7915893285326133, 0.7450089200531288, 0.7311627854216376, 0.9163513151880195, 0.5610399116651733, 0.49943447344999503, 0.9746376949144291, 0.7413550381982502, 0.7384824745806481, 0.372112462335185, 0.09483969201715403, 0.993785534357487, 0.875259933564508, 0.8034359185006767, 0.3696171637084694, 0.8011133517679924, 0.5683282026354527, 0.6169889272318128
0.40723465608197673, 0.525133554711238, 0.7545732390155797, 0.18437895248089264, 0.028849417409526512, 0.15807368612177575, 0.7434494218168115, 0.703792393361458, 0.5437651459399235, 0.45224780530851394, 0.7840619060304739, 0.539447867596926, 0.6005895901443246, 0.3041185273598259, 0.762047664775046, 0.8680325197591016, 0.19966563535603554, 0.5045058472165397, 0.7258052299435453, 0.4552596854936729, 0.4450344522626011, 0.03136412499601371, 0.37036674638123823, 0.7232122592471842, 0.9221328395433198, 0.01752243444434043, 0.4846671097576257, 0.7259802998076711
0.9741439981350388, 0.5793083543295039, 0.9862020641803998, 0.46375803888664513, 0.8400547997520817, 0.5013815773839135, 0.29254791942405867, 0.11298078728755201, 0.9617574966990613, 0.1587072489707939, 0.7287689229630747, 0.3216525005580233, 0.6089086750131965, 0.632779974927534, 0.20672375964993073, 0.7613062676621657, 0.03698868749781814, 0.2417519969848123, 0.7673902483688724, 0.8835995941009035, 0.04702965321969654, 0.5180444178628316, 0.15934306101040796, 0.9658669284138691, 0.04998892595766391, 0.09174051472104294, 0.2284148336901164, 0.6909364355227969
0.8797556082405968, 0.18886103678168054, 0.973567530299943, 0.263347809333363, 0.44153859185044675, 0.04340831159063274, 0.7352990939750527, 0.3295540965459953, 0.19944382298185193, 0.43045014558204797, 0.036535731494329315, 0.0043469733078528305, 0.3156615944440111, 0.5459077679103118, 0.14063954105132592, 0.9026496696877931, 0.20389101627130424, 0.5048800903250781, 0.2673455965856384, 0.26445345971862855, 0.961388991734286, 0.19062365403177062, 0.4136628295244986, 0.35105702107700454, 0.7299255439816487, 0.20609689234458828, 0.36459804131079887, 0.13511666830565483
0.1391247993982201, 0.04907952630317469, 0.5476649413546331, 0.8345920864863621, 0.8462181345759838, 0.5912597365597839, 0.7826008452520865, 0.36122446638489014, 0.44506931970351926, 0.7702926271191826, 0.08596845973461786, 0.5470501766025108, 0.5461637759063369, 0.6059709462152388, 0.7990641894920633, 0.483982692851758, 0.651040434822072, 0.41551575373554794, 0.7292049607785313, 0.03175794913005914, 0.1286486868470167, 0.21346697038767015, 0.1189252388598675, 0.5262284003892319, 0.881494071126069, 0.6764952281183203, 0.7034040737675606, 0.4804190086240824
0.8785824467044829, 0.02079909734213392, 0.06550187526641893, 0.37643253416951317, 0.7142295004090479, 0.23259280024258355, 0.05471854726236847, 0.37001488780726266, 0.6002912972695207, 0.13956399336926284, 0.9330987497785502, 0.9122438439888362, 0.41117914092035424, 0.32127295022974, 0.9018140346887353, 0.7023685910464721, 0.47745645933500036, 0.5305301415991743, 0.008250498558579733, 0.6894246808756815, 0.03653203828047302, 0.42109188684667387, 0.0003271811502966182, 0.6457063177763985, 0.14114699810631604, 0.09167104199156306, 0.7608388420254911, 0.49551191790829807
0.9218217485665179, 0.25757381987246175, 0.015115981415142254, 0.9648129675700884, 0.9516257031293509, 0.04833644267945614, 0.23508004856617648, 0.20726242885749746, 0.5343470361127357, 0.9484553293499702, 0.790804665328355, 0.5637203708437108, 0.17241082250988538, 0.7749407644990853, 0.39211119177019693, 0.7188004319778101, 0.0831097594385739, 0.8471189788784464, 0.8792839370493327, 0.029340404339169845, 0.260100206653883, 0.08920131199647041, 0.8988350576991033, 0.005191797715622615, 0.5611911684418592, 0.3090778967425081, 0.08931117962051971, 0.10819271577290623
0.8938058609905206, 0.34064773840630125, 0.6046085819612106, 0.10780604647902747, 0.21243312982598728, 0.11112813773969699, 0.9900611326988139, 0.5919347492834643, 0.018509536964516737, 0.6912898772170035, 0.9939674329474862, 0.08481485267392752, 0.046665092983721346, 0.6730824634370214, 0.2213611023027655, 0.5912198411041529, 0.8550924379585166, 0.28481157382018896, 0.9076637898632346, 0.08343104069152285, 0.8115033335983461, 0.604560152565698, 0.1391980766371308, 0.017316454550896254, 0.11523621544048335, 0.36549110820746156, 0.7601922459491413, 0.9000426877644437
0.5461582115068765, 0.7607670119459261, 0.515629330266132, 0.4575337612858762, 0.30228118379569924, 0.28780340275553506, 0.9105825702662037, 0.514960550940925, 0.5152714222626622, 0.7364346596066472, 0.10441568299300519, 0.382172987761356, 0.14858544528152784, 0.677308539358647, 0.5922764878424487, 0.15713931077892107, 0.2890667270403954, 0.22984761730034808, 0.35050166933612237, 0.8836851609276161, 0.7701768184566381, 0.5103237795819889, 0.6030139127600351, 0.06711335409276009, 0.9004798558048798, 0.3986205204459665, 0.5393184148648745, 0.20335576118214316
0.8185170595198112, 0.6694590673270062, 0.8219945879545861, 0.8455376045542021, 0.5204298282372073, 0.5577581745297003, 0.14162839996407162, 0.02614335730041062, 0.7192850431748351, 0.973570468551855, 0.4287091646155372, 0.6190208753623877, 0.20988925166620542, 0.8970700860439234, 0.8832959310891283, 0.0902202234824514, 0.11384050224510289, 0.7308387675282293, 0.29402048083471144, 0.8654071288803533, 0.764039253156209, 0.010322698800500296, 0.376155609375569, 0.24085059887922855, 0.834918220730233, 0.7783190380264432, 0.8706395521230116, 0.5925570059802637
0.9591924493067446, 0.9835679879213115, 0.91289234126899, 0.6736150363912387, 0.961835755081637, 0.003054399948021924, 0.9358798001303001, 0.09348539988185212, 0.6386706628537081, 0.348219704526584, 0.8847310269893248, 0.00023604604785687489, 0.16516694617275718, 0.03273932172408589, 0.2793319532923172, 0.7599373500241844, 0.6070607564975352, 0.523896709222874, 0.44399281687731507, 0.1334683617904907, 0.4959457578824732, 0.8156361664847692, 0.07655452565858356, 0.35375967016761733, 0.684324096927511, 0.707613956828507, 0.4857907686093791, 0.6956484183787259
0.9911305938613972, 0.44648789122238974, 0.81118667029379, 0.7079361200699443, 0.26703472600157807, 0.6334296377425904, 0.8719299932639281, 0.2687765689810584, 0.8878271641990471, 0.9330621146597087, 0.1893818432310298, 0.0743197782963535, 0.40816570590679035, 0.6535106966098595, 0.8283675342233159, 0.8106690947945425, 0.5282455004606225, 0.3807044235142376, 0.2253433482566931, 0.3315163430055311, 0.32268254584902745, 0.4329019375099956, 0.14287514112661115, 0.5056071813734645, 0.8613179211288403, 0.15804347035410582, 0.959126897018135, 0.2594886549270522
0.5216614864020835, 0.9581498627098396, 0.6152847933740676, 0.7179357214746029, 0.11235663827067977, 0.6059560708992494, 0.6263595777633152, 0.07913405580736554, 0.9271849564402841, 0.4730874509080605, 0.7192287676355041, 0.25944987742050873, 0.8341816883111216, 0.15844213121261963, 0.5215923956744476, 0.37657985781620384, 0.10896709739420585, 0.3483762836579314, 0.12171805528451585, 0.3471943728224851, 0.4644699209386459, 0.07662002743788843, 0.26106713730531816, 0.5839754123470032, 0.20274572710377003, 0.2191594773458283, 0.748727825160272, 0.27890402405576287
0.5928945997004299, 0.5581795097451351, 0.3064396342057646, 0.7608859989034192, 0.5431450382298914, 0.053131440093826976, 0.5804003491988243, 0.19370544746022378, 0.7374260557026577, 0.8090319730624339, 0.7760321958952482, 0.829731339273487, 0.5573294029470405, 0.5255177915350229, 0.7720144580678235, 0.8980464097992162, 0.9478279945120355, 0.5005859731825956, 0.43694296477067107, 0.3192650659878279, 0.540948028113325, 0.4219363300259309, 0.5535868390342165, 0.9244901936294704, 0.37902717130996644, 0.4205818956717907, 0.24458195567943353, 0.22636887775658465
5,18.0,33
0,1.0,4
6.0822222442,11.7531195933,17.1424030802
