$x0,$x1,$x2,$x3,$x4,$x5,$x6,$x7,$x8,$x9,$x10,$x11,$x12,$x13,$x14,$x15,$x16,$x17,$x18,$x19,$x20,$x21,$x22,$x23,$x24,$x25,$x26,$x27,>>fea,>>conVio,>>Cost
0.154950275182147, 0.6354495094517971, 0.8880835303889253, 0.35221472629488715, 0.664048087302862, 0.7760055469740508, 0.8851716666745769, 0.8677515416894683, 0.20995995591906746, 0.3454069310487864, 0.3231182953690276, 0.4066792037458127, 0.7170835206900639, 0.9413893886453161, 0.9365300220506296, 0.49430941577910326, 0.3225054642945304, 0.20684577551423544, 0.8543805901733499, 0.12792000110987212, 0.21186188125188665, 0.42634536731764117, 0.01874725006590383, 0.25384607844143503, 0.7995652600623223, 0.7258636764645451, 0.11264760663803663, 0.5703563098696651
0.10031266667373773, 0.16645500719648, 0.658724932199066, 0.7670611613253264, 0.5892073207025244, 0.6796695878626938, 0.15966269069567096, 0.1313106411351086, 0.8736227249015244, 0.8960820433510196, 0.20483197802587993, 0.6554006796010281, 0.5619745430776371, 0.10368960767892421, 0.560906966165531, 0.7209180714003129, 0.8380212422262199, 0.2770863755736771, 0.036498904684615585, 0.05070415030352138, 0.48172103777065445, 0.7763253823221407, 0.1812884160587398, 0.6037577458701775, 0.24158899553839985, 0.27486658548139986, 0.4340479379380511, 0.857278135178157
0.9130678729379444, 0.7630195875058237, 0.05142075674739821, 0.25547084172178514, 0.8682062739055995, 0.2686563532888293, 0.48709224782558, 0.2051755744399294, 0.13434643783695743, 0.579861289708349, 0.882669985298718, 0.5663585041825036, 0.6697557014918181, 0.6538415729727449, 0.5194020011838741, 0.9425976302640098, 0.8181558930056192, 0.5203626503376281, 0.0659188115742445, 0.48028633157737044, 0.20456305501963123, 0.6751822075908219, 0.19574435684853397, 0.12819368698395295, 0.6959592952917539, 0.9991552927057968, 0.6773120684450181, 0.5656326423378931
0.372500441808001, 0.3752873640048875, 0.35296826271203074, 0.7268795844207231, 0.6875217486787814, 0.22798412979294824, 0.5020176911311295, 0.8297484760341861, 0.16646815792163228, 0.737511555802682, 0.36965721891882664, 0.8987525864513717, 0.5322559481060295, 0.6806380755966764, 0.3142682521510979, 0.1257021372665933, 0.7810274284510484, 0.6081145863123998, 0.26333329724685606, 0.08045221840759009, 0.47538361555312436, 0.7102231361823693, 0.6278466198184295, 0.5748303192546028, 0.8831663460912144, 0.09180352627982047, 0.4571915194180628, 0.2646217862015551
0.36566481285914054, 0.21386025925534524, 0.4697991374456656, 0.33825940855739167, 0.61398598810752, 0.14872671946312888, 0.06966619686137043, 0.1080878666877223, 0.7732015628267566, 0.9018300283718206, 0.24849912968679755, 0.9787563627091926, 0.16186982337387934, 0.24232553372687748, 0.5691559774692787, 0.6389444591420551, 0.14781431532140132, 0.0037225461791612346, 0.3801135974312927, 0.7942539778445171, 0.6478813647588291, 0.5467029222522409, 0.4904734412915681, 0.8487994356227045, 0.09093896142341074, 0.7099674286620895, 0.03986975952044636, 0.022004247922369435
0.863301203598539, 0.9764939179222442, 0.28760326159804417, 0.7807503416236026, 0.6878440683877373, 0.10461955074829732, 0.7537762963078842, 0.4996633688417045, 0.43899313545251395, 0.7929744776586288, 0.2920892207918472, 0.312056108358708, 0.6124177052350714, 0.8181433246709655, 0.2651245776420733, 0.5619719610800147, 0.6584466959452673, 0.2499181401841205, 0.7209980958996851, 0.11419807308868835, 0.48213667222447276, 0.5243566028385588, 0.14133326101226673, 0.5065417813743583, 0.7775553809677032, 0.2063629401787036, 0.3813027265890475, 0.4133777189867729
0.05221947162670493, 0.7118421934768344, 0.42315519127212087, 0.772968879630381, 0.05099142825016889, 0.000664508053077828, 0.5243186753729222, 0.7782047124880158, 0.15347551741307663, 0.6643466204653371, 0.8725342824091215, 0.08303728557616463, 0.8037324753967453, 0.680647773116795, 0.41124843137107403, 0.764762924735934, 0.1351493134444296, 0.65647673111228, 0.7504905092839185, 0.7016187367604131, 0.4178221636979039, 0.6841104870068643, 0.5629662359883072, 0.9063091851344484, 0.6726194865524137, 0.9261280507700137, 0.5346077809049261, 0.0002670939390293503
0.8370471916859312, 0.008090210828360145, 0.4034296906561814, 0.9104498148067733, 0.6459405526379124, 0.07125577872570132, 0.9602600173988375, 0.7899495249155344, 0.595542575493397, 0.7167429608357332, 0.2919455746133348, 0.4693755558362358, 0.3651741037849787, 0.310710829823018, 0.47086983864297527, 0.6447272632114286, 0.8180852531366924, 0.5632209031174188, 0.2080703809000216, 0.8608610604449339, 0.7447760363372431, 0.9643353459788404, 0.16921906249937757, 0.17791619667587, 0.7900286469444036, 0.9240965702418286, 0.5836818065819092, 0.9673267476204596
0.403826925618173, 0.9770169180333583, 0.9516437064818198, 0.5292902211705608, 0.597442854393773, 0.9954023451883014, 0.7432463021697397, 0.7780300051202053, 0.02221089139934429, 0.04424721440329271, 0.5466314596970502, 0.3406553862325502, 0.0033472798811696736, 0.1301099498253323, 0.4254111897002164, 0.14402205281022562, 0.580629240626472, 0.5897548797299972, 0.9069117504945788, 0.3765441047954551, 0.993947394736045, 0.594630683639042, 0.24196187029375538, 0.7477675962763872, 0.8850411970841007, 0.788531297512244, 0.3261353042484525, 0.4322734695961217
0.5482236860163332, 0.09582444790726397, 0.31565930613423954, 0.26907256745703856, 0.26941974935489565, 0.6257522935534171, 0.4788932221744384, 0.3822940928662353, 0.6286996696291716, 0.8094480412278744, 0.09700679479765695, 0.24846740708238957, 0.49647641986336877, 0.6163287272828216, 0.7738240091541242, 0.29104060603232973, 0.6034760412351821, 0.16209022854521515, 0.94500463225117, 0.4450542987745365, 0.8676742937963516, 0.4131730947689968, 0.011116358888757838, 0.8459493158621575, 0.0011116058407976137, 0.44638244566367313, 0.9910014585897099, 0.4656026747092984
0.4627903238188119, 0.07656557766600058, 0.2817508077822608, 0.9039207307764178, 0.44543246790952296, 0.22597633220380386, 0.28054319328982535, 0.7186957814133249, 0.6947156664978132, 0.47185941537008014, 0.2875000732615898, 0.8951712891982071, 0.6230490442980818, 0.5264523172726802, 0.06173230182724099, 0.17066497361059396, 0.6357179616516364, 0.524137019944959, 0.005593545881788398, 0.03284032968880024, 0.23152290509960316, 0.16725892865418635, 0.0013022683897642162, 0.5706081497304341, 0.9353939621430878, 0.051660197214752124, 0.48513544829031985, 0.367669923501168
0.9366683516886883, 0.5569616726533612, 0.7539465901181099, 0.36087116901384875, 0.7266829962501052, 0.32190222609762864, 0.7766125858285481, 0.50840062615228, 0.3468956830806337, 0.11139067049147522, 0.6918810580020704, 0.8271856109415829, 0.1088270240726702, 0.967511340494352, 0.9327560228992456, 0.5649311012775389, 0.5344496221813559, 0.12871281293057446, 0.9116101831646514, 0.5725193916276395, 0.24719490543044365, 0.22133916847147572, 0.48852123952717164, 0.23749386203348433, 0.5234141936567684, 0.5546504953183026, 0.7917614695875942, 0.5031950983309184
0.9327587859553267, 0.5276418524901187, 0.7010801855090268, 0.9299043912704177, 0.018798525439193914, 0.1052858122411886, 0.1712175513480232, 0.3792913651432448, 0.07081443346097016, 0.9105419022863527, 0.9311561774741223, 0.6324759254987329, 0.8644981078915479, 0.8225226517981881, 0.8401988847238565, 0.5872736218692488, 0.6357359250913616, 0.09122188908703188, 0.23498297871015694, 0.9994666210401475, 0.925160044230835, 0.37070506427467054, 0.4587893558456966, 0.19993584446191381, 0.6992490299136959, 0.5572537141280025, 0.5424596235851815, 0.5226721538572972
0.20580271746541112, 0.7446220523740815, 0.8047744222034621, 0.6857486993784871, 0.8771941660496956, 0.5559661393138442, 0.46454747055106393, 0.08580298784946416, 0.6015346735867673, 0.6673249452319038, 0.39200725817731363, 0.4812339959724683, 0.3676520631880821, 0.06385767688537358, 0.96323436888313, 0.9815449598059018, 0.9642737404439817, 0.7251722464161146, 0.8583241959745869, 0.7766503504898681, 0.3134460680183012, 0.6139726415386593, 0.41391205152192234, 0.8935429849234543, 0.5740391404368108, 0.8920274808765977, 0.1567391735278466, 0.6627929635227456
0.07458524687065682, 0.46352268463490065, 0.4977961615494413, 0.2401388508289396, 0.2744014106142848, 0.5784757861395309, 0.456120927401768, 0.11518028250113843, 0.4317278544420867, 0.6699993821244529, 0.9634234279932253, 0.4008789807724451, 0.6608792575589841, 0.21330592742321464, 0.6622065636945994, 0.8379379703580702, 0.7029834347663526, 0.8477671553169328, 0.6906792459422497, 0.7134471658137177, 0.9916848246404176, 0.007482403446337438, 0.5477231815740946, 0.4206441822620629, 0.9789633801196437, 0.07287928282429335, 0.6176087886058643, 0.44600726697949766
0.8495552111151565, 0.691017898624244, 0.12373234872508809, 0.6477267034258051, 0.12137007300295544, 0.8045870864064907, 0.33948304409861674, 0.6394758864767258, 0.4053544230887989, 0.2887461547645649, 0.5825310839898488, 0.7387895670588619, 0.3600523715669548, 0.31873757763765775, 0.6034134654561063, 0.531973046660372, 0.9071785008012463, 0.4808162258391907, 0.6406164108162854, 0.0587270493786507, 0.23074429777353667, 0.9179724616719519, 0.2779007440774839, 0.9457588630895709, 0.3864620390650435, 0.34627593845506044, 0.08295237854811743, 0.7355788747209603
0.5275858049461655, 0.15547853015394952, 0.33506217550345585, 0.41645739076532085, 0.8191326253615526, 0.27299692131318853, 0.4454838516530354, 0.8445969591006758, 0.01002163145730861, 0.3628490734312182, 0.8418062707696891, 0.026946377128474808, 0.5067526043516314, 0.1780180794431787, 0.35775899191034455, 0.32262882032608486, 0.9115808507278849, 0.9892694498539414, 0.3722180069522215, 0.043704317497714196, 0.18467601257078092, 0.832567294665963, 0.5738200299341959, 0.9860971344071195, 0.656070109373998, 0.539042283101428, 0.28921326888352394, 0.9273792775122872
0.21911670951592033, 0.02838928580991129, 0.7703380622952649, 0.8901136725162037, 0.6880551102998648, 0.4757129643657747, 0.9953992438260458, 0.33658286512512314, 0.16453098496993157, 0.5188506572184228, 0.6103069740723475, 0.5074409178306812, 0.5641064221959563, 0.9429779496715401, 0.07467609977338241, 0.3266055421386421, 0.25526692264741957, 0.6108147661642606, 0.6404491124266142, 0.39324737378934316, 0.2173229850463344, 0.6811897185524814, 0.3738656125806823, 0.11826010373953577, 0.7980690078320574, 0.4097762530367073, 0.10506230106148873, 0.376406328390525
0.8823790588144466, 0.29135046367321393, 0.8726446324742763, 0.7762460914724428, 0.7760112171620281, 0.542637454066223, 0.5869288217747668, 0.33584327994739904, 0.19017530155041207, 0.325882319905922, 0.8603489164050468, 0.0025229065879140977, 0.4309607805888589, 0.14508429363326492, 0.0334204047818254, 0.023117749881405025, 0.2708667343390334, 0.17968702848521945, 0.85169091752657, 0.08840646083995607, 0.9211585899332728, 0.7008156639655041, 0.762284058806907, 0.1750048690651339, 0.9467884434515889, 0.3898503323871806, 0.32810924388677465, 0.998284080283571
0.3247380915044358, 0.8588831248970934, 0.6037529691487709, 0.7665530462929321, 0.34047694365267966, 0.7279552177439498, 0.5246466442795503, 0.5198736674257401, 0.32226286842585916, 0.874201003141705, 0.8789229119630564, 0.6653018957710456, 0.45472971359047376, 0.06537093703634955, 0.3789245890730992, 0.8710602063455295, 0.28388011299456406, 0.516115854027484, 0.306369202504854, 0.6293397696861381, 0.035503150868099076, 0.28938314960744016, 0.4552534131105427, 0.09521276687673563, 0.3981334877587501, 0.5931443508233123, 0.7953110031476324, 0.6571066001306249
0.27849792703647813, 0.6227435680113973, 0.6826119583895626, 0.4219350827452526, 0.020389302885238436, 0.11212668493205946, 0.5020547535054615, 0.18716086456735093, 0.1811586821125346, 0.2020552326450561, 0.36170854524046314, 0.3491475208685736, 0.2020618068744059, 0.21783237732967675, 0.4738719342010088, 0.7033411162158408, 0.6736719354541475, 0.4894345921718103, 0.6696620907985741, 0.15652525622005142, 0.22835799064621065, 0.03306842748678229, 0.0535258702102106, 0.5861326066866286, 0.4908399166659846, 0.7683304069478337, 0.45075866458470415, 0.8057226278465379
0.9709818568625916, 0.8733911885612774, 0.24713722694162288, 0.010896518052672444, 0.9625857249212477, 0.9668203221896358, 0.7004677639587182, 0.16318962480402632, 0.34997000471207473, 0.9329460660983947, 0.8261909472814619, 0.49436178482602533, 0.20318840207482025, 0.8206118727674182, 0.2561104708969958, 0.9112772201549759, 0.02936401597038185, 0.6091596009404981, 0.8523070400288237, 0.5384810491730088, 0.9507405351986286, 0.7112572020173712, 0.5517623882292253, 0.26621948583847677, 0.3960069618195483, 0.308416947655591, 0.3592150293585943, 0.34583865115414614
0.7097434831584525, 0.9035914993836354, 0.31669874948918797, 0.9001114516760402, 0.25420602253996716, 0.869474649848388, 0.23280717889323388, 0.7835455816140746, 0.9507381958214526, 0.8691434029522422, 0.1184733086314258, 0.7697679989914028, 0.8982747924075433, 0.4767220388383133, 0.032649108028831364, 0.06612978502744127, 0.5858252472631666, 0.8487426318246286, 0.025808392976752415, 0.9424755131533014, 0.12107240355188376, 0.5600357316970445, 0.5246924495349331, 0.8632419765476188, 0.4656057348462068, 0.6586132450909249, 0.8937474998041114, 0.19034289685061068
0.8363100184005303, 0.18650146993264405, 0.8607962317575489, 0.8466332413434997, 0.026293878339311738, 0.885113511997947, 0.8421785913316099, 0.9019917997411825, 0.30961550337809773, 0.5735168003877658, 0.8722488102001179, 0.1446461545865414, 0.5520749523373807, 0.3826188709042013, 0.5025090402768555, 0.9888226901031009, 0.27985745481413593, 0.22869157792816452, 0.45037169245521036, 0.35045247599996243, 0.5344564505392801, 0.8058397761692664, 0.5554812140763351, 0.901051952809911, 0.26352707525358643, 0.4817305109332618, 0.830518853442663, 0.6503375909167664
0.06729180068906626, 0.1610395911553476, 0.7187272753591529, 0.2461549799730287, 0.2071509422171346, 0.47754730016281943, 0.687449494713905, 0.7687769574213259, 0.3223492310155014, 0.8690641627058331, 0.0045362867544451735, 0.08534854227545041, 0.7146829552563737, 0.29804545288727524, 0.22466543466021416, 0.7163492496175543, 0.9711502254531, 0.47433686098891803, 0.05530462222801824, 0.11833394999643732, 0.041418712444957206, 0.4717376660195146, 0.10254104573548506, 0.893320255465624, 0.8146115605409615, 0.5685507423466821, 0.2848809258868169, 0.6170566244492155
0.49573476118311544, 0.4867347090959855, 0.06950387134101177, 0.28728270690196467, 0.04803658704290337, 0.39081968793343314, 0.9336507876587725, 0.05748420322558223, 0.3641393299528024, 0.9714429820563415, 0.10167521832497795, 0.1952811725225344, 0.24796796071225258, 0.6529472791129327, 0.2234819493443756, 0.19222286503805297, 0.8112181258357212, 0.08826249966497546, 0.8916430771280256, 0.08396190535056824, 0.9268802448979941, 0.30429690680871013, 0.18079907883567847, 0.24206812623336538, 0.6773220221849348, 0.9020949977165436, 0.96419563498204, 0.9285770834761936
0.7794067624634488, 0.19003141680595748, 0.15783194430718184, 0.3673319712876668, 0.4965553101216249, 0.3132082402742856, 0.7423905228964707, 0.9436032030223056, 0.7474618398547208, 0.2876198672728537, 0.3818034570886062, 0.4823001493053367, 0.9545794557227575, 0.5200917545730829, 0.1092588671411252, 0.3645749720621144, 0.31828630706163563, 0.8710926415061307, 0.7514579101737435, 0.6733272234668707, 0.6507012151172458, 0.748233408974138, 0.7321639057345983, 0.5188678977826865, 0.12244259738057794, 0.8308314715617258, 0.958918679813734, 0.9047104678265269
0.2835769943867934, 0.32965492010131214, 0.4987607402586086, 0.12801984047361326, 0.054316154637941705, 0.13065410098729136, 0.3924406052673206, 0.7258491639690261, 0.12466051426009805, 0.4768466758985688, 0.8870042843121202, 0.8720481882289144, 0.1292774034038019, 0.9513564827397699, 0.9776206498729126, 0.8595572153390851, 0.16716221535886, 0.477390166660688, 0.05741981592405898, 0.7762521736658541, 0.24950265406082972, 0.7172783948943813, 0.5329353790907144, 0.7591016254406902, 0.24327795365219274, 0.7699134964918184, 0.312435195073282, 0.31537806479693675
0.6937524592592421, 0.869699355860409, 0.7687549176027743, 0.7129156824665521, 0.39327948568012516, 0.726774482585162, 0.7385768277969329, 0.45304691213529746, 0.7073771779531667, 0.2078382905395817, 0.18840473530258783, 0.7024298269712385, 0.5653438681654054, 0.18092815252794414, 0.10274493387633288, 0.20119863055099219, 0.9548501207749723, 0.15170135416212682, 0.5245023863875935, 0.9753888339782721, 0.20511527230646942, 0.3140892412779833, 0.6663371790469415, 0.7762538546013933, 0.19213972691038583, 0.42918409445110006, 0.04119841019082693, 0.23904377984759995
0.5339382377338637, 0.8798940480418402, 0.1746116626931451, 0.039273152572725234, 0.5967624490423281, 0.15323922859309003, 0.645047090691228, 0.6274893506177068, 0.4290807215397706, 0.16794491876357065, 0.14225887589106911, 0.9603898344756492, 0.1566167635597504, 0.053941927100695675, 0.9835472841851236, 0.11263861164914113, 0.9901825872657624, 0.004688592080997034, 0.03554124018091709, 0.2258396543461907, 0.6524969292703281, 0.7817484479871875, 0.7877012794341585, 0.11218410199858453, 0.3782012561322514, 0.10392340016672919, 0.9271334984035406, 0.6602583524135199
0.2512677423412695, 0.5561535380785549, 0.5088762004745373, 0.01012064307007543, 0.5481624858667847, 0.5611277804894925, 0.7523657590870101, 0.44148594640093974, 0.761597020942656, 0.9676066648410948, 0.18257130995687798, 0.3016952677684571, 0.539036991861962, 0.36682174691413527, 0.8267209504071339, 0.6517251620744773, 0.5209187785077477, 0.027545357727589037, 0.34203922050276414, 0.8092978302283792, 0.12514046713660498, 0.8088635755810913, 0.8410670168336131, 0.37190284013551533, 0.6137139872769732, 0.5976124519849787, 0.5834112147979221, 0.37812410622069237
0.34339837363637193, 0.9653075303534266, 0.8718387701714048, 0.7302581445168415, 0.7499192927018421, 0.11952868941293315, 0.6478843414332618, 0.4180050805617612, 0.17978372764518336, 0.7561314048964386, 0.3877520181253984, 0.21072028378115237, 0.6994434189297472, 0.8538413996420189, 0.6705991562142508, 0.0042983144339011625, 0.1670896287984811, 0.625509507887009, 0.36181512120161663, 0.4718969630299754, 0.9796953422949997, 0.31178373306470086, 0.5729411067101703, 0.6899856289176024, 0.051549051958663106, 0.5352965342232806, 0.6503641620982449, 0.31915268692851395
0.5730199341394653, 0.8048824067936687, 0.8462190679177751, 0.6852320034530521, 0.9002037177173948, 0.6969913068640322, 0.7270106738512011, 0.45684051719328544, 0.5029262858425679, 0.5361218460627286, 0.47120125322785267, 0.017029914323131057, 0.011141643984883376, 0.7499700158416004, 0.39707396897291547, 0.9719976402405495, 0.57930333478599, 0.7461849667964603, 0.9140905366523709, 0.21554040403048902, 0.08670197676111868, 0.40181833896573804, 0.33211957081391896, 0.3826405391800277, 0.7851603351839416, 0.9006725751501905, 0.27137058009562187, 0.5095850022582981
0.3875769389799407, 0.7616859401337128, 0.6639860166350726, 0.5583948114479772, 0.1486016974048704, 0.20196843611831472, 0.0707648914839274, 0.2617399585950212, 0.4660301438847618, 0.360984482328643, 0.36160285187043295, 0.9685766947901359, 0.027585731972141647, 0.9042091510437563, 0.6335709062120883, 0.21199164656457825, 0.19337347516772452, 0.5842661279066226, 0.03144877177851213, 0.8935507398770155, 0.731427568917061, 0.08521037665471409, 0.5537439419797455, 0.7851702972758715, 0.09003818445500411, 0.5729777652148488, 0.611776990575801, 0.7839415243866209
0.23834509036647156, 0.3030778162275123, 0.9492186808934561, 0.506919281811907, 0.38592630830784014, 0.8943774353301319, 0.3034129658154192, 0.36476057558761255, 0.07815970396593519, 0.8651194729924304, 0.7336150399650809, 0.5550119858114403, 0.08390780951044219, 0.0639759034139783, 0.7108420217772441, 0.8662905905108718, 0.11344924979906279, 0.4195508305682395, 0.5896698812259438, 0.6241591414986993, 0.6029064134317927, 0.4545276888304266, 0.541817865129012, 0.9670099293844372, 0.3648385876852085, 0.9158421890061813, 0.3045102051705336, 0.950158686132317
0.5037723311994764, 0.19597682135964678, 0.877062855584704, 0.527626518326231, 0.1402476036835143, 0.8803345827589876, 0.4980095797629198, 0.5320899581908201, 0.6068461251771724, 0.007156876623471864, 0.24726474454002811, 0.8976186687658767, 0.873894976811551, 0.5225030396348783, 0.2666126104476799, 0.8274799440660816, 0.1960913965278055, 0.9094718347846852, 0.9792630081361151, 0.7389877112227811, 0.004909957448669511, 0.09493981189036327, 0.8292558498072921, 0.8889943326984532, 0.4090129088234644, 0.5034015842001115, 0.46281383359892436, 0.32501835264468715
0.8338855174201433, 0.9273483387661879, 0.783622081570344, 0.31528343272543935, 0.08360314306262884, 0.3857373009020517, 0.08229731538170115, 0.777848964372633, 0.6648368332416295, 0.6326892389148029, 0.3645602311565347, 0.40070392033988655, 0.1498418320551106, 0.45628037222626106, 0.5436726312528027, 0.8645681088893965, 0.9050596287754454, 0.4488683836301842, 0.5317723992566434, 0.5006339594100521, 0.5965746381418167, 0.1846457149920543, 0.9774601275953712, 0.588206904646371, 0.7899935750210986, 0.8290759216885228, 0.6745922309920273, 0.837488740734764
0.03751063735918059, 0.16711604422362514, 0.8550387595726071, 0.07122459078362886, 0.5544540077110001, 0.6450513022611192, 0.4414250500537441, 0.5571391707734993, 0.08275261528144118, 0.7293312138632254, 0.07892364729120016, 0.7154811585061764, 0.864056502035181, 0.43490027682587284, 0.8864690525965951, 0.7223698216384785, 0.04407825072851901, 0.634097061170836, 0.8503151793268203, 0.2711700484194788, 0.850613136349051, 0.4609976016393209, 0.5531587710842935, 0.07457005658531479, 0.5820813301834383, 0.5560231528933781, 0.07543116218865586, 0.0762676979279232
0.7172777822467179, 0.3863151705223856, 0.19979526713296558, 0.15478658403495305, 0.7747943825332159, 0.9296589485210298, 0.7351686828861739, 0.2904834916576703, 0.08064495819798789, 0.7863333423291144, 0.008129654504483663, 0.8988761828572457, 0.9426999414264942, 0.7813774444410304, 0.8199680664331833, 0.6594488035219233, 0.6011590021626779, 0.600095038147439, 0.09873886916029184, 0.004869946223511223, 0.7227812558797433, 0.7589191701119747, 0.733430596089123, 0.3639669612899922, 0.5888030004326267, 0.8469180866077658, 0.24789922387017171, 0.2586790642462218
0.2860455843453896, 0.5939570144013943, 0.7611752831332155, 0.8763750981827368, 0.7838039299590377, 0.8563420692813732, 0.6956753581631401, 0.07414037797376505, 0.7046953823579606, 0.038100202805563144, 0.0438292256398195, 0.29728364964161147, 0.5865068160597778, 0.746613173137367, 0.4662215195410011, 0.3747279691540739, 0.4065002847552742, 0.7398436527737564, 0.16713074667429528, 0.1612194539469487, 0.8458359364176543, 0.8242409805411613, 0.9544728845729773, 0.7456375404097139, 0.7783575762287558, 0.8457771857618253, 0.4743269716600734, 0.39344156659665286
0.3882717961774521, 0.046089203623703834, 0.17348704572311757, 0.7344586500648524, 0.3528397133934662, 0.6537667903545923, 0.10969012691847213, 0.9474595770590166, 0.8361037602608574, 0.23952121661875792, 0.9196119140674833, 0.08589349946999658, 0.0274530394770508, 0.12220036439389781, 0.371310587590314, 0.3966706045591427, 0.9177324677266395, 0.1570559169572966, 0.13918895159982614, 0.513483657615018, 0.5841667497598334, 0.46332049020213706, 0.6939670800102797, 0.7063612500641042, 0.17217169792468268, 0.18401726570784493, 0.14919784187384166, 0.03848988466731573
0.008512596175975329, 0.1511584860684626, 0.9813727779873761, 0.45718137396342184, 0.0021546315606979505, 0.13917396815314487, 0.3187668537455419, 0.3170861685402415, 0.3942958209952978, 0.727114702373799, 0.5836933021187569, 0.31746851067496407, 0.5865330489118662, 0.17365652815316746, 0.8007963659947449, 0.2248671695731781, 0.6822912237239365, 0.528849799723854, 0.8614692503872898, 0.8633704943299988, 0.22572857526466295, 0.6771874098405792, 0.3107321913153781, 0.1043926848909178, 0.5666651974572362, 0.4186951800674825, 0.6997550365749245, 0.9915999328156626
0.9228384562776003, 0.6972111496084618, 0.39503830440930787, 0.19151242649229572, 0.10986108200161471, 0.16999428624312996, 0.7388263969629693, 0.18552677665621642, 0.8638801166836421, 0.9725445233803802, 0.38975318851608964, 0.395748172047818, 0.10778869620117304, 0.6946185430413477, 0.9535477697545942, 0.7957200688958411, 0.9116961210344727, 0.4321691309219906, 0.39885705399747606, 0.275070248636316, 0.10639740914911744, 0.7155213792411064, 0.6265281938376606, 0.26121555769626303, 0.2429599273212275, 0.947611627909965, 0.607939998324394, 0.6824233602123243
0.3892412820446046, 0.07102327898543637, 0.5637354222734666, 0.7530256943770521, 0.41879393852725055, 0.9762158561361047, 0.8639829860083506, 0.19471038151046605, 0.14292167358660202, 0.32221715875811463, 0.035418626069976145, 0.731492525343892, 0.32878362314086085, 0.3428776338634645, 0.021275672296683368, 0.8164362294761714, 0.08299732220788614, 0.9314959287538515, 0.0168278497933525, 0.08909338120890475, 0.8340004750376437, 0.1806580801582801, 0.22313178515142607, 0.07764945145963953, 0.7753135893217482, 0.9066269521590163, 0.7253310243290304, 0.5657362220830068
0.3965715597451941, 0.24484543573102457, 0.12929612407461177, 0.49399625721181684, 0.10404381677707919, 0.8650216434226922, 0.5033940141335406, 0.7186096164352053, 0.8976737132368608, 0.03712763089910176, 0.3530364642361654, 0.7250220951205879, 0.21474370544366306, 0.2136587730507059, 0.2970928584826873, 0.04681275258644457, 0.15192427788216845, 0.14143124274665408, 0.19246826612848777, 0.43861030212309926, 0.33882231386545025, 0.7334758587791547, 0.8283520017144141, 0.7106000734706559, 0.686593804116539, 0.0945383132737716, 0.9614472768843342, 0.35133804269273405
0.415570746385841, 0.3389116382025831, 0.8738172341530082, 0.8647854298310267, 0.4310058746490967, 0.15865732331701032, 0.08057917198442055, 0.8537621851810645, 0.8527030112156255, 0.38769801385331304, 0.3382250473614594, 0.14360156530874435, 0.37274889570484826, 0.08349313038440342, 0.9441403374264128, 0.8070136958196346, 0.47006167017901823, 0.11467204098539996, 0.40818737735397803, 0.3188374427170194, 0.31370353174235976, 0.5160068702712609, 0.5508968361864128, 0.26163538859195257, 0.6926328545595595, 0.6669985212661438, 0.004792778058545166, 0.8499771588888061
0.7559384465530702, 0.2962713723835477, 0.7833709444108906, 0.7378841018674169, 0.3998450270908491, 0.939664224465737, 0.3008787955868143, 0.1887671721677865, 0.19460942138266757, 0.08576715937007406, 0.8401308937672997, 0.6366412291287296, 0.6014953165254857, 0.46833673792231145, 0.3984204766421554, 0.4171163771358166, 0.2143135824944209, 0.8130668018182673, 0.03931865608809659, 0.9503097581046467, 0.18398729384511014, 0.23318169452851145, 0.07425082416431805, 0.02305243886477304, 0.8018847447644313, 0.7213115132391144, 0.8107074714506854, 0.028663116951384127
0.26371859539819575, 0.19729698142044538, 0.9954651509329787, 0.7158579130136854, 0.068357161270576, 0.46074185497223485, 0.28675311037599693, 0.10135642498510111, 0.844247349341724, 0.24325156286646787, 0.4447182156390006, 0.6930722365359588, 0.16794235733922858, 0.9379827763553897, 0.5486055588778608, 0.5728701694036943, 0.0064388419573397915, 0.7832908337453512, 0.9044904755342608, 0.7486486694952657, 0.021010941445533726, 0.08224156952953399, 0.1286141042318878, 0.5833282894661842, 0.5722770528828427, 0.6034388783745203, 0.1202600738764027, 0.10716815211926045
0.6655999144628545, 0.7194852630979652, 0.1911096722968686, 0.5242976248077443, 0.6844488040528648, 0.7381458761216168, 0.11851287725571724, 0.10670696440338279, 0.6707899543018685, 0.88466171948811, 0.10534290770854327, 0.6670179569704633, 0.3423773494838813, 0.6387735822639151, 0.1251714157632997, 0.6158352660589386, 0.7921408608056985, 0.6845271825436194, 0.357111534182052, 0.9216015951808324, 0.2036506362657564, 0.5842072646034615, 0.20408846210066, 0.8049654497617531, 0.39982004587116815, 0.6162015262725803, 0.601902619287849, 0.15616930312258026
0.3097087379556741, 0.9339393967311964, 0.9837521583574896, 0.9367959275891765, 0.6262657254124168, 0.6842083108737869, 0.6812540127093766, 0.5626247426909194, 0.29865626575517, 0.5216467273753034, 0.2354960217372013, 0.34822288570766746, 0.049648161365709376, 0.335695944625398, 0.5071632540630991, 0.9807162442045133, 0.8116197581578483, 0.3317789917258628, 0.7022309246051037, 0.5748432708548961, 0.4660662931321923, 0.9445402532812852, 0.47855913245693904, 0.04322613057174507, 0.882800849514761, 0.5819894251013976, 0.6077961697937213, 0.7539246959765896
0.43256755454641826, 0.49852892741561095, 0.6761086676250592, 0.0227554876603423, 0.8541368012609452, 0.657508628919373, 0.7489268952697185, 0.26636857874806685, 0.7378721663500062, 0.3105776130234231, 0.8777114642389465, 0.2789524624424481, 0.9607097466621416, 0.08636267607840598, 0.2795824676797082, 0.4225262717417745, 0.01438198382659317, 0.42561090295563275, 0.14885266427878818, 0.7732732349705084, 0.8971407535283352, 0.47613502156134035, 0.4564239324173063, 0.30675180820681125, 0.5377506633796608, 0.7420045369314824, 0.64119934134029, 0.025719316429175354
0.0017973137894147229, 0.4033982977561478, 0.6625136036786952, 0.7079159678779222, 0.40166548139981895, 0.4116892836841648, 0.38505269181457635, 0.9395599284494528, 0.5806799022615912, 0.9631071006991325, 0.3186596338840043, 0.40940225254673857, 0.7145512224256452, 0.49417117690486356, 0.11368029738674335, 0.3884831514631233, 0.5795053209943651, 0.6796630013310663, 0.6313465820086099, 0.3393601618185692, 0.20921149563485608, 0.8058205784458863, 0.9411204073170597, 0.8147720370816393, 0.4305657526657407, 0.9099280169492571, 0.1041245223922167, 0.2958770354427124
0.515137805033379, 0.8991809110067035, 0.7399293507918927, 0.7180666349744583, 0.5090585805420235, 0.030769020923574475, 0.7862563903602748, 0.3052881082468635, 0.3326596953958141, 0.6598259046687249, 0.08733333567545465, 0.7243912824676236, 0.9819946556567029, 0.3117425600155631, 0.29547429406183134, 0.16124158257655474, 0.10390095996752757, 0.26188163738029513, 0.28743421470618835, 0.48433037571283255, 0.7752486435130764, 0.43730030614301363, 0.4721733006121289, 0.6887363398087846, 0.009745154107451914, 0.49399527852748526, 0.6964744834956371, 0.6801190992105409
0.15804683135944297, 0.14180382821766346, 0.9300030472361017, 0.3540620921299005, 0.3785277578734608, 0.5984609307973976, 0.7067358440555597, 0.4871343334018903, 0.6143371262568618, 0.6494796331690079, 0.05639044262480364, 0.5043999912169179, 0.23757823000926315, 0.11159321696638136, 0.17003378368855226, 0.44592941874368097, 0.5027773782160181, 0.9665003006115485, 0.7476625714513025, 0.9007907667689911, 0.05070829777239361, 0.03822205995744543, 0.10312561750872173, 0.4878899228750373, 0.7115867896521494, 0.15939509308772082, 0.29428180904683787, 0.39411559011260544
0.9318580240697677, 0.21090063848106766, 0.2867558543870705, 0.8030087367785153, 0.5407873933186294, 0.8384342382356583, 0.5864225110789694, 0.5707147762247504, 0.6629821618422675, 0.8948766791035161, 0.8745110038834559, 0.062431770818524135, 0.1313634915349231, 0.5289002617244122, 0.7511114791211119, 0.2869110200036872, 0.5759135374331082, 0.430951397829495, 0.9028020239109981, 0.7364183373011632, 0.44086261598702414, 0.751439700235235, 0.26151403668709405, 0.47635742858267804, 0.4863772326276148, 0.6670074941987715, 0.8896387860119264, 0.9171008636464956
0.773589694483566, 0.01461794892236934, 0.2381106676362924, 0.14904818746481463, 0.004212511368612892, 0.07631098011848769, 0.5334911735095521, 0.9715194370201978, 0.392978956649669, 0.1432163020313787, 0.3005847670384789, 0.04487339364759735, 0.08597115907641684, 0.7847865241237676, 0.04289310564565196, 0.841195394771522, 0.34170967313566436, 0.9110096052614136, 0.13326808664599665, 0.29341957231142257, 0.75836380873003, 0.5706385279684727, 0.7551154832309994, 0.25240823294154235, 0.15045596419651885, 0.6885439753468291, 0.030996315081705306, 0.9874734466863926
0.7348593135972316, 0.42303239337093723, 0.22715655325246564, 0.6389873690590847, 0.04783822690689232, 0.3641853646810439, 0.2365102777408825, 0.7513010173261674, 0.6215797610146436, 0.050848684689774326, 0.8490918093289611, 0.3362200917945297, 0.30502896846634175, 0.8684524284779396, 0.39939006340610905, 0.8833227081785833, 0.5580698901849607, 0.5963344286585402, 0.25973911512058556, 0.5662238896783652, 0.3298102875389405, 0.46695433723202173, 0.6882529850499346, 0.06809514262916083, 0.5883205146297728, 0.1892145702404049, 0.43049820183690124, 0.4667292499133693
0.25095974008768984, 0.029985109794749998, 0.2799037767424243, 0.6342389260880708, 0.7630507296571772, 0.9463181765358921, 0.058223970336366504, 0.2055604839471329, 0.5418460791390156, 0.9213543080250817, 0.7312096047846474, 0.934193623068313, 0.9268839553834263, 0.8907951705048541, 0.25969126476907345, 0.629105922402158, 0.8196109452104895, 0.9344829702892974, 0.6711151973804628, 0.45779227110239884, 0.46800294224681704, 0.5168393439844436, 0.36370065211305747, 0.8424107280619618, 0.9780875228765308, 0.8675652509507888, 0.4583055194079385, 0.797891428726627
0.8274721837593143, 0.6313946883979896, 0.23099592633566268, 0.6444513011661891, 0.6209042015824742, 0.7930196023509714, 0.0592663189046132, 0.07955795671182153, 0.9594095038442099, 0.5510328951817881, 0.8845837564403242, 0.3653302957085707, 0.34416829623023326, 0.4413454479357699, 0.18913545136191579, 0.9183867153196162, 0.568589126585884, 0.5085634380132483, 0.4571228059056861, 0.6685359761630238, 0.6622206798378556, 0.6350150852822765, 0.3308449315337969, 0.8120139351433443, 0.8204578078212758, 0.4477227182419039, 0.4806436223611903, 0.7517472080013873
0.6356121378101597, 0.09529778083614648, 0.2232319901359181, 0.8161722196803264, 0.9901766866927031, 0.8831280192031628, 0.7736867420597322, 0.8406629766360543, 0.5560817107730915, 0.9515230086807855, 0.4537121182838699, 0.9944611403497905, 0.2266626831421551, 0.8863682216132523, 0.6995088481786765, 0.3160960194566461, 0.38097946034620256, 0.5167122181687366, 0.628427917421461, 0.9455812875083941, 0.80048401778633, 0.9198582357736765, 0.8215431105360281, 0.09887791581983418, 0.2914035730615977, 0.029453252756796666, 0.7364560737167393, 0.2895349060596336
0.012666653405533301, 0.58534888967465, 0.8849027443926595, 0.6630223747049672, 0.3338610562984453, 0.3127464629403276, 0.4224032568730026, 0.6703951526758195, 0.05783264225578366, 0.2419675245864138, 0.284062688157916, 0.6854513058981354, 0.5851865970871553, 0.16042200126798012, 0.2144788419663659, 0.13956816904741332, 0.7064512358586463, 0.15259650957040327, 0.8441987257757861, 0.8097476841724585, 0.16448181259825834, 0.8356051880200839, 0.4191200808633444, 0.40732441646153417, 0.21014107469664145, 0.9108666716983582, 0.4229654669165057, 0.7604420080082995
0.09290060109985643, 0.9209048456720041, 0.36407161491332607, 0.15285448635385945, 0.40249444024148373, 0.8767574730118138, 0.5115588816361939, 0.5275812279614884, 0.019083122393615315, 0.8029936764470452, 0.9166103526205717, 0.7384250350925528, 0.7396563852505915, 0.2534477690797259, 0.5530340301021103, 0.7098121040952676, 0.36511195899313587, 0.6355698438887285, 0.10141078461772146, 0.1242244578143944, 0.6080063385944594, 0.7716446330084217, 0.04059619571325945, 0.22814406983108748, 0.5512289230529093, 0.17812927906578757, 0.5345613953242455, 0.5190654781991008
0.22564431415900665, 0.16478364097056686, 0.5682739167551026, 0.5052891262538547, 0.33093222829242674, 0.7490068492857076, 0.35945759744704475, 0.26999666768786335, 0.36500131253374246, 0.8239729905788519, 0.2768885169135442, 0.33802335250904736, 0.4649866843482966, 0.4256308544720232, 0.8497140507448933, 0.1963685075322511, 0.34732303611326565, 0.8416966190318027, 0.6460177582101382, 0.7027211219108345, 0.8118367303372395, 0.5700878174630919, 0.7539403741608254, 0.41829500760838734, 0.9080223324431306, 0.3233095717491914, 0.9375778360454606, 0.44272232663844946
0.38088841876732005, 0.7125309898784503, 0.5269105751880172, 0.6526321323302007, 0.5325548879823784, 0.14386260321493927, 0.8169432266906567, 0.49710659327196727, 0.40117805859656475, 0.08768146427517964, 0.7153179040487606, 0.21995352987878292, 0.7364668814776993, 0.6058998999391907, 0.4808755180188524, 0.9417028243045817, 0.9330265464438052, 0.4145223838705674, 0.5150930071763522, 0.03663024268371984, 0.4752307727590036, 0.9628306827738284, 0.5712335672326351, 0.01642084814009581, 0.5261521065485506, 0.08400534374035862, 0.9850588287858345, 0.7336266699889913
0.31109395882254587, 0.7870289199375027, 0.2005113255552663, 0.45625956127044676, 0.8932546522273125, 0.3141195313506564, 0.1974525993384979, 0.7688111868976082, 0.8022938605052212, 0.38891573914458233, 0.6580795666866207, 0.6880064787155414, 0.7371442579751465, 0.6602322858689782, 0.335975093517043, 0.012213099192741383, 0.5539132760850597, 0.19309798914388399, 0.7514323338237472, 0.3215030896369281, 0.554987472641347, 0.8165261954266558, 0.5323264637133627, 0.9782665880262086, 0.7746739120105582, 0.6214038262606777, 0.13589739522260957, 0.6670125078922875
0.6723390182726265, 0.3657947430483556, 0.07361383508444597, 0.18819611185177654, 0.8512545801818909, 0.7435495549361201, 0.886370689399974, 0.17668093858240186, 0.23464457082728352, 0.36684645902669444, 0.18715779434429347, 0.13071558755625368, 0.92697508285267, 0.39033552502841107, 0.9668905099683668, 0.4421133800185886, 0.9396747467785626, 0.3803622667349982, 0.0657346073456847, 0.8407304349051646, 0.680976767539295, 0.09431538764740033, 0.15607401269866295, 0.3975959820466879, 0.009187078702625695, 0.45970155290701065, 0.56794790632808, 0.6714394047492757
0.884646032057269, 0.48666114033043406, 0.8077504858002386, 0.26493766884796577, 0.593512498487657, 0.19455852409649088, 0.6960765956816773, 0.2271239733396111, 0.24505484904551644, 0.6025124556443887, 0.04678767126278216, 0.02978175984885212, 0.21252114748698314, 0.9051099238745234, 0.3185447127810549, 0.390897203311103, 0.34738645882528385, 0.8984943070495935, 0.3276064339779159, 0.34733863604219095, 0.9203633182894921, 0.1329842064598068, 0.9219828087449188, 0.31095548985425747, 0.12487922676799801, 0.6165969420246581, 0.9631289688182992, 0.2588605992120466
0.7575195893897797, 0.5395544066603357, 0.1558651876291558, 0.21055907505202642, 0.05732848650790201, 0.9395373839870252, 0.9026869501707432, 0.447703399120452, 0.23342115449275513, 0.35515186752503836, 0.08484141774131593, 0.19319124060563586, 0.7686335567786872, 0.3690196412170672, 0.8562973487670442, 0.2039285650185968, 0.2906452162090034, 0.33052615926081264, 0.6879133479261625, 0.8342117648123893, 0.9217024787682937, 0.8134333523476006, 0.742898797904552, 0.15807525537842582, 0.4163931379224659, 0.19057329296851444, 0.929572199804494, 0.8926997430785963
0.5264893979941314, 0.08243038936844971, 0.28405443178114165, 0.06646016077460537, 0.7927308167211841, 0.5564644566085435, 0.7987001558921093, 0.03065040800697627, 0.3497757848155224, 0.13717113615309717, 0.6837424092667236, 0.019589209751617043, 0.4902839093150587, 0.4696356292383502, 0.9384026917819112, 0.7004619524145922, 0.08958872178667354, 0.6359104675441118, 0.5079370949422456, 0.20973067903951148, 0.40059262833878273, 0.47917014184254725, 0.24201899260571325, 0.20989178185405433, 0.5579513149626492, 0.8091420394648691, 0.7430366509605619, 0.6115201227516264
0.8310691611904834, 0.24667233245988052, 0.8660760643470501, 0.7555791585441991, 0.31953624450935303, 0.9114991895798585, 0.7303556303006965, 0.46409562066800536, 0.9354343625252386, 0.304489502560345, 0.32118908408213775, 0.5768532841353973, 0.015481599522380596, 0.6631565090707231, 0.7014387484936033, 0.8553804439915308, 0.2920765497108462, 0.5324159210401824, 0.8664725044425492, 0.2951603994699402, 0.8184902905451639, 0.653022589205967, 0.4941802853820132, 0.2412842563977986, 0.4532051823469442, 0.1940686686132691, 0.7769394528488484, 0.43337803070727277
0.10720927462711194, 0.2316258653726051, 0.33893773455529386, 0.2182523767961434, 0.49719206734825305, 0.8989099086844601, 0.7876916659063619, 0.3268561768523277, 0.9342291976077111, 0.9059824644682636, 0.10505726352665778, 0.40371235209903866, 0.02196541827038656, 0.39857235698362947, 0.1697234234467, 0.06814536281961892, 0.7468229496308595, 0.8162263039664959, 0.4017154671332691, 0.09367614306564398, 0.8271873146444477, 0.6822234425320184, 0.37705543677068154, 0.5952146566926902, 0.9970175243135057, 0.46143939186898786, 0.06381938817245203, 0.149808702700725
0.711601199511789, 0.16770552111259762, 0.17548082078691685, 0.9371413432251592, 0.0727851963881726, 0.45727090934755255, 0.11168143147562459, 0.45509609243385385, 0.13821978529330814, 0.2792322653145275, 0.956057442901357, 0.7715229382337894, 0.9654982984042135, 0.9773510419910731, 0.06869629986548997, 0.4092685527009625, 0.32099268859780117, 0.8063020404319388, 0.04125252744444696, 0.34760083308204226, 0.37378622338994383, 0.5372684608581619, 0.3891919876619063, 0.9267895966694554, 0.8251573864947559, 0.9507301296191317, 0.2523467113644333, 0.4770134697172511
0.34359054496889085, 0.07149137388682758, 0.15555025624355012, 0.2323162412575145, 0.47211235236759364, 0.3473630502491192, 0.6708309794109428, 0.9311705856589214, 0.5027803921501075, 0.7321388839704425, 0.9116608898059688, 0.7070241913724217, 0.13468005075789868, 0.864902634550141, 0.5860601482463397, 0.9506021347819249, 0.055348842417278, 0.22916816043320265, 0.6290591361744621, 0.053175384478062804, 0.9326061446362534, 0.5213462775809659, 0.9933289924895314, 0.6209959462773602, 0.6907991422626121, 0.41793403644808036, 0.6196361270656213, 0.8770379896974959
0.9131349423382114, 0.2768201458784266, 0.9806367405946798, 0.4440207696430357, 0.22242232959919805, 0.6338357564950273, 0.240187882718647, 0.7683364543716514, 0.3270016123615892, 0.276666019318464, 0.8017910436355931, 0.24665153747071533, 0.831555061448021, 0.6353996580477586, 0.6474739658265859, 0.7142134969661129, 0.7935286793768547, 0.13819771293300842, 0.13619824105741996, 0.785689339887003, 0.7341919772992328, 0.7015547006725342, 0.8699821477932067, 0.3001872152578351, 0.5442766659243155, 0.460076492046086, 0.8902912379166684, 0.49492523645294906
0.3130456008805014, 0.08475819369359505, 0.9868551192254447, 0.6271069041950811, 0.9602279359612496, 0.8875060826279331, 0.9288893832223192, 0.9722208147865984, 0.513436829480746, 0.909173268355514, 0.7287885453941848, 0.8118893334639381, 0.8011516387405211, 0.4813630994772955, 0.24239055814983523, 0.684064973860536, 0.4458107038599626, 0.27502289527595636, 0.8950850704796753, 0.151046790860354, 0.8355102535540038, 0.23595545284402342, 0.2831447951972573, 0.7656270306238616, 0.38971314202495544, 0.8097153316317349, 0.9465475443991798, 0.9345607461358001
0.2880992540801446, 0.6090638367379235, 0.10174377237448007, 0.2520108841150922, 0.07240823590664558, 0.7812154530660221, 0.9382416585257166, 0.5293483281863838, 0.9205783091277557, 0.32387863586830334, 0.9243430171088246, 0.4024806356577939, 0.7049934741762759, 0.3642121347984928, 0.12238051021829899, 0.8000561058028302, 0.9698022374027686, 0.18205041828160262, 0.9069114740236003, 0.9411082769229802, 0.09032913017418254, 0.48287821447665036, 0.3673753013643576, 0.19490956315922714, 0.4099954152316031, 0.9590216077833659, 0.20783361392814004, 0.26536900195591273
0.8833808558821504, 0.5279497259268527, 0.3740277160682115, 0.9225196514420916, 0.8790553073734569, 0.1752141324040073, 0.8323334295122539, 0.42447819578340473, 0.14634660717960257, 0.4320467031736429, 0.15939099953066638, 0.06873936809086567, 0.9365716268064075, 0.2935855049917234, 0.37085384038281854, 0.8204844928475308, 0.21852482200639256, 0.06816439830355192, 0.16262730648546408, 0.8410793834332942, 0.8316819926281905, 0.8395313926755268, 0.32809783970487605, 0.6413315129544276, 0.30983128282555394, 0.34032631120814727, 0.6623677500780151, 0.09674935165335741
0.06428537298920389, 0.971062629413183, 0.8874454577299553, 0.781263861693709, 0.5894602360214461, 0.4926849793152326, 0.978521774505951, 0.40492680037184736, 0.6785511761975399, 0.9316739831577893, 0.14298966789549028, 0.21593662161587013, 0.3045935988093069, 0.0056930451497484436, 0.793651021369373, 0.793345567507107, 0.6544783752942347, 0.29702119867365473, 0.6115817631764868, 0.23248765261831428, 0.8659071413460523, 0.5068845904904392, 0.7920859709964695, 0.5049338704676899, 0.5141106043909675, 0.008411353401210242, 0.926824347497712, 0.7254402637928254
0.11127046560450182, 0.23628098725752322, 0.32670097621326544, 0.8683229041208037, 0.07040863361939431, 0.7085684176872945, 0.4319981031660646, 0.6145044067812098, 0.05027994315558448, 0.7879107231610327, 0.6041086308265545, 0.9953528312344276, 0.06561773572718654, 0.7280202487594502, 0.8215994051833398, 0.8290565818652997, 0.7715628901527979, 0.3740068716858955, 0.3735549934855844, 0.8730592186536549, 0.6551976904606571, 0.0631871382018544, 0.2677673974086012, 0.4674280600865889, 0.9936860057642863, 0.776920849885483, 0.5403697203848488, 0.3239154885374006
0.6274044824414581, 0.9639174818370211, 0.6616455422143747, 0.27408732450927464, 0.5830311393830929, 0.7749474175612582, 0.10301903405397139, 0.05169943335845284, 0.9143196027322376, 0.8302303819944868, 0.6832213281365518, 0.40345799308723984, 0.6914764613231288, 0.11206737648127674, 0.0323618252623078, 0.2648026933556038, 0.389982620050468, 0.9541949512557327, 0.5666104685541488, 0.6927178352393529, 0.45610288723214854, 0.9693864617709196, 0.16259857610181783, 0.5860789197586418, 0.6456204976442169, 0.5834071726889841, 0.56551303421225, 0.31274341387896354
0.31496083049087653, 0.5029026528758681, 0.6800115052693482, 0.13109554508670473, 0.3026526555015767, 0.7799065355808737, 0.21834883856947496, 0.6000202150989558, 0.8281386873391734, 0.29645311490622606, 0.4555958145349981, 0.42775688139103096, 0.6887315440891486, 0.040686036605651066, 0.8283842757276586, 0.035527632842327295, 0.08340050037627178, 0.5008144355609864, 0.559615044221324, 0.36435435794029936, 0.24705996148374776, 0.017074536978034405, 0.2737720114461363, 0.7001992291792838, 0.6395019871495843, 0.4454794344886245, 0.7625435785469675, 0.26866713925349794
0.5756695388236296, 0.7722508105906608, 0.6494979905490949, 0.5982646698809281, 0.01089579173122257, 0.296182687652921, 0.44241531730097916, 0.8076569243507712, 0.5236706974837809, 0.15734603919439782, 0.3477361209587879, 0.5713815797820307, 0.5107887567357203, 0.39331552358437205, 0.4785721116087548, 0.037935494915829815, 0.3168828670379099, 0.46371292112140516, 0.6994398156756524, 0.43917038736098857, 0.10205791808074094, 0.3286884334983733, 0.9771577917779174, 0.18673397361742694, 0.41654022109081956, 0.537269974790717, 0.7176950940438512, 0.06253656863821644
0.8609314719774793, 0.10491872324920093, 0.9468696135430201, 0.5626787452572597, 0.3964843079011504, 0.37712398476556297, 0.6678503747058346, 0.08139123326240694, 0.4809972634773716, 0.11366493456645199, 0.28498439447094004, 0.5537285651365167, 0.659940513918946, 0.5898379542045661, 0.270836350408039, 0.8476301250273038, 0.14541220622168938, 0.7055497716039684, 0.06208371139781843, 0.8213648449053915, 0.8894775626296004, 0.7915923565700751, 0.8127714150482569, 0.6680349815551355, 0.46784061353956596, 0.5994618697959361, 0.039316193005165534, 0.7896848900317364
0.7504285445337996, 0.7179254257423494, 0.7486855844626091, 0.6106416132515775, 0.7642548577024606, 0.958145239507634, 0.6688559441487321, 0.7196264471300874, 0.6814825664646927, 0.9768009832576068, 0.35180592539462163, 0.0069856211770293886, 0.3880950371027012, 0.6971794022953782, 0.6895440516114223, 0.8319907799677827, 0.3479714395929623, 0.20698867270461274, 0.5382146716714344, 0.9775151750772265, 0.33450575455619813, 0.2974483149260235, 0.5876564210685038, 0.20651493874105464, 0.8057507171796608, 0.4597941337670891, 0.7715525204110798, 0.042857578690870146
0.2648758411316373, 0.5329411523799229, 0.8452977074686803, 0.8709324672804868, 0.08086762558064742, 0.6075234046960467, 0.633147565114797, 0.7878101423382813, 0.9845084411585012, 0.24955364442966432, 0.6089900479048436, 0.1767929826866309, 0.11679677927504684, 0.5926385738090737, 0.4855358959606164, 0.31067526113397737, 0.699618912623223, 0.8068994808485616, 0.7110017688267537, 0.8232812579828565, 0.7883355577961259, 0.3962757856724949, 0.9638810081967504, 0.6383217196713065, 0.3045873348701422, 0.04960171479757969, 0.4258812024373495, 0.5699928191253906
0.9519174763523864, 0.20382787551396386, 0.17116675601451958, 0.08614031162917302, 0.6824350441014478, 0.27860031858206213, 0.6304041326557982, 0.99874328108612, 0.3854459694873882, 0.34492774723633446, 0.5012856962584411, 0.4424948800038403, 0.5842190692390931, 0.9055218008267933, 0.20348885978113407, 0.720322171891002, 0.1259049421366415, 0.9570529577184811, 0.006636986176624227, 0.16761433619909283, 0.0586788209458341, 0.9907407914943942, 0.649565422206145, 0.4250870031844336, 0.7181548566277345, 0.6691462973201479, 0.21064794854554758, 0.19697639947189205
0.3220242452648969, 0.6908952807628538, 0.8118992970302806, 0.7439748423697523, 0.6252367074069934, 0.7467557562964188, 0.37962598396999814, 0.941602627149389, 0.6098565452531687, 0.21184166195539822, 0.9032156531028048, 0.33005061341289954, 0.4960772867418357, 0.4053222905722973, 0.6188317253119495, 0.08312008907063817, 0.5203118727150653, 0.08740313086868046, 0.32093429533103734, 0.5755526220560228, 0.23898876845050154, 0.7719520218107706, 0.6846401473577649, 0.7424203410300622, 0.29740786127757024, 0.1117062261117664, 0.06080818090535889, 0.8978861196249689
0.3898101795800176, 0.5849993814186367, 0.9938313685511214, 0.6026160899453104, 0.3302603124947694, 0.71255888548503, 0.1842692274832558, 0.8712278933228669, 0.42184403061830966, 0.8636752087684677, 0.6536134991471609, 0.1770140251522918, 0.8901348198686694, 0.17073390124468246, 0.4607149050428221, 0.4210787612414717, 0.21448228765247757, 0.3567537729810305, 0.9520991731445781, 0.6800385195977401, 0.050029689501363994, 0.07313589359872874, 0.5694040501867195, 0.698573713882593, 0.07717197200918902, 0.10550671952939239, 0.1333496921651005, 0.35123126415494144
0.04646788223125409, 0.4348077704298242, 0.6980731557945659, 0.8079971134102936, 0.27366805058012666, 0.6916385105276189, 0.47084360187793906, 0.307626870544088, 0.47854529923620204, 0.9531936246248598, 0.6687980511931513, 0.5123960945831925, 0.20472992109119692, 0.6395195454017873, 0.6504688763032188, 0.1033240214422545, 0.8793383930458677, 0.46275812468607747, 0.0969843496346594, 0.6634060130900253, 0.7312558680429025, 0.0017632527717792446, 0.5634998774009011, 0.9281186936879311, 0.021238236180952108, 0.7251938509037962, 0.2860670954288742, 0.20024823010247772
0.5037199533267073, 0.26568965006649015, 0.40061460028551665, 0.7950914797041839, 0.46819845780078195, 0.19022913240286377, 0.5297621246619478, 0.7623789853656654, 0.05451476788995513, 0.30828913625973775, 0.7569696087932841, 0.30260839364686565, 0.5349208853799405, 0.779427092878243, 0.9680279454786559, 0.04849160183515544, 0.25187853206332045, 0.931805316536326, 0.2040119160171563, 0.5129561432913221, 0.57557843741833, 0.8390827545697016, 0.4704058909815695, 0.49376018057075355, 0.68206042551515, 0.22253260555648335, 0.7592317179154711, 0.9552522019755911
0.29114837984555086, 0.4679956183529621, 0.6955855866719498, 0.9410154631771726, 0.0031913744697411595, 0.6430452100481414, 0.4718803452703365, 0.3768724440874156, 0.5893596642480499, 0.5515302076596352, 0.11820050305890151, 0.1454229042545815, 0.32673199301194744, 0.2443979382263748, 0.33829099122241646, 0.47068033746224347, 0.39021108898781676, 0.7214861134248223, 0.11401812169171, 0.03941547241860088, 0.34186193202925774, 0.9880498561322122, 0.9524037931007118, 0.16279958940489236, 0.35091708032023994, 0.7241370509062293, 0.14907840955960971, 0.6753933587768991
0.027687874323600536, 0.8377181505029311, 0.26095938394713947, 0.5489381143858805, 0.8752264627992203, 0.8734852910291184, 0.7314247733433186, 0.34508033752402467, 0.6351349681724169, 0.3179404614464584, 0.8994841114944868, 0.2914968074697447, 0.7745761902685595, 0.6761384807539255, 0.7010205395356011, 0.9827447830858412, 0.42098494624510807, 0.11664636011493679, 0.6531358574248132, 0.8713869951889853, 0.9159535426493911, 0.44153643793689246, 0.9929422636913762, 0.8404421403377323, 0.3106476085101707, 0.19186972525588397, 0.29753965414317485, 0.3767963658673599
0.1693818790387508, 0.9249124559725537, 0.134258395216159, 0.13278954296102274, 0.697453210732841, 0.67841907612915, 0.1322129620767164, 0.6049818686114479, 0.4153630449675081, 0.018545631506344473, 0.07287983530970976, 0.08407077785790729, 0.9406075060099223, 0.07500004849015518, 0.4762673441122536, 0.8562799135474832, 0.25164048144237217, 0.5692198254376942, 0.5186525524118102, 0.7819751853392538, 0.5871739964476087, 0.4914350421138707, 0.11353688498743242, 0.4126108392376624, 0.7292271189588654, 0.21721896568615362, 0.7992876718715113, 0.9719839012193265
0.6817859745981647, 0.7599679638616844, 0.7313268249331053, 0.40432872166087075, 0.6213198704467597, 0.3484700265573796, 0.5829815816533626, 0.16815792723889755, 0.2061029753929502, 0.4811338309252706, 0.7007975467585756, 0.5541530235250636, 0.551565745982679, 0.563771032780202, 0.9716829841089387, 0.17535931632832136, 0.29019621537660945, 0.7716770775157454, 0.3313372507409086, 0.49451258199210335, 0.5328453447446991, 0.601781358545575, 0.44206821941407215, 0.9986085141321793, 0.14746045015196219, 0.24976179329282333, 0.49700175456606854, 0.8319694815148496
0.09367917352088118, 0.6893424529631398, 0.5180277459207191, 0.02229431190775144, 0.8760072352301294, 0.1595147272512073, 0.39433274364700066, 0.568939044258627, 0.14401648103999798, 0.18429094155427406, 0.8813074711544296, 0.6685221368957218, 0.9961520942212075, 0.7651406838908044, 0.9959311848661728, 0.28047846307524515, 0.30227563591129913, 0.11852441341155695, 0.353061233736764, 0.06452711263423783, 0.9858193871636625, 0.08604425263431437, 0.03709270348446969, 0.7156860504793972, 0.0016122086015598613, 0.1775806017278332, 0.3837103776006535, 0.19061527683200308
0.9720323388503513, 0.8923607409166908, 0.9953061919584619, 0.3082124027172074, 0.43520015004302126, 0.231194610101211, 0.5063657854003019, 0.9460946905658989, 0.47685339229258483, 0.5269764929795039, 0.29916239873106143, 0.4982498782051804, 0.10842499211808876, 0.35631448468840154, 0.2800171351615056, 0.7461876626451532, 0.9363241746237498, 0.39009002923716296, 0.03165723269516074, 0.5744401092886803, 0.7896075846918179, 0.456147538054815, 0.8161870594752504, 0.48743579979576845, 0.7396787387056474, 0.3142191378017558, 0.9219285272300466, 0.6459956709999088
0.12849656378018026, 0.9827274500812874, 0.7412743968327826, 0.29260107890389386, 0.3830522739645815, 0.7284232350507555, 0.1492668943287584, 0.4935894426522399, 0.5609870474389946, 0.9730943285740346, 0.942509902439568, 0.4895764346557674, 0.24143523955416013, 0.5460623132947143, 0.09023818085137059, 0.7923377993464588, 0.24502202687464703, 0.9592829029344431, 0.5909825247208325, 0.5219085567452091, 0.23385579288841696, 0.15222087124080397, 0.7104043514637542, 0.00423199356352566, 0.02468088859097084, 0.8581126794972936, 0.2577174698985062, 0.8287749716466432
0.8645842439053627, 0.5060547325404706, 0.553467505244541, 0.2952498949350817, 0.6164958443930726, 0.6472924171854753, 0.46192090554604526, 0.6337786958029101, 0.06107148128834694, 0.6577847257601656, 0.23730110393647608, 0.38498952827510124, 0.5522882370104716, 0.47577389514006996, 0.5679792032310597, 0.6178207790107254, 0.6650234296838478, 0.7584812980739665, 0.1707352505794445, 0.16786305553084024, 0.8259392359398555, 0.7339461742900879, 0.7669191256639951, 0.21636320904884987, 0.28583378493571043, 0.8543884969403178, 0.9080300351516499, 0.1925897328223073
0.7181046789133174, 0.22767093461525667, 0.677373599558157, 0.3359675038811273, 0.2791181869552126, 0.3273038077174083, 0.6083372673480495, 0.3557457393670125, 0.5193888769322587, 0.452956293069657, 0.7440912105606229, 0.03583623131800906, 0.08882955103645829, 0.5444553150713081, 0.20722226371543362, 0.9899706945884008, 0.5514276248078005, 0.1294569392142112, 0.186339351461683, 0.8625405766677047, 0.5539791667638098, 0.2292558798008527, 0.805577541693232, 0.4855668924020696, 0.1275844759503173, 0.19792776491163733, 0.2702958896783284, 0.5167173369251524
0.3957526006102656, 0.7676193128023193, 0.39410384487519234, 0.23547486642151472, 0.04843774488733854, 0.9879484862733791, 0.8177953431744135, 0.32588392926009824, 0.1995080004442391, 0.6468288147855705, 0.6953832731191926, 0.6872487553253376, 0.7768029861054726, 0.4593720220186913, 0.023194917171950324, 0.9003348935875783, 0.48605426363000037, 0.8766554309155232, 0.9707795110371336, 0.7916976145370777, 0.9715038388615338, 0.22720291007659876, 0.5468026524076611, 0.18558823436105965, 0.3130519510546631, 0.7328076665082797, 0.7212371209043436, 0.1759958561029661
4,17.0,32
0,1.0,4
5.64378423414,12.1124957806,17.9384214183
